1060.01	141.967
1060.14	144.905
1060.28	145.931
1060.41	145.9
1060.55	145.379
1060.68	144.736
1060.82	144.159
1060.95	143.758
1061.09	143.561
1061.22	143.569
1061.36	143.729
1061.49	143.994
1061.63	144.309
1061.76	144.649
1061.9	144.983
1062.03	145.294
1062.17	145.586
1062.3	145.865
1062.44	146.133
1062.57	146.384
1062.71	146.617
1062.84	146.82
1062.98	146.995
1063.11	147.127
1063.25	147.223
1063.38	147.286
1063.52	147.333
1063.65	147.374
1063.79	147.426
1063.92	147.471
1064.06	147.515
1064.19	147.557
1064.33	147.594
1064.46	147.622
1064.6	147.641
1064.73	147.647
1064.87	147.635
1065	147.606
1065.14	147.56
1065.27	147.5
1065.41	147.435
1065.54	147.366
1065.68	147.29
1065.81	147.207
1065.95	146.971
1066.08	146.857
1066.22	146.798
1066.35	146.742
1066.49	146.672
1066.62	146.581
1066.76	146.48
1066.89	146.376
1067.02	146.278
1067.16	146.186
1067.29	146.099
1067.43	146.008
1067.56	145.926
1067.7	145.857
1067.83	145.807
1067.97	145.786
1068.1	145.79
1068.24	145.83
1068.37	145.899
1068.51	146.005
1068.64	146.154
1068.78	146.336
1068.91	146.545
1069.05	146.775
1069.18	147.017
1069.31	147.274
1069.45	147.541
1069.58	147.807
1069.72	148.066
1069.85	148.316
1069.99	148.556
1070.12	148.782
1070.26	148.988
1070.39	149.182
1070.52	149.365
1070.66	149.549
1070.79	149.725
1070.93	149.903
1071.06	150.069
1071.2	150.219
1071.33	150.348
1071.47	150.447
1071.6	150.519
1071.73	150.58
1071.87	150.622
1072	150.623
1072.14	150.593
1072.27	150.524
1072.41	150.417
1072.54	150.3
1072.68	150.175
1072.81	150.056
1072.94	149.938
1073.08	149.839
1073.21	149.755
1073.35	149.69
1073.48	149.647
1073.61	149.594
1073.75	149.541
1073.88	149.485
1074.02	149.428
1074.15	149.379
1074.29	149.335
1074.42	149.302
1074.55	149.273
1074.69	149.269
1074.82	149.286
1074.96	149.327
1075.09	149.378
1075.23	149.437
1075.36	149.498
1075.49	149.576
1075.63	149.646
1075.76	149.71
1075.9	149.771
1076.03	149.822
1076.16	149.855
1076.3	149.872
1076.43	149.884
1076.57	149.895
1076.7	149.902
1076.83	149.913
1076.97	149.936
1077.1	149.96
1077.24	149.982
1077.37	150.012
1077.5	150.046
1077.64	150.093
1077.77	150.134
1077.91	150.175
1078.04	150.229
1078.17	150.269
1078.31	150.302
1078.44	150.318
1078.58	150.322
1078.71	150.325
1078.84	150.327
1078.98	150.312
1079.11	150.287
1079.24	150.243
1079.38	150.186
1079.51	150.117
1079.65	150.031
1079.78	149.95
1079.91	149.86
1080.05	149.773
1080.18	149.701
1080.32	149.632
1080.45	149.567
1080.58	149.515
1080.72	149.461
1080.85	149.408
1080.98	149.348
1081.12	149.282
1081.25	149.211
1081.39	149.121
1081.52	149.022
1081.65	148.902
1081.79	148.771
1081.92	148.652
1082.05	148.548
1082.19	148.475
1082.32	148.425
1082.45	148.416
1082.59	148.428
1082.72	148.469
1082.85	148.529
1082.99	148.615
1083.12	148.738
1083.26	148.906
1083.39	149.091
1083.52	149.274
1083.66	149.467
1083.79	149.665
1083.92	149.856
1084.06	150.051
1084.19	150.249
1084.32	150.448
1084.46	150.637
1084.59	150.832
1084.72	151.01
1084.86	151.165
1084.99	151.303
1085.12	151.389
1085.26	151.453
1085.39	151.482
1085.52	151.479
1085.66	151.453
1085.79	151.4
1085.92	151.317
1086.06	151.207
1086.19	151.089
1086.32	150.966
1086.46	150.836
1086.59	150.704
1086.72	150.571
1086.86	150.435
1086.99	150.297
1087.12	150.148
1087.26	150.014
1087.39	149.894
1087.52	149.779
1087.66	149.669
1087.79	149.574
1087.92	149.504
1088.06	149.449
1088.19	149.409
1088.32	149.387
1088.46	149.385
1088.59	149.395
1088.72	149.414
1088.79	149.412
1088.92	149.462
1089.06	149.531
1089.19	149.606
1089.33	149.698
1089.46	149.809
1089.59	149.906
1089.73	149.992
1089.86	150.066
1090	150.127
1090.13	150.19
1090.26	150.238
1090.4	150.259
1090.53	150.253
1090.67	150.203
1090.8	150.122
1090.93	150.008
1091.07	149.862
1091.2	149.705
1091.33	149.528
1091.47	149.338
1091.6	149.142
1091.73	148.934
1091.87	148.738
1092	148.569
1092.14	148.403
1092.27	148.26
1092.4	148.143
1092.54	148.054
1092.67	147.984
1092.8	147.935
1092.94	147.904
1093.07	147.878
1093.21	147.885
1093.34	147.925
1093.47	147.996
1093.61	148.092
1093.74	148.206
1093.87	148.338
1094.01	148.471
1094.14	148.603
1094.27	148.729
1094.41	148.879
1094.54	149.044
1094.67	149.199
1094.81	149.337
1094.94	149.465
1095.07	149.594
1095.21	149.726
1095.34	149.833
1095.47	149.936
1095.61	150.04
1095.74	150.142
1095.87	150.23
1096.01	150.301
1096.14	150.345
1096.28	150.374
1096.41	150.389
1096.54	150.379
1096.68	150.364
1096.81	150.322
1096.94	150.259
1097.08	150.182
1097.21	150.093
1097.34	149.989
1097.47	149.885
1097.61	149.779
1097.74	149.686
1097.88	149.596
1098.01	149.509
1098.14	149.421
1098.27	149.323
1098.41	149.232
1098.54	149.145
1098.67	149.07
1098.81	149
1098.94	148.923
1099.07	148.841
1099.21	148.764
1099.34	148.683
1099.47	148.599
1099.61	148.517
1099.74	148.435
1099.87	148.354
1100.01	148.261
1100.14	148.16
1100.27	148.058
1100.4	147.963
1100.54	147.871
1100.67	147.788
1100.8	147.723
1100.94	147.675
1101.07	147.633
1101.2	147.603
1101.34	147.594
1101.47	147.604
1101.6	147.628
1101.73	147.658
1101.87	147.697
1102	147.75
1102.13	147.809
1102.27	147.895
1102.4	148.002
1102.53	148.133
1102.67	148.296
1102.8	148.485
1102.93	148.697
1103.06	148.928
1103.2	149.169
1103.33	149.435
1103.46	149.723
1103.6	150.024
1103.73	150.345
1103.86	150.674
1103.99	151.004
1104.13	151.337
1104.26	151.683
1104.39	152.021
1104.53	152.355
1104.66	152.701
1104.79	153.044
1104.92	153.383
1105.06	153.718
1105.19	154.033
1105.32	154.328
1105.45	154.585
1105.59	154.799
1105.72	154.984
1105.85	155.143
1105.98	155.253
1106.12	155.31
1106.25	155.316
1106.38	155.283
1106.52	155.215
1106.65	155.111
1106.78	154.971
1106.91	154.816
1107.05	154.656
1107.18	154.483
1107.31	154.293
1107.44	154.087
1107.58	153.871
1107.71	153.656
1107.84	153.437
1107.97	153.215
1108.11	152.983
1108.24	152.734
1108.37	152.48
1108.5	152.223
1108.64	151.977
1108.77	151.728
1108.9	151.484
1109.03	151.248
1109.17	151.035
1109.3	150.826
1109.43	150.624
1109.56	150.438
1109.7	150.269
1109.83	150.127
1109.96	150.003
1110.09	149.9
1110.22	149.818
1110.36	149.741
1110.49	149.671
1110.62	149.6
1110.75	149.522
1110.89	149.455
1111.02	149.382
1111.15	149.299
1111.28	149.207
1111.42	149.09
1111.55	148.959
1111.68	148.816
1111.81	148.67
1111.94	148.518
1112.08	148.381
1112.21	148.267
1112.34	148.179
1112.47	148.104
1112.6	148.057
1112.74	148.041
1112.87	148.041
1113	148.045
1113.13	148.078
1113.27	148.132
1113.4	148.19
1113.53	148.269
1113.66	148.384
1113.79	148.523
1113.93	148.689
1114.06	148.877
1114.19	149.092
1114.32	149.321
1114.45	149.553
1114.59	149.78
1114.72	150.001
1114.85	150.224
1114.98	150.437
1115.11	150.631
1115.25	150.795
1115.38	150.922
1115.51	151.026
1115.64	151.118
1115.77	151.182
1115.91	151.23
1116.03	151.264
1116.16	151.283
1116.3	151.308
1116.43	151.335
1116.56	151.351
1116.7	151.364
1116.83	151.369
1116.96	151.374
1117.09	151.384
1117.23	151.396
1117.36	151.409
1117.49	151.431
1117.62	151.456
1117.76	151.485
1117.89	151.522
1118.02	151.573
1118.15	151.644
1118.29	151.744
1118.42	151.877
1118.55	152.037
1118.68	152.223
1118.82	152.424
1118.95	152.637
1119.08	152.857
1119.21	153.087
1119.35	153.32
1119.48	153.547
1119.61	153.763
1119.74	153.973
1119.88	154.186
1120.01	154.38
1120.14	154.524
1120.27	154.628
1120.41	154.694
1120.54	154.714
1120.67	154.684
1120.8	154.616
1120.94	154.514
1121.07	154.367
1121.2	154.182
1121.33	153.976
1121.46	153.743
1121.6	153.489
1121.73	153.214
1121.86	152.906
1121.99	152.57
1122.13	152.227
1122.26	151.88
1122.39	151.524
1122.52	151.165
1122.66	150.818
1122.79	150.457
1122.92	150.097
1123.05	149.753
1123.18	149.424
1123.32	149.133
1123.45	148.89
1123.58	148.696
1123.71	148.557
1123.84	148.448
1123.98	148.389
1124.11	148.38
1124.24	148.414
1124.37	148.488
1124.5	148.611
1124.64	148.756
1124.77	148.928
1124.9	149.151
1125.03	149.411
1125.16	149.689
1125.3	149.986
1125.43	150.298
1125.56	150.636
1125.69	150.999
1125.82	151.36
1125.96	151.71
1126.09	152.044
1126.22	152.363
1126.35	152.663
1126.48	152.93
1126.62	153.152
1126.75	153.329
1126.88	153.481
1127.01	153.628
1127.14	153.755
1127.28	153.858
1127.41	153.941
1127.54	154.002
1127.67	154.048
1127.8	154.071
1127.94	154.069
1128.07	154.041
1128.2	153.98
1128.33	153.899
1128.46	153.805
1128.59	153.7
1128.73	153.586
1128.86	153.466
1128.99	153.322
1129.12	153.173
1129.25	153.04
1129.38	152.916
1129.52	152.808
1129.65	152.723
1129.78	152.661
1129.91	152.616
1130.04	152.587
1130.17	152.571
1130.31	152.563
1130.44	152.556
1130.57	152.554
1130.7	152.554
1130.83	152.554
1130.96	152.555
1131.1	152.563
1131.23	152.578
1131.36	152.568
1131.49	152.522
1131.62	152.465
1131.75	152.395
1131.89	152.31
1132.02	152.217
1132.15	152.107
1132.28	151.977
1132.41	151.829
1132.54	151.684
1132.67	151.557
1132.81	151.44
1132.94	151.336
1133.07	151.236
1133.2	151.138
1133.33	151.064
1133.46	151.016
1133.59	150.985
1133.73	150.983
1133.86	151.018
1133.99	151.075
1134.12	151.116
1134.25	151.177
1134.38	151.262
1134.51	151.358
1134.64	151.472
1134.78	151.59
1134.91	151.718
1135.04	151.847
1135.17	151.956
1135.3	152.06
1135.43	152.162
1135.56	152.253
1135.69	152.311
1135.83	152.35
1135.96	152.364
1136.09	152.361
1136.22	152.345
1136.35	152.303
1136.48	152.23
1136.61	152.13
1136.74	152.015
1136.88	151.899
1137.01	151.786
1137.14	151.655
1137.27	151.514
1137.4	151.372
1137.53	151.22
1137.66	151.066
1137.79	150.9
1137.92	150.728
1138.06	150.564
1138.19	150.436
1138.32	150.347
1138.45	150.289
1138.58	150.262
1138.71	150.268
1138.84	150.3
1138.97	150.366
1139.1	150.471
1139.23	150.61
1139.37	150.768
1139.5	150.954
1139.63	151.16
1139.76	151.397
1139.89	151.641
1140.02	151.885
1140.15	152.12
1140.28	152.334
1140.41	152.541
1140.54	152.745
1140.67	152.906
1140.81	153.042
1140.94	153.151
1141.07	153.233
1141.2	153.285
1141.33	153.323
1141.46	153.352
1141.59	153.359
1141.72	153.329
1141.85	153.273
1141.98	153.191
1142.11	153.083
1142.24	152.95
1142.37	152.798
1142.51	152.624
1142.55	152.558
1142.68	152.35
1142.81	152.142
1142.94	151.937
1143.08	151.729
1143.21	151.516
1143.34	151.295
1143.47	151.075
1143.6	150.857
1143.73	150.655
1143.86	150.471
1144	150.303
1144.13	150.142
1144.26	149.987
1144.39	149.848
1144.52	149.731
1144.65	149.627
1144.78	149.544
1144.92	149.489
1145.05	149.455
1145.18	149.421
1145.31	149.378
1145.44	149.362
1145.57	149.354
1145.7	149.333
1145.83	149.315
1145.97	149.299
1146.1	149.288
1146.23	149.278
1146.36	149.254
1146.49	149.238
1146.62	149.227
1146.75	149.213
1146.88	149.191
1147.02	149.18
1147.15	149.173
1147.28	149.179
1147.41	149.194
1147.54	149.206
1147.67	149.214
1147.8	149.214
1147.93	149.215
1148.06	149.221
1148.19	149.239
1148.33	149.256
1148.46	149.289
1148.59	149.324
1148.72	149.357
1148.85	149.393
1148.98	149.424
1149.11	149.454
1149.24	149.489
1149.37	149.523
1149.51	149.563
1149.64	149.59
1149.77	149.601
1149.9	149.598
1150.03	149.576
1150.16	149.552
1150.29	149.533
1150.42	149.52
1150.55	149.507
1150.68	149.499
1150.81	149.49
1150.95	149.498
1151.08	149.504
1151.21	149.513
1151.34	149.536
1151.47	149.572
1151.6	149.622
1151.73	149.677
1151.86	149.719
1151.99	149.78
1152.12	149.852
1152.25	149.93
1152.38	150.019
1152.52	150.145
1152.65	150.301
1152.78	150.484
1152.91	150.679
1153.04	150.895
1153.17	151.132
1153.3	151.385
1153.43	151.647
1153.56	151.917
1153.69	152.182
1153.82	152.449
1153.95	152.714
1154.08	152.979
1154.21	153.244
1154.34	153.494
1154.48	153.717
1154.61	153.902
1154.74	154.042
1154.87	154.114
1155	154.146
1155.13	154.131
1155.26	154.067
1155.39	153.95
1155.52	153.787
1155.65	153.577
1155.78	153.334
1155.91	153.055
1156.04	152.746
1156.17	152.412
1156.3	152.064
1156.43	151.704
1156.56	151.336
1156.69	150.978
1156.82	150.619
1156.96	150.269
1157.09	149.95
1157.22	149.645
1157.35	149.367
1157.48	149.122
1157.61	148.897
1157.74	148.708
1157.87	148.557
1158	148.433
1158.13	148.353
1158.26	148.315
1158.39	148.321
1158.52	148.385
1158.65	148.485
1158.78	148.624
1158.91	148.798
1159.04	148.991
1159.17	149.205
1159.3	149.427
1159.43	149.663
1159.56	149.894
1159.69	150.124
1159.82	150.34
1159.95	150.55
1160.08	150.75
1160.21	150.925
1160.34	151.072
1160.47	151.19
1160.6	151.272
1160.73	151.326
1160.86	151.324
1160.99	151.275
1161.12	151.187
1161.25	151.046
1161.38	150.879
1161.51	150.689
1161.64	150.48
1161.77	150.256
1161.9	150.025
1162.03	149.793
1162.16	149.569
1162.29	149.343
1162.42	149.144
1162.55	148.981
1162.68	148.858
1162.81	148.769
1162.94	148.702
1163.07	148.679
1163.2	148.706
1163.33	148.762
1163.46	148.839
1163.59	148.942
1163.72	149.083
1163.85	149.254
1163.98	149.451
1164.11	149.666
1164.24	149.905
1164.37	150.17
1164.5	150.449
1164.63	150.738
1164.76	151.029
1164.89	151.315
1165.02	151.606
1165.15	151.911
1165.28	152.233
1165.41	152.561
1165.54	152.869
1165.67	153.149
1165.8	153.387
1165.93	153.587
1166.06	153.752
1166.19	153.913
1166.32	154.049
1166.45	154.159
1166.58	154.245
1166.71	154.305
1166.84	154.338
1166.97	154.346
1167.1	154.317
1167.23	154.257
1167.36	154.177
1167.49	154.076
1167.62	153.958
1167.75	153.821
1167.88	153.665
1168.01	153.505
1168.14	153.345
1168.27	153.18
1168.39	153.005
1168.49	152.879
1168.62	152.705
1168.75	152.521
1168.88	152.335
1169.01	152.146
1169.14	151.936
1169.27	151.718
1169.4	151.49
1169.53	151.26
1169.66	151.041
1169.79	150.823
1169.92	150.625
1170.05	150.438
1170.18	150.257
1170.31	150.088
1170.44	149.916
1170.57	149.758
1170.7	149.597
1170.83	149.441
1170.96	149.306
1171.09	149.206
1171.22	149.125
1171.35	149.062
1171.48	149.025
1171.61	149.025
1171.74	149.068
1171.87	149.156
1172	149.255
1172.13	149.367
1172.26	149.498
1172.39	149.632
1172.52	149.787
1172.65	149.953
1172.78	150.13
1172.91	150.329
1173.04	150.541
1173.17	150.759
1173.3	150.989
1173.43	151.223
1173.56	151.471
1173.69	151.731
1173.82	152
1173.95	152.27
1174.08	152.542
1174.21	152.82
1174.34	153.086
1174.47	153.326
1174.6	153.531
1174.73	153.714
1174.86	153.875
1174.99	154.018
1175.12	154.139
1175.25	154.243
1175.38	154.333
1175.51	154.418
1175.64	154.486
1175.77	154.548
1175.9	154.595
1176.03	154.631
1176.16	154.667
1176.29	154.701
1176.42	154.727
1176.55	154.729
1176.68	154.693
1176.81	154.624
1176.94	154.521
1177.07	154.408
1177.2	154.289
1177.33	154.162
1177.46	154.01
1177.59	153.845
1177.72	153.673
1177.85	153.501
1177.98	153.325
1178.11	153.135
1178.24	152.945
1178.37	152.769
1178.5	152.594
1178.63	152.42
1178.75	152.248
1178.88	152.081
1179.01	151.921
1179.14	151.784
1179.27	151.668
1179.4	151.575
1179.53	151.499
1179.66	151.443
1179.79	151.408
1179.92	151.385
1180.05	151.369
1180.18	151.36
1180.31	151.35
1180.44	151.345
1180.57	151.347
1180.7	151.349
1180.83	151.366
1180.96	151.393
1181.09	151.434
1181.22	151.481
1181.35	151.522
1181.48	151.558
1181.6	151.577
1181.73	151.597
1181.86	151.587
1181.99	151.568
1182.12	151.55
1182.25	151.535
1182.38	151.501
1182.51	151.479
1182.64	151.482
1182.77	151.51
1182.9	151.559
1183.03	151.604
1183.16	151.626
1183.29	151.648
1183.41	151.68
1183.54	151.71
1183.67	151.746
1183.8	151.777
1183.93	151.814
1184.06	151.856
1184.19	151.893
1184.32	151.94
1184.45	151.99
1184.58	152.035
1184.71	152.086
1184.84	152.137
1184.97	152.192
1185.09	152.256
1185.22	152.334
1185.35	152.402
1185.48	152.445
1185.61	152.469
1185.74	152.467
1185.87	152.446
1186	152.399
1186.13	152.341
1186.26	152.271
1186.39	152.198
1186.51	152.114
1186.64	152.018
1186.77	151.918
1186.9	151.826
1187.03	151.741
1187.16	151.652
1187.29	151.558
1187.42	151.46
1187.55	151.37
1187.68	151.281
1187.8	151.189
1187.93	151.103
1188.06	151.037
1188.19	150.993
1188.32	150.96
1188.45	150.932
1188.58	150.897
1188.71	150.866
1188.84	150.859
1188.96	150.868
1189.09	150.877
1189.22	150.895
1189.35	150.933
1189.48	150.971
1189.61	150.983
1189.74	150.991
1189.87	150.99
1189.99	150.987
1190.12	150.979
1190.25	150.962
1190.38	150.938
1190.51	150.915
1190.64	150.872
1190.77	150.798
1190.9	150.69
1191.02	150.54
1191.15	150.363
1191.28	150.184
1191.41	150.012
1191.54	149.829
1191.67	149.651
1191.8	149.488
1191.92	149.361
1192.05	149.262
1192.18	149.199
1192.31	149.169
1192.44	149.165
1192.57	149.171
1192.7	149.2
1192.83	149.252
1192.95	149.307
1193.08	149.389
1193.21	149.489
1193.34	149.617
1193.47	149.759
1193.6	149.947
1193.72	150.162
1193.85	150.383
1193.98	150.594
1194.11	150.805
1194.24	151.007
1194.37	151.205
1194.5	151.4
1194.62	151.586
1194.75	151.776
1194.88	151.96
1195.01	152.136
1195.14	152.29
1195.27	152.423
1195.4	152.545
1195.52	152.645
1195.54	152.663
1195.67	152.723
1195.8	152.754
1195.93	152.755
1196.06	152.737
1196.19	152.687
1196.32	152.581
1196.45	152.433
1196.58	152.247
1196.7	152.018
1196.83	151.752
1196.96	151.462
1197.09	151.163
1197.22	150.846
1197.35	150.531
1197.48	150.205
1197.61	149.882
1197.74	149.577
1197.87	149.292
1197.99	149.029
1198.12	148.758
1198.25	148.504
1198.38	148.274
1198.51	148.078
1198.64	147.908
1198.77	147.77
1198.9	147.674
1199.03	147.631
1199.15	147.615
1199.28	147.618
1199.41	147.645
1199.54	147.673
1199.67	147.726
1199.8	147.82
1199.93	147.927
1200.06	148.059
1200.19	148.22
1200.31	148.394
1200.44	148.57
1200.57	148.749
1200.7	148.955
1200.83	149.181
1200.96	149.441
1201.09	149.715
1201.22	149.991
1201.34	150.278
1201.47	150.577
1201.6	150.848
1201.73	151.088
1201.86	151.285
1201.99	151.44
1202.12	151.571
1202.24	151.685
1202.37	151.77
1202.5	151.811
1202.63	151.83
1202.76	151.823
1202.89	151.79
1203.02	151.739
1203.15	151.686
1203.27	151.621
1203.4	151.533
1203.53	151.422
1203.66	151.31
1203.79	151.188
1203.92	151.06
1204.04	150.949
1204.17	150.846
1204.3	150.773
1204.43	150.721
1204.56	150.702
1204.69	150.699
1204.82	150.71
1204.94	150.735
1205.07	150.784
1205.2	150.834
1205.33	150.891
1205.46	150.968
1205.59	151.063
1205.71	151.177
1205.84	151.297
1205.97	151.42
1206.1	151.534
1206.23	151.652
1206.36	151.779
1206.48	151.897
1206.61	151.994
1206.74	152.078
1206.87	152.155
1207	152.206
1207.13	152.241
1207.25	152.238
1207.38	152.195
1207.51	152.117
1207.64	152.004
1207.77	151.849
1207.9	151.651
1208.02	151.411
1208.15	151.13
1208.28	150.816
1208.41	150.498
1208.54	150.159
1208.67	149.818
1208.79	149.463
1208.92	149.116
1209.05	148.764
1209.18	148.407
1209.31	148.072
1209.43	147.755
1209.56	147.493
1209.69	147.281
1209.82	147.124
1209.95	147.018
1210.07	146.965
1210.2	146.958
1210.33	146.995
1210.46	147.082
1210.59	147.202
1210.71	147.367
1210.84	147.585
1210.97	147.843
1211.1	148.155
1211.23	148.505
1211.35	148.877
1211.48	149.26
1211.61	149.661
1211.74	150.073
1211.87	150.486
1211.99	150.89
1212.12	151.27
1212.25	151.63
1212.38	151.974
1212.51	152.295
1212.63	152.565
1212.76	152.778
1212.89	152.931
1213.02	153.036
1213.14	153.106
1213.27	153.14
1213.4	153.119
1213.53	153.044
1213.66	152.913
1213.78	152.72
1213.91	152.483
1214.04	152.219
1214.17	151.933
1214.29	151.619
1214.42	151.269
1214.55	150.902
1214.68	150.531
1214.81	150.153
1214.93	149.782
1215.06	149.421
1215.19	149.076
1215.32	148.772
1215.44	148.49
1215.57	148.231
1215.7	147.984
1215.83	147.759
1215.95	147.562
1216.08	147.402
1216.21	147.27
1216.34	147.162
1216.46	147.089
1216.59	147.055
1216.72	147.055
1216.85	147.072
1216.97	147.11
1217.1	147.153
1217.23	147.217
1217.36	147.295
1217.49	147.374
1217.61	147.458
1217.74	147.546
1217.87	147.649
1217.99	147.737
1218.12	147.841
1218.25	147.946
1218.38	148.059
1218.5	148.167
1218.63	148.262
1218.76	148.345
1218.89	148.419
1219.01	148.488
1219.14	148.547
1219.27	148.613
1219.4	148.68
1219.52	148.743
1219.65	148.817
1219.78	148.881
1219.91	148.939
1220.03	148.968
1220.16	149.002
1220.29	149.042
1220.41	149.074
1220.54	149.122
1220.67	149.169
1220.8	149.219
1220.92	149.262
1221.05	149.299
1221.18	149.337
1221.3	149.371
1221.34	149.37
1221.46	149.393
1221.59	149.418
1221.72	149.454
1221.85	149.502
1221.98	149.568
1222.1	149.647
1222.23	149.727
1222.36	149.817
1222.49	149.924
1222.62	150.027
1222.74	150.12
1222.87	150.203
1223	150.283
1223.13	150.36
1223.26	150.441
1223.38	150.514
1223.51	150.573
1223.64	150.627
1223.77	150.689
1223.89	150.771
1224.02	150.876
1224.15	150.989
1224.28	151.087
1224.41	151.174
1224.53	151.239
1224.66	151.277
1224.79	151.304
1224.92	151.309
1225.04	151.302
1225.17	151.264
1225.3	151.184
1225.43	151.074
1225.56	150.94
1225.68	150.779
1225.81	150.594
1225.94	150.389
1226.07	150.177
1226.19	149.965
1226.32	149.731
1226.45	149.469
1226.58	149.188
1226.7	148.902
1226.83	148.608
1226.96	148.321
1227.09	148.033
1227.21	147.761
1227.34	147.506
1227.47	147.278
1227.6	147.082
1227.72	146.907
1227.85	146.768
1227.98	146.663
1228.11	146.601
1228.23	146.578
1228.36	146.591
1228.49	146.647
1228.62	146.745
1228.74	146.892
1228.87	147.066
1229	147.288
1229.13	147.541
1229.25	147.828
1229.38	148.132
1229.51	148.445
1229.64	148.767
1229.76	149.095
1229.89	149.424
1230.02	149.741
1230.15	150.052
1230.27	150.358
1230.4	150.653
1230.53	150.944
1230.66	151.215
1230.78	151.457
1230.91	151.669
1231.04	151.868
1231.17	152.026
1231.29	152.136
1231.42	152.213
1231.55	152.259
1231.67	152.272
1231.8	152.239
1231.93	152.158
1232.06	152.045
1232.18	151.901
1232.31	151.722
1232.44	151.531
1232.56	151.322
1232.69	151.102
1232.82	150.874
1232.95	150.65
1233.07	150.43
1233.2	150.223
1233.33	150.041
1233.45	149.882
1233.58	149.754
1233.71	149.66
1233.84	149.595
1233.96	149.549
1234.09	149.518
1234.22	149.508
1234.34	149.517
1234.47	149.559
1234.6	149.641
1234.72	149.759
1234.85	149.918
1234.98	150.123
1235.11	150.352
1235.23	150.597
1235.36	150.87
1235.49	151.152
1235.61	151.443
1235.74	151.743
1235.87	152.052
1235.99	152.377
1236.12	152.677
1236.25	152.941
1236.37	153.193
1236.5	153.418
1236.63	153.595
1236.76	153.73
1236.88	153.836
1237.01	153.918
1237.14	153.979
1237.26	154.01
1237.39	154.012
1237.52	153.986
1237.64	153.936
1237.77	153.864
1237.9	153.779
1238.02	153.678
1238.15	153.568
1238.28	153.428
1238.4	153.28
1238.53	153.138
1238.66	152.987
1238.78	152.843
1238.91	152.695
1239.04	152.54
1239.16	152.394
1239.29	152.27
1239.42	152.168
1239.54	152.09
1239.67	152.025
1239.8	151.97
1239.92	151.938
1240.05	151.935
1240.18	151.973
1240.3	152.033
1240.43	152.101
1240.56	152.173
1240.68	152.256
1240.81	152.342
1240.94	152.428
1241.06	152.513
1241.19	152.613
1241.32	152.71
1241.44	152.813
1241.57	152.907
1241.7	152.978
1241.82	153.029
1241.95	153.072
1242.08	153.098
1242.2	153.099
1242.33	153.089
1242.45	153.063
1242.58	153.019
1242.71	152.951
1242.83	152.87
1242.96	152.777
1243.09	152.681
1243.21	152.57
1243.34	152.468
1243.47	152.358
1243.59	152.251
1243.72	152.143
1243.84	152.026
1243.97	151.909
1244.1	151.806
1244.22	151.723
1244.35	151.666
1244.48	151.639
1244.6	151.627
1244.73	151.623
1244.85	151.625
1244.98	151.644
1245.11	151.673
1245.23	151.705
1245.36	151.754
1245.49	151.815
1245.61	151.879
1245.74	151.958
1245.86	152.045
1245.99	152.13
1246.12	152.233
1246.24	152.36
1246.37	152.499
1246.5	152.66
1246.62	152.842
1246.75	153.055
1246.87	153.295
1247	153.531
1247.13	153.778
1247.25	154.031
1247.38	154.259
1247.5	154.455
1247.63	154.641
1247.66	154.682
1247.79	154.872
1247.91	155.05
1248.04	155.203
1248.17	155.326
1248.29	155.419
1248.42	155.492
1248.55	155.554
1248.67	155.595
1248.8	155.618
1248.93	155.622
1249.05	155.601
1249.18	155.578
1249.31	155.554
1249.43	155.506
1249.56	155.449
1249.69	155.375
1249.82	155.291
1249.94	155.214
1250.07	155.143
1250.2	155.062
1250.32	154.967
1250.45	154.855
1250.58	154.732
1250.7	154.619
1250.83	154.526
1250.96	154.452
1251.08	154.38
1251.21	154.303
1251.33	154.228
1251.46	154.164
1251.59	154.115
1251.71	154.076
1251.84	154.057
1251.97	154.073
1252.09	154.085
1252.22	154.107
1252.35	154.131
1252.47	154.163
1252.6	154.204
1252.73	154.26
1252.85	154.312
1252.98	154.357
1253.11	154.4
1253.23	154.439
1253.36	154.464
1253.49	154.478
1253.61	154.485
1253.74	154.478
1253.86	154.463
1253.99	154.428
1254.12	154.39
1254.24	154.338
1254.37	154.279
1254.5	154.207
1254.62	154.12
1254.75	154.044
1254.88	153.986
1255	153.941
1255.13	153.914
1255.25	153.91
1255.38	153.932
1255.51	153.976
1255.63	154.042
1255.76	154.133
1255.89	154.238
1256.01	154.357
1256.14	154.493
1256.26	154.635
1256.39	154.782
1256.52	154.926
1256.64	155.054
1256.77	155.174
1256.89	155.296
1257.02	155.413
1257.15	155.518
1257.27	155.614
1257.4	155.694
1257.53	155.756
1257.65	155.809
1257.78	155.839
1257.9	155.853
1258.03	155.842
1258.16	155.819
1258.28	155.794
1258.41	155.776
1258.53	155.782
1258.66	155.798
1258.79	155.828
1258.91	155.851
1259.04	155.871
1259.16	155.901
1259.29	155.952
1259.42	156.02
1259.54	156.098
1259.67	156.192
1259.79	156.301
1259.92	156.433
1260.05	156.591
1260.17	156.785
1260.3	156.99
1260.42	157.232
1260.55	157.497
1260.67	157.78
1260.8	158.07
1260.93	158.356
1261.05	158.632
1261.18	158.892
1261.3	159.135
1261.43	159.347
1261.56	159.54
1261.68	159.709
1261.81	159.843
1261.93	159.923
1262.06	159.948
1262.18	159.922
1262.31	159.85
1262.44	159.727
1262.56	159.535
1262.69	159.285
1262.81	158.981
1262.94	158.613
1263.06	158.207
1263.19	157.769
1263.32	157.312
1263.44	156.847
1263.57	156.38
1263.69	155.922
1263.82	155.494
1263.94	155.082
1264.07	154.694
1264.2	154.343
1264.32	154.037
1264.45	153.793
1264.57	153.602
1264.7	153.466
1264.82	153.385
1264.95	153.365
1265.07	153.402
1265.2	153.507
1265.33	153.664
1265.45	153.874
1265.58	154.136
1265.7	154.444
1265.83	154.785
1265.95	155.149
1266.08	155.53
1266.2	155.912
1266.33	156.28
1266.45	156.636
1266.58	156.974
1266.71	157.28
1266.83	157.549
1266.96	157.77
1267.08	157.953
1267.21	158.097
1267.33	158.181
1267.46	158.21
1267.58	158.189
1267.71	158.122
1267.83	158.017
1267.96	157.879
1268.08	157.715
1268.21	157.518
1268.33	157.296
1268.46	157.056
1268.59	156.803
1268.71	156.547
1268.84	156.296
1268.96	156.055
1269.09	155.831
1269.21	155.637
1269.34	155.481
1269.46	155.35
1269.59	155.246
1269.71	155.151
1269.84	155.084
1269.96	155.049
1270.09	155.047
1270.21	155.069
1270.34	155.109
1270.46	155.163
1270.59	155.255
1270.71	155.374
1270.84	155.521
1270.96	155.706
1271.09	155.896
1271.21	156.097
1271.34	156.303
1271.46	156.503
1271.59	156.677
1271.71	156.841
1271.84	156.983
1271.96	157.114
1272.09	157.22
1272.21	157.294
1272.34	157.349
1272.46	157.389
1272.59	157.414
1272.71	157.421
1272.84	157.417
1272.96	157.41
1273.09	157.388
1273.21	157.343
1273.34	157.273
1273.46	157.188
1273.59	157.078
1273.71	156.954
1273.84	156.834
1273.96	156.728
1274.08	156.648
1274.2	156.589
1274.33	156.565
1274.46	156.58
1274.58	156.62
1274.71	156.674
1274.83	156.753
1274.96	156.842
1275.08	156.937
1275.21	157.035
1275.33	157.129
1275.46	157.228
1275.59	157.327
1275.71	157.421
1275.84	157.512
1275.96	157.601
1276.09	157.669
1276.21	157.727
1276.34	157.77
1276.46	157.804
1276.59	157.811
1276.72	157.793
1276.84	157.761
1276.97	157.72
1277.09	157.68
1277.22	157.646
1277.34	157.614
1277.47	157.573
1277.59	157.538
1277.72	157.51
1277.84	157.504
1277.97	157.501
1278.09	157.484
1278.22	157.466
1278.35	157.432
1278.47	157.383
1278.6	157.327
1278.72	157.276
1278.85	157.238
1278.97	157.2
1279.1	157.171
1279.22	157.157
1279.35	157.169
1279.47	157.209
1279.6	157.265
1279.72	157.337
1279.85	157.446
1279.97	157.585
1280.1	157.74
1280.22	157.911
1280.35	158.092
1280.48	158.266
1280.6	158.434
1280.72	158.592
1280.85	158.753
1280.98	158.908
1281.1	159.047
1281.23	159.171
1281.35	159.297
1281.48	159.416
1281.6	159.533
1281.73	159.653
1281.85	159.75
1281.98	159.827
1282.1	159.89
1282.23	159.926
1282.35	159.93
1282.48	159.919
1282.6	159.886
1282.73	159.849
1282.85	159.792
1282.98	159.717
1283.1	159.647
1283.23	159.584
1283.35	159.523
1283.48	159.473
1283.6	159.433
1283.73	159.402
1283.85	159.357
1283.98	159.312
1284.1	159.269
1284.23	159.211
1284.35	159.136
1284.48	159.066
1284.6	159.008
1284.73	158.951
1284.85	158.89
1284.98	158.834
1285.1	158.794
1285.22	158.757
1285.35	158.725
1285.47	158.696
1285.6	158.656
1285.72	158.604
1285.85	158.542
1285.97	158.489
1286.1	158.462
1286.22	158.458
1286.35	158.477
1286.47	158.52
1286.6	158.59
1286.72	158.681
1286.85	158.773
1286.97	158.875
1287.1	158.967
1287.22	159.055
1287.35	159.134
1287.47	159.213
1287.59	159.299
1287.72	159.394
1287.84	159.497
1287.97	159.615
1288.09	159.735
1288.22	159.861
1288.34	160.018
1288.47	160.185
1288.59	160.363
1288.72	160.551
1288.84	160.734
1288.96	160.923
1289.09	161.089
1289.21	161.234
1289.34	161.376
1289.46	161.522
1289.59	161.662
1289.71	161.756
1289.84	161.842
1289.96	161.924
1290.09	161.992
1290.21	162.049
1290.33	162.083
1290.46	162.093
1290.58	162.093
1290.71	162.073
1290.83	162.038
1290.96	161.986
1291.08	161.906
1291.2	161.795
1291.33	161.653
1291.45	161.483
1291.58	161.304
1291.7	161.108
1291.83	160.876
1291.95	160.612
1292.08	160.346
1292.2	160.077
1292.32	159.81
1292.45	159.548
1292.57	159.275
1292.7	159.004
1292.82	158.729
1292.95	158.445
1293.07	158.159
1293.19	157.882
1293.32	157.61
1293.44	157.351
1293.57	157.106
1293.69	156.89
1293.81	156.699
1293.94	156.528
1294.06	156.374
1294.19	156.249
1294.31	156.141
1294.44	156.038
1294.56	155.939
1294.68	155.869
1294.81	155.827
1294.93	155.811
1295.06	155.827
1295.18	155.872
1295.3	155.927
1295.43	155.996
1295.55	156.077
1295.68	156.173
1295.8	156.284
1295.92	156.4
1296.05	156.514
1296.17	156.613
1296.3	156.694
1296.42	156.764
1296.54	156.824
1296.67	156.886
1296.79	156.959
1296.92	157.044
1297.04	157.145
1297.16	157.264
1297.29	157.395
1297.41	157.519
1297.54	157.633
1297.66	157.747
1297.78	157.843
1297.91	157.938
1298.03	158.018
1298.16	158.077
1298.28	158.127
1298.4	158.162
1298.53	158.184
1298.65	158.186
1298.77	158.163
1298.9	158.12
1299.02	158.068
1299.15	157.99
1299.27	157.892
1299.39	157.78
1299.52	157.63
1299.64	157.465
1299.76	157.274
1299.89	157.082
1299.97	156.963
1300.09	156.77
1300.22	156.562
1300.34	156.336
1300.46	156.146
1300.59	155.974
1300.71	155.81
1300.84	155.654
1300.96	155.499
1301.09	155.356
1301.21	155.231
1301.34	155.127
1301.46	155.049
1301.58	154.991
1301.71	154.951
1301.83	154.928
1301.96	154.925
1302.08	154.941
1302.21	154.999
1302.33	155.084
1302.45	155.183
1302.58	155.312
1302.7	155.48
1302.83	155.685
1302.95	155.921
1303.08	156.181
1303.2	156.452
1303.32	156.741
1303.45	157.032
1303.57	157.31
1303.7	157.585
1303.82	157.847
1303.94	158.087
1304.07	158.309
1304.19	158.506
1304.32	158.679
1304.44	158.818
1304.57	158.925
1304.69	158.994
1304.81	159.015
1304.94	158.986
1305.06	158.905
1305.19	158.794
1305.31	158.67
1305.43	158.529
1305.56	158.37
1305.68	158.195
1305.81	158.004
1305.93	157.8
1306.05	157.612
1306.18	157.421
1306.3	157.228
1306.43	157.042
1306.55	156.869
1306.67	156.709
1306.8	156.571
1306.92	156.45
1307.05	156.345
1307.17	156.25
1307.29	156.172
1307.42	156.124
1307.54	156.098
1307.67	156.098
1307.79	156.108
1307.91	156.123
1308.04	156.14
1308.16	156.177
1308.29	156.233
1308.41	156.291
1308.53	156.362
1308.66	156.434
1308.78	156.513
1308.9	156.6
1309.03	156.682
1309.15	156.768
1309.28	156.849
1309.4	156.93
1309.52	157.002
1309.65	157.067
1309.77	157.109
1309.9	157.129
1310.02	157.11
1310.14	157.042
1310.27	156.953
1310.39	156.823
1310.51	156.658
1310.64	156.46
1310.76	156.234
1310.88	155.994
1311.01	155.747
1311.13	155.499
1311.26	155.245
1311.38	154.994
1311.5	154.751
1311.63	154.513
1311.75	154.304
1311.87	154.125
1312	153.98
1312.12	153.857
1312.24	153.743
1312.37	153.644
1312.49	153.558
1312.61	153.495
1312.74	153.454
1312.86	153.448
1312.99	153.467
1313.11	153.505
1313.23	153.566
1313.36	153.649
1313.48	153.753
1313.6	153.873
1313.73	154.002
1313.85	154.146
1313.97	154.31
1314.1	154.486
1314.22	154.668
1314.34	154.853
1314.47	155.034
1314.59	155.195
1314.71	155.346
1314.84	155.476
1314.96	155.595
1315.08	155.703
1315.21	155.8
1315.33	155.879
1315.45	155.935
1315.58	155.981
1315.7	156.015
1315.82	156.042
1315.95	156.06
1316.07	156.064
1316.19	156.049
1316.32	156.029
1316.44	156.002
1316.56	155.974
1316.69	155.951
1316.81	155.903
1316.93	155.849
1317.06	155.81
1317.18	155.8
1317.3	155.827
1317.43	155.885
1317.55	155.966
1317.67	156.069
1317.79	156.188
1317.92	156.331
1318.04	156.505
1318.16	156.702
1318.29	156.915
1318.41	157.123
1318.53	157.329
1318.66	157.53
1318.78	157.725
1318.9	157.9
1319.03	158.053
1319.15	158.183
1319.27	158.284
1319.4	158.365
1319.52	158.419
1319.64	158.454
1319.76	158.469
1319.89	158.46
1320.01	158.434
1320.13	158.391
1320.26	158.332
1320.38	158.27
1320.5	158.198
1320.63	158.107
1320.75	158.004
1320.87	157.897
1320.99	157.765
1321.12	157.63
1321.24	157.502
1321.36	157.369
1321.48	157.251
1321.61	157.136
1321.73	157.02
1321.85	156.92
1321.98	156.83
1322.1	156.755
1322.22	156.706
1322.35	156.699
1322.47	156.723
1322.59	156.769
1322.71	156.812
1322.84	156.865
1322.96	156.948
1323.08	157.046
1323.2	157.15
1323.33	157.258
1323.45	157.366
1323.57	157.472
1323.7	157.565
1323.82	157.65
1323.94	157.714
1324.06	157.759
1324.19	157.781
1324.31	157.77
1324.43	157.746
1324.55	157.718
1324.68	157.686
1324.8	157.643
1324.92	157.572
1325.04	157.47
1325.14	157.377
1325.27	157.251
1325.39	157.104
1325.51	156.953
1325.64	156.807
1325.76	156.687
1325.88	156.594
1326.01	156.531
1326.13	156.496
1326.25	156.489
1326.38	156.505
1326.5	156.544
1326.62	156.605
1326.75	156.686
1326.87	156.8
1326.99	156.934
1327.12	157.081
1327.24	157.226
1327.36	157.361
1327.49	157.508
1327.61	157.661
1327.73	157.822
1327.86	157.977
1327.98	158.121
1328.1	158.255
1328.22	158.379
1328.35	158.482
1328.47	158.587
1328.59	158.685
1328.72	158.781
1328.84	158.853
1328.96	158.896
1329.09	158.92
1329.21	158.919
1329.33	158.89
1329.46	158.843
1329.58	158.77
1329.7	158.682
1329.82	158.578
1329.95	158.478
1330.07	158.376
1330.19	158.271
1330.32	158.161
1330.44	158.057
1330.56	157.973
1330.69	157.913
1330.81	157.875
1330.93	157.866
1331.05	157.872
1331.18	157.899
1331.3	157.95
1331.42	158.023
1331.55	158.116
1331.67	158.236
1331.79	158.374
1331.91	158.517
1332.04	158.673
1332.16	158.831
1332.28	158.977
1332.41	159.121
1332.53	159.242
1332.65	159.365
1332.77	159.487
1332.9	159.593
1333.02	159.674
1333.14	159.733
1333.27	159.763
1333.39	159.783
1333.51	159.797
1333.63	159.785
1333.76	159.748
1333.88	159.682
1334	159.585
1334.13	159.469
1334.25	159.33
1334.37	159.18
1334.49	159.003
1334.62	158.802
1334.74	158.58
1334.86	158.33
1334.98	158.075
1335.11	157.825
1335.23	157.568
1335.35	157.293
1335.47	156.988
1335.6	156.676
1335.72	156.37
1335.84	156.06
1335.96	155.738
1336.09	155.422
1336.21	155.122
1336.33	154.856
1336.45	154.626
1336.58	154.427
1336.7	154.235
1336.82	154.067
1336.95	153.933
1337.07	153.826
1337.19	153.746
1337.31	153.703
1337.43	153.706
1337.56	153.734
1337.68	153.78
1337.8	153.842
1337.92	153.935
1338.05	154.052
1338.17	154.18
1338.29	154.312
1338.41	154.438
1338.54	154.577
1338.66	154.741
1338.78	154.927
1338.9	155.129
1339.03	155.365
1339.15	155.613
1339.27	155.886
1339.39	156.152
1339.52	156.425
1339.64	156.694
1339.76	156.955
1339.88	157.204
1340	157.437
1340.13	157.64
1340.25	157.826
1340.37	157.971
1340.49	158.093
1340.62	158.174
1340.74	158.215
1340.86	158.215
1340.98	158.183
1341.1	158.119
1341.23	158.025
1341.35	157.894
1341.47	157.736
1341.59	157.55
1341.71	157.352
1341.84	157.141
1341.96	156.936
1342.08	156.744
1342.2	156.559
1342.33	156.387
1342.45	156.228
1342.57	156.097
1342.69	155.987
1342.81	155.906
1342.94	155.848
1343.06	155.811
1343.18	155.81
1343.3	155.826
1343.42	155.853
1343.55	155.912
1343.67	155.998
1343.79	156.103
1343.91	156.243
1344.03	156.424
1344.16	156.64
1344.28	156.873
1344.4	157.105
1344.52	157.344
1344.64	157.613
1344.77	157.906
1344.89	158.231
1345.01	158.578
1345.13	158.93
1345.25	159.289
1345.37	159.639
1345.5	159.985
1345.62	160.314
1345.74	160.609
1345.86	160.868
1345.98	161.095
1346.11	161.296
1346.23	161.462
1346.35	161.577
1346.47	161.644
1346.59	161.657
1346.71	161.63
1346.84	161.573
1346.96	161.479
1347.08	161.326
1347.2	161.118
1347.32	160.901
1347.45	160.684
1347.57	160.44
1347.69	160.195
1347.81	159.965
1347.93	159.743
1348.05	159.521
1348.18	159.319
1348.3	159.145
1348.42	159
1348.54	158.87
1348.66	158.749
1348.78	158.625
1348.9	158.493
1349.03	158.377
1349.15	158.293
1349.27	158.23
1349.39	158.187
1349.51	158.159
1349.63	158.154
1349.76	158.167
1349.88	158.184
1350	158.218
1350.12	158.257
1350.24	158.307
1350.36	158.369
1350.48	158.448
1350.61	158.537
1350.61	158.53
1350.73	158.626
1350.85	158.733
1350.98	158.834
1351.1	158.929
1351.22	159.022
1351.34	159.121
1351.47	159.212
1351.59	159.304
1351.71	159.396
1351.83	159.48
1351.95	159.553
1352.08	159.623
1352.2	159.683
1352.32	159.75
1352.44	159.808
1352.56	159.859
1352.69	159.91
1352.81	159.97
1352.93	160.048
1353.05	160.136
1353.17	160.243
1353.3	160.344
1353.42	160.452
1353.54	160.556
1353.66	160.648
1353.78	160.733
1353.91	160.819
1354.03	160.886
1354.15	160.946
1354.27	161.016
1354.39	161.077
1354.52	161.101
1354.64	161.071
1354.76	160.988
1354.88	160.869
1355	160.74
1355.13	160.59
1355.25	160.435
1355.37	160.275
1355.49	160.096
1355.61	159.912
1355.73	159.714
1355.86	159.506
1355.98	159.321
1356.1	159.145
1356.22	158.985
1356.34	158.844
1356.47	158.721
1356.59	158.616
1356.71	158.523
1356.83	158.439
1356.95	158.37
1357.07	158.321
1357.2	158.283
1357.32	158.245
1357.44	158.194
1357.56	158.156
1357.68	158.133
1357.8	158.112
1357.93	158.074
1358.05	158.034
1358.17	157.988
1358.29	157.918
1358.41	157.834
1358.53	157.751
1358.66	157.653
1358.78	157.546
1358.9	157.421
1359.02	157.269
1359.14	157.089
1359.26	156.889
1359.39	156.69
1359.51	156.491
1359.63	156.277
1359.75	156.057
1359.87	155.828
1359.99	155.598
1360.11	155.367
1360.24	155.149
1360.36	154.949
1360.48	154.773
1360.6	154.624
1360.72	154.52
1360.84	154.461
1360.96	154.436
1361.09	154.436
1361.21	154.459
1361.33	154.507
1361.45	154.562
1361.57	154.64
1361.69	154.752
1361.81	154.889
1361.94	155.049
1362.06	155.239
1362.18	155.457
1362.3	155.685
1362.42	155.924
1362.54	156.174
1362.66	156.429
1362.78	156.682
1362.91	156.92
1363.03	157.139
1363.15	157.339
1363.27	157.53
1363.39	157.696
1363.51	157.835
1363.63	157.954
1363.76	158.051
1363.88	158.131
1364	158.181
1364.12	158.217
1364.24	158.248
1364.36	158.276
1364.48	158.301
1364.6	158.342
1364.72	158.397
1364.85	158.443
1364.97	158.486
1365.09	158.522
1365.21	158.553
1365.33	158.575
1365.45	158.6
1365.57	158.623
1365.69	158.66
1365.81	158.687
1365.94	158.716
1366.06	158.752
1366.18	158.78
1366.3	158.809
1366.42	158.845
1366.54	158.881
1366.66	158.908
1366.78	158.925
1366.9	158.933
1367.02	158.936
1367.15	158.917
1367.27	158.882
1367.39	158.834
1367.51	158.776
1367.63	158.703
1367.75	158.626
1367.87	158.54
1367.99	158.458
1368.11	158.364
1368.23	158.274
1368.35	158.18
1368.48	158.073
1368.6	157.965
1368.72	157.86
1368.84	157.766
1368.96	157.683
1369.08	157.605
1369.2	157.538
1369.32	157.474
1369.44	157.411
1369.56	157.37
1369.68	157.36
1369.8	157.368
1369.92	157.386
1370.05	157.403
1370.17	157.425
1370.29	157.434
1370.41	157.444
1370.53	157.463
1370.65	157.503
1370.77	157.556
1370.89	157.631
1371.01	157.729
1371.13	157.858
1371.25	157.987
1371.37	158.119
1371.49	158.252
1371.61	158.382
1371.73	158.51
1371.86	158.631
1371.98	158.755
1372.1	158.882
1372.22	158.994
1372.34	159.093
1372.46	159.19
1372.58	159.283
1372.7	159.348
1372.82	159.398
1372.94	159.431
1373.06	159.455
1373.18	159.458
1373.3	159.423
1373.42	159.351
1373.54	159.25
1373.66	159.126
1373.78	158.953
1373.9	158.741
1374.02	158.495
1374.15	158.226
1374.27	157.928
1374.39	157.606
1374.51	157.272
1374.55	157.13
1374.68	156.779
1374.8	156.43
1374.92	156.087
1375.04	155.748
1375.16	155.414
1375.28	155.095
1375.4	154.785
1375.52	154.497
1375.65	154.236
1375.77	154.018
1375.89	153.857
1376.01	153.749
1376.13	153.679
1376.25	153.674
1376.37	153.725
1376.49	153.824
1376.61	153.983
1376.73	154.192
1376.86	154.451
1376.98	154.747
1377.1	155.086
1377.22	155.468
1377.34	155.895
1377.46	156.334
1377.58	156.784
1377.7	157.238
1377.82	157.686
1377.94	158.114
1378.06	158.519
1378.19	158.898
1378.31	159.229
1378.43	159.502
1378.55	159.719
1378.67	159.867
1378.79	159.94
1378.91	159.945
1379.03	159.896
1379.15	159.784
1379.27	159.612
1379.39	159.369
1379.52	159.061
1379.64	158.693
1379.76	158.287
1379.88	157.889
1380	157.464
1380.12	157.028
1380.24	156.589
1380.36	156.148
1380.48	155.709
1380.6	155.264
1380.72	154.843
1380.84	154.459
1380.96	154.116
1381.08	153.81
1381.21	153.557
1381.33	153.357
1381.45	153.219
1381.57	153.119
1381.69	153.076
1381.81	153.085
1381.93	153.141
1382.05	153.251
1382.17	153.396
1382.29	153.573
1382.41	153.776
1382.53	154.003
1382.65	154.254
1382.77	154.53
1382.89	154.81
1383.01	155.087
1383.14	155.368
1383.26	155.625
1383.38	155.874
1383.5	156.101
1383.62	156.305
1383.74	156.49
1383.86	156.656
1383.98	156.8
1384.1	156.887
1384.22	156.949
1384.34	156.979
1384.46	156.981
1384.58	156.954
1384.7	156.905
1384.82	156.849
1384.94	156.776
1385.06	156.701
1385.18	156.627
1385.3	156.543
1385.42	156.458
1385.54	156.38
1385.66	156.304
1385.78	156.225
1385.91	156.156
1386.03	156.092
1386.15	156.039
1386.27	156.01
1386.39	155.998
1386.51	155.997
1386.63	156.014
1386.75	156.042
1386.87	156.079
1386.99	156.128
1387.11	156.175
1387.23	156.227
1387.35	156.292
1387.47	156.382
1387.59	156.501
1387.71	156.638
1387.83	156.787
1387.95	156.959
1388.07	157.145
1388.19	157.331
1388.31	157.52
1388.43	157.72
1388.55	157.921
1388.67	158.106
1388.79	158.272
1388.91	158.415
1389.03	158.538
1389.15	158.638
1389.27	158.707
1389.39	158.759
1389.51	158.781
1389.63	158.768
1389.75	158.725
1389.87	158.662
1389.99	158.578
1390.11	158.48
1390.23	158.371
1390.35	158.239
1390.47	158.099
1390.59	157.955
1390.71	157.792
1390.83	157.618
1390.95	157.424
1391.07	157.222
1391.19	157.016
1391.31	156.8
1391.43	156.571
1391.55	156.343
1391.67	156.123
1391.79	155.905
1391.91	155.702
1392.03	155.5
1392.15	155.329
1392.27	155.18
1392.39	155.048
1392.51	154.925
1392.63	154.828
1392.75	154.766
1392.87	154.76
1392.99	154.783
1393.11	154.841
1393.23	154.92
1393.35	155.035
1393.47	155.175
1393.59	155.331
1393.71	155.528
1393.83	155.768
1393.94	156.04
1394.06	156.343
1394.18	156.661
1394.3	156.979
1394.42	157.301
1394.54	157.628
1394.66	157.941
1394.78	158.236
1394.9	158.519
1395.02	158.792
1395.14	159.052
1395.26	159.272
1395.38	159.477
1395.5	159.665
1395.62	159.833
1395.74	160.001
1395.86	160.147
1395.98	160.257
1396.1	160.329
1396.22	160.37
1396.34	160.371
1396.46	160.341
1396.58	160.288
1396.7	160.208
1396.82	160.1
1396.93	159.962
1397.05	159.793
1397.17	159.598
1397.29	159.378
1397.41	159.127
1397.53	158.849
1397.65	158.562
1397.77	158.272
1397.89	157.971
1398.01	157.67
1398.13	157.374
1398.25	157.095
1398.37	156.839
1398.49	156.603
1398.61	156.401
1398.73	156.234
1398.85	156.113
1398.96	156.036
1399.08	156
1399.2	155.996
1399.32	156.037
1399.44	156.12
1399.56	156.226
1399.68	156.364
1399.8	156.526
1399.92	156.701
1400.04	156.909
1400.16	157.127
1400.28	157.327
1400.4	157.528
1400.52	157.722
1400.64	157.898
1400.76	158.056
1400.88	158.189
1401	158.291
1401.12	158.382
1401.24	158.452
1401.36	158.495
1401.48	158.517
1401.6	158.507
1401.72	158.465
1401.84	158.405
1401.96	158.313
1402.08	158.187
1402.2	158.048
1402.32	157.866
1402.44	157.683
1402.56	157.474
1402.67	157.259
1402.79	157.049
1402.91	156.845
1403.03	156.657
1403.15	156.491
1403.27	156.31
1403.39	156.127
1403.51	155.949
1403.63	155.791
1403.75	155.654
1403.87	155.548
1403.99	155.487
1404.11	155.46
1404.23	155.45
1404.35	155.475
1404.47	155.517
1404.59	155.573
1404.71	155.643
1404.83	155.719
1404.95	155.81
1405.07	155.903
1405.19	155.981
1405.31	156.042
1405.43	156.082
1405.55	156.089
1405.67	156.092
1405.79	156.088
1405.91	156.074
1406.03	156.056
1406.15	156.007
1406.26	155.924
1406.38	155.819
1406.5	155.697
1406.62	155.539
1406.74	155.355
1406.86	155.15
1406.98	154.928
1407.1	154.703
1407.22	154.467
1407.34	154.223
1407.46	153.991
1407.58	153.777
1407.7	153.593
1407.82	153.43
1407.94	153.304
1408.06	153.198
1408.18	153.12
1408.3	153.076
1408.42	153.045
1408.53	153.043
1408.65	153.069
1408.77	153.108
1408.89	153.162
1409.01	153.242
1409.13	153.355
1409.25	153.494
1409.37	153.652
1409.49	153.821
1409.61	154.029
1409.73	154.269
1409.85	154.522
1409.97	154.801
1410.09	155.092
1410.2	155.392
1410.32	155.719
1410.44	156.044
1410.56	156.364
1410.68	156.697
1410.8	157.02
1410.92	157.331
1411.04	157.621
1411.16	157.896
1411.28	158.151
1411.4	158.404
1411.52	158.646
1411.64	158.867
1411.75	159.078
1411.87	159.263
1411.99	159.432
1412.11	159.584
1412.23	159.697
1412.35	159.769
1412.47	159.819
1412.59	159.827
1412.71	159.824
1412.83	159.811
1412.94	159.801
1413.06	159.789
1413.18	159.764
1413.3	159.735
1413.42	159.694
1413.54	159.621
1413.66	159.534
1413.78	159.439
1413.9	159.35
1414.02	159.267
1414.14	159.197
1414.25	159.129
1414.37	159.05
1414.49	158.979
1414.61	158.944
1414.73	158.919
1414.85	158.907
1414.97	158.901
1415.09	158.934
1415.21	158.996
1415.32	159.058
1415.44	159.106
1415.56	159.148
1415.68	159.197
1415.8	159.254
1415.92	159.326
1416.04	159.388
1416.16	159.449
1416.27	159.51
1416.39	159.563
1416.51	159.611
1416.63	159.663
1416.75	159.704
1416.87	159.718
1416.99	159.713
1417.11	159.685
1417.22	159.636
1417.34	159.573
1417.46	159.483
1417.58	159.376
1417.7	159.267
1417.82	159.168
1417.94	159.085
1418.05	158.989
1418.17	158.884
1418.29	158.77
1418.41	158.678
1418.53	158.601
1418.65	158.517
1418.77	158.435
1418.89	158.369
1419	158.317
1419.12	158.285
1419.24	158.266
1419.36	158.255
1419.48	158.254
1419.6	158.268
1419.72	158.295
1419.83	158.344
1419.95	158.399
1420.07	158.459
1420.19	158.509
1420.31	158.548
1420.43	158.576
1420.54	158.601
1420.66	158.616
1420.78	158.619
1420.9	158.608
1421.02	158.567
1421.14	158.518
1421.26	158.445
1421.37	158.356
1421.49	158.238
1421.61	158.112
1421.73	157.981
1421.85	157.845
1421.97	157.703
1422.08	157.539
1422.2	157.368
1422.32	157.188
1422.44	156.988
1422.56	156.773
1422.67	156.566
1422.79	156.367
1422.91	156.188
1423.03	156.024
1423.15	155.869
1423.27	155.734
1423.39	155.616
1423.5	155.523
1423.62	155.453
1423.74	155.397
1423.74	155.391
1423.86	155.371
1423.98	155.381
1424.1	155.404
1424.22	155.443
1424.34	155.477
1424.46	155.517
1424.58	155.579
1424.69	155.665
1424.81	155.755
1424.93	155.857
1425.05	155.979
1425.17	156.132
1425.29	156.283
1425.41	156.419
1425.53	156.538
1425.65	156.657
1425.76	156.791
1425.88	156.923
1426	157.043
1426.12	157.145
1426.24	157.246
1426.36	157.355
1426.48	157.47
1426.6	157.588
1426.71	157.715
1426.83	157.823
1426.95	157.915
1427.07	158.003
1427.19	158.079
1427.31	158.146
1427.43	158.218
1427.54	158.283
1427.66	158.351
1427.78	158.431
1427.9	158.522
1428.02	158.619
1428.14	158.686
1428.26	158.74
1428.38	158.785
1428.49	158.841
1428.61	158.881
1428.73	158.883
1428.85	158.865
1428.97	158.827
1429.09	158.788
1429.21	158.739
1429.32	158.68
1429.44	158.605
1429.56	158.526
1429.68	158.443
1429.8	158.351
1429.92	158.255
1430.04	158.155
1430.15	158.057
1430.27	157.955
1430.39	157.858
1430.51	157.74
1430.63	157.626
1430.75	157.512
1430.86	157.392
1430.98	157.28
1431.1	157.154
1431.22	157.042
1431.34	156.93
1431.46	156.825
1431.57	156.709
1431.69	156.598
1431.81	156.486
1431.93	156.375
1432.05	156.264
1432.17	156.146
1432.28	156.044
1432.4	155.96
1432.52	155.901
1432.64	155.859
1432.76	155.843
1432.88	155.849
1432.99	155.863
1433.11	155.886
1433.23	155.917
1433.35	155.974
1433.47	156.041
1433.59	156.127
1433.7	156.229
1433.82	156.331
1433.94	156.443
1434.06	156.556
1434.18	156.684
1434.29	156.813
1434.41	156.941
1434.53	157.063
1434.65	157.193
1434.77	157.332
1434.89	157.487
1435	157.665
1435.12	157.866
1435.24	158.089
1435.36	158.33
1435.48	158.573
1435.59	158.805
1435.71	159.029
1435.83	159.253
1435.95	159.48
1436.07	159.689
1436.18	159.871
1436.3	160.037
1436.42	160.186
1436.54	160.345
1436.66	160.484
1436.77	160.605
1436.89	160.698
1437.01	160.748
1437.13	160.766
1437.25	160.755
1437.36	160.704
1437.48	160.611
1437.6	160.489
1437.72	160.321
1437.84	160.127
1437.95	159.926
1438.07	159.7
1438.19	159.459
1438.31	159.182
1438.43	158.882
1438.54	158.57
1438.66	158.26
1438.78	157.922
1438.9	157.553
1439.01	157.177
1439.13	156.816
1439.25	156.485
1439.37	156.172
1439.49	155.873
1439.6	155.577
1439.72	155.316
1439.84	155.08
1439.96	154.883
1440.07	154.727
1440.19	154.607
1440.31	154.53
1440.43	154.497
1440.54	154.51
1440.66	154.543
1440.78	154.633
1440.9	154.766
1441.02	154.955
1441.13	155.203
1441.25	155.487
1441.37	155.837
1441.49	156.222
1441.6	156.614
1441.72	157.003
1441.84	157.391
1441.96	157.76
1442.07	158.109
1442.19	158.418
1442.31	158.688
1442.43	158.962
1442.54	159.217
1442.66	159.445
1442.78	159.631
1442.9	159.781
1443.01	159.893
1443.13	159.967
1443.25	160.009
1443.37	160.023
1443.48	160.012
1443.6	159.974
1443.72	159.919
1443.84	159.844
1443.95	159.733
1444.07	159.597
1444.19	159.446
1444.31	159.291
1444.42	159.12
1444.54	158.934
1444.66	158.757
1444.78	158.582
1444.89	158.416
1445.01	158.266
1445.13	158.151
1445.24	158.063
1445.36	158
1445.48	157.96
1445.6	157.942
1445.71	157.941
1445.83	157.968
1445.95	158.039
1446.07	158.138
1446.18	158.25
1446.3	158.367
1446.42	158.498
1446.53	158.624
1446.65	158.767
1446.77	158.887
1446.89	159.001
1447	159.106
1447.12	159.207
1447.24	159.299
1447.36	159.379
1447.42	159.408
1447.53	159.452
1447.65	159.496
1447.77	159.524
1447.89	159.569
1448	159.624
1448.12	159.663
1448.24	159.695
1448.36	159.707
1448.48	159.704
1448.59	159.703
1448.71	159.709
1448.83	159.7
1448.95	159.683
1449.06	159.683
1449.18	159.698
1449.3	159.725
1449.42	159.743
1449.54	159.755
1449.65	159.763
1449.77	159.782
1449.89	159.802
1450.01	159.82
1450.13	159.823
1450.24	159.814
1450.36	159.799
1450.48	159.768
1450.6	159.724
1450.71	159.639
1450.83	159.542
1450.95	159.435
1451.07	159.334
1451.18	159.224
1451.3	159.114
1451.42	159.017
1451.54	158.9
1451.65	158.778
1451.77	158.654
1451.89	158.529
1452.01	158.394
1452.12	158.249
1452.24	158.092
1452.36	157.957
1452.48	157.859
1452.6	157.782
1452.71	157.71
1452.83	157.645
1452.95	157.586
1453.07	157.533
1453.18	157.483
1453.3	157.428
1453.42	157.371
1453.54	157.324
1453.65	157.283
1453.77	157.25
1453.89	157.223
1454.01	157.179
1454.12	157.137
1454.24	157.099
1454.36	157.067
1454.47	157.037
1454.59	157.007
1454.71	156.996
1454.83	156.987
1454.94	156.978
1455.06	156.977
1455.18	156.99
1455.3	156.994
1455.41	156.989
1455.53	156.982
1455.65	156.972
1455.77	156.962
1455.88	156.964
1456	157.008
1456.12	157.078
1456.23	157.175
1456.35	157.285
1456.47	157.399
1456.59	157.506
1456.7	157.618
1456.82	157.716
1456.94	157.819
1457.06	157.93
1457.17	158.039
1457.29	158.141
1457.41	158.226
1457.52	158.294
1457.64	158.35
1457.76	158.414
1457.88	158.453
1457.99	158.487
1458.11	158.493
1458.23	158.46
1458.34	158.401
1458.46	158.316
1458.58	158.199
1458.69	158.063
1458.81	157.918
1458.93	157.758
1459.05	157.6
1459.16	157.447
1459.28	157.278
1459.4	157.117
1459.51	156.954
1459.63	156.807
1459.75	156.673
1459.87	156.566
1459.98	156.494
1460.1	156.455
1460.22	156.469
1460.33	156.541
1460.45	156.66
1460.57	156.819
1460.68	157.038
1460.8	157.291
1460.92	157.589
1461.04	157.933
1461.15	158.309
1461.27	158.708
1461.39	159.124
1461.5	159.554
1461.62	159.979
1461.74	160.4
1461.85	160.791
1461.97	161.146
1462.09	161.469
1462.2	161.75
1462.32	162
1462.44	162.213
1462.55	162.393
1462.67	162.526
1462.79	162.63
1462.9	162.705
1463.02	162.745
1463.14	162.751
1463.25	162.72
1463.37	162.653
1463.49	162.547
1463.6	162.423
1463.72	162.272
1463.84	162.11
1463.95	161.927
1464.07	161.709
1464.19	161.475
1464.3	161.218
1464.42	160.952
1464.54	160.671
1464.65	160.382
1464.77	160.107
1464.89	159.835
1465	159.571
1465.12	159.338
1465.24	159.122
1465.35	158.921
1465.47	158.732
1465.59	158.554
1465.7	158.384
1465.82	158.217
1465.94	158.083
1466.05	158.005
1466.17	157.972
1466.29	157.973
1466.4	157.99
1466.52	158.029
1466.64	158.096
1466.75	158.186
1466.87	158.299
1466.98	158.442
1467.1	158.617
1467.22	158.816
1467.33	159.029
1467.45	159.267
1467.57	159.523
1467.68	159.797
1467.8	160.077
1467.92	160.344
1468.03	160.599
1468.15	160.835
1468.26	161.056
1468.38	161.26
1468.5	161.435
1468.61	161.57
1468.73	161.68
1468.85	161.762
1468.96	161.821
1469.08	161.85
1469.2	161.836
1469.31	161.775
1469.43	161.675
1469.54	161.527
1469.66	161.337
1469.78	161.111
1469.89	160.854
1470.01	160.572
1470.13	160.27
1470.24	159.96
1470.36	159.63
1470.47	159.27
1470.59	158.899
1470.71	158.531
1470.82	158.164
1470.94	157.796
1471.05	157.455
1471.17	157.137
1471.29	156.84
1471.4	156.57
1471.49	156.385
1471.61	156.201
1471.73	156.053
1471.84	155.944
1471.96	155.889
1472.08	155.89
1472.19	155.933
1472.31	156.01
1472.43	156.104
1472.54	156.222
1472.66	156.366
1472.78	156.533
1472.89	156.715
1473.01	156.896
1473.13	157.077
1473.24	157.262
1473.36	157.442
1473.48	157.633
1473.59	157.833
1473.71	158.041
1473.83	158.259
1473.94	158.464
1474.06	158.646
1474.18	158.807
1474.29	158.944
1474.41	159.056
1474.53	159.14
1474.64	159.206
1474.76	159.255
1474.88	159.284
1475	159.309
1475.11	159.339
1475.23	159.355
1475.34	159.362
1475.46	159.349
1475.58	159.328
1475.69	159.286
1475.81	159.22
1475.93	159.156
1476.04	159.101
1476.16	159.032
1476.28	158.94
1476.39	158.821
1476.51	158.684
1476.63	158.528
1476.74	158.354
1476.86	158.182
1476.98	157.995
1477.09	157.801
1477.21	157.592
1477.33	157.381
1477.44	157.19
1477.56	157.007
1477.68	156.83
1477.79	156.665
1477.91	156.52
1478.02	156.399
1478.14	156.306
1478.26	156.236
1478.37	156.182
1478.49	156.147
1478.61	156.131
1478.72	156.137
1478.84	156.165
1478.95	156.211
1479.07	156.263
1479.19	156.319
1479.3	156.379
1479.42	156.433
1479.54	156.479
1479.65	156.516
1479.77	156.561
1479.89	156.605
1480	156.656
1480.12	156.707
1480.23	156.742
1480.35	156.75
1480.47	156.731
1480.58	156.695
1480.7	156.641
1480.82	156.582
1480.93	156.517
1481.05	156.448
1481.16	156.352
1481.28	156.23
1481.4	156.093
1481.51	155.95
1481.63	155.808
1481.74	155.655
1481.86	155.52
1481.98	155.405
1482.09	155.318
1482.21	155.238
1482.33	155.159
1482.44	155.072
1482.56	154.988
1482.67	154.904
1482.79	154.818
1482.9	154.722
1483.02	154.611
1483.14	154.5
1483.25	154.402
1483.37	154.328
1483.49	154.287
1483.6	154.266
1483.72	154.285
1483.83	154.33
1483.95	154.387
1484.06	154.454
1484.18	154.531
1484.3	154.615
1484.41	154.719
1484.53	154.845
1484.64	154.99
1484.76	155.135
1484.88	155.286
1484.99	155.443
1485.11	155.605
1485.22	155.759
1485.34	155.91
1485.46	156.063
1485.57	156.224
1485.69	156.379
1485.8	156.534
1485.92	156.692
1486.03	156.849
1486.15	156.992
1486.27	157.131
1486.38	157.265
1486.5	157.399
1486.61	157.535
1486.73	157.679
1486.84	157.829
1486.96	157.959
1487.08	158.063
1487.19	158.149
1487.31	158.228
1487.42	158.285
1487.54	158.305
1487.65	158.297
1487.77	158.268
1487.89	158.234
1488	158.188
1488.12	158.125
1488.23	158.045
1488.35	157.953
1488.46	157.848
1488.58	157.732
1488.69	157.611
1488.81	157.488
1488.93	157.366
1489.04	157.252
1489.16	157.146
1489.27	157.055
1489.39	156.976
1489.5	156.913
1489.62	156.879
1489.73	156.896
1489.85	156.956
1489.97	157.05
1490.08	157.157
1490.2	157.279
1490.31	157.42
1490.43	157.563
1490.54	157.709
1490.66	157.861
1490.77	158.023
1490.89	158.18
1491	158.317
1491.12	158.426
1491.24	158.513
1491.35	158.581
1491.47	158.644
1491.58	158.687
1491.7	158.713
1491.81	158.733
1491.93	158.74
1492.04	158.731
1492.16	158.701
1492.27	158.657
1492.39	158.594
1492.5	158.511
1492.62	158.417
1492.73	158.31
1492.85	158.194
1492.96	158.069
1493.08	157.944
1493.2	157.821
1493.31	157.699
1493.43	157.575
1493.54	157.453
1493.66	157.356
1493.77	157.262
1493.89	157.174
1494	157.092
1494.12	157.019
1494.23	156.963
1494.35	156.961
1494.46	156.988
1494.58	157.036
1494.69	157.088
1494.81	157.163
1494.92	157.238
1495.04	157.284
1495.15	157.325
1495.27	157.352
1495.38	157.454
1495.5	157.55
1495.61	157.632
1495.73	157.693
1495.84	157.727
1495.96	157.733
1496.07	157.711
1496.19	157.657
1496.3	157.57
1496.31	157.556
1496.43	157.425
1496.54	157.248
1496.66	157.025
1496.77	156.765
1496.89	156.475
1497.01	156.139
1497.12	155.773
1497.24	155.408
1497.35	155.049
1497.47	154.687
1497.59	154.321
1497.7	153.941
1497.82	153.557
1497.93	153.173
1498.05	152.793
1498.16	152.425
1498.28	152.079
1498.39	151.761
1498.51	151.488
1498.63	151.275
1498.74	151.143
1498.86	151.099
1498.97	151.15
1499.09	151.313
1499.2	151.605
1499.32	152.073
1499.43	152.819
1499.55	153.944
1499.67	155.601
1499.78	158.057
1499.9	161.667
1499.95	164.016
1499.99	165.942
