1060.01	147.552
1060.14	146.761
1060.28	145.892
1060.41	145.047
1060.55	144.293
1060.68	143.666
1060.82	143.179
1060.95	142.823
1061.09	142.582
1061.22	142.447
1061.36	142.409
1061.49	142.44
1061.63	142.517
1061.76	142.645
1061.9	142.805
1062.03	142.992
1062.17	143.201
1062.3	143.432
1062.44	143.672
1062.57	143.919
1062.71	144.172
1062.84	144.435
1062.98	144.691
1063.11	144.934
1063.25	145.166
1063.38	145.387
1063.52	145.598
1063.65	145.785
1063.79	145.944
1063.92	146.064
1064.06	146.143
1064.19	146.179
1064.33	146.182
1064.46	146.155
1064.6	146.108
1064.73	146.044
1064.87	145.966
1065	145.878
1065.14	145.779
1065.27	145.669
1065.41	145.549
1065.54	145.425
1065.68	145.298
1065.81	145.164
1065.95	145.03
1066.08	144.879
1066.22	144.737
1066.35	144.613
1066.49	144.519
1066.62	144.453
1066.76	144.394
1066.89	144.35
1067.02	144.319
1067.16	144.287
1067.29	144.283
1067.43	144.292
1067.56	144.321
1067.7	144.374
1067.83	144.453
1067.97	144.548
1068.1	144.66
1068.24	144.784
1068.37	144.924
1068.51	145.084
1068.64	145.26
1068.78	145.44
1068.91	145.622
1069.05	145.803
1069.18	145.979
1069.31	146.151
1069.45	146.312
1069.58	146.466
1069.72	146.613
1069.85	146.747
1069.99	146.866
1070.12	146.969
1070.26	147.05
1070.39	147.11
1070.52	147.141
1070.66	147.14
1070.79	147.121
1070.93	147.091
1071.06	147.057
1071.2	147.023
1071.33	146.976
1071.47	146.921
1071.6	146.861
1071.73	146.805
1071.87	146.745
1072	146.681
1072.14	146.618
1072.27	146.559
1072.41	146.491
1072.54	146.416
1072.68	146.342
1072.81	146.275
1072.94	146.219
1073.08	146.165
1073.21	146.115
1073.35	146.087
1073.48	146.07
1073.61	146.067
1073.75	146.076
1073.88	146.107
1074.02	146.184
1074.15	146.276
1074.29	146.389
1074.42	146.521
1074.55	146.686
1074.69	146.876
1074.82	147.078
1074.96	147.276
1075.09	147.461
1075.23	147.647
1075.36	147.827
1075.49	148.006
1075.63	148.185
1075.76	148.371
1075.9	148.56
1076.03	148.758
1076.16	148.946
1076.3	149.136
1076.43	149.343
1076.57	149.547
1076.7	149.736
1076.83	149.913
1076.97	150.077
1077.1	150.228
1077.24	150.357
1077.37	150.447
1077.5	150.509
1077.64	150.557
1077.77	150.591
1077.91	150.613
1078.04	150.638
1078.17	150.635
1078.31	150.6
1078.44	150.556
1078.58	150.475
1078.71	150.354
1078.84	150.218
1078.98	150.068
1079.11	149.904
1079.24	149.729
1079.38	149.547
1079.51	149.351
1079.65	149.143
1079.78	148.92
1079.91	148.693
1080.05	148.462
1080.18	148.237
1080.32	148.017
1080.45	147.815
1080.58	147.621
1080.72	147.445
1080.85	147.29
1080.98	147.167
1081.12	147.095
1081.25	147.075
1081.39	147.09
1081.52	147.131
1081.65	147.199
1081.79	147.285
1081.92	147.384
1082.05	147.489
1082.19	147.599
1082.32	147.732
1082.45	147.886
1082.59	148.058
1082.72	148.248
1082.85	148.442
1082.99	148.651
1083.12	148.874
1083.26	149.104
1083.39	149.328
1083.52	149.551
1083.66	149.777
1083.79	149.988
1083.92	150.178
1084.06	150.353
1084.19	150.515
1084.32	150.662
1084.46	150.786
1084.59	150.879
1084.72	150.944
1084.86	150.988
1084.99	151.008
1085.12	151.007
1085.26	150.983
1085.39	150.949
1085.52	150.919
1085.66	150.881
1085.79	150.856
1085.92	150.835
1086.06	150.83
1086.19	150.841
1086.32	150.856
1086.46	150.863
1086.59	150.859
1086.72	150.868
1086.86	150.879
1086.99	150.897
1087.12	150.917
1087.26	150.939
1087.39	150.968
1087.52	151.007
1087.66	151.044
1087.79	151.104
1087.92	151.19
1088.06	151.279
1088.19	151.362
1088.32	151.441
1088.46	151.514
1088.59	151.572
1088.72	151.602
1088.79	151.597
1088.92	151.58
1089.06	151.547
1089.19	151.508
1089.33	151.455
1089.46	151.389
1089.59	151.286
1089.73	151.159
1089.86	151.02
1090	150.839
1090.13	150.639
1090.26	150.428
1090.4	150.206
1090.53	149.961
1090.67	149.693
1090.8	149.411
1090.93	149.117
1091.07	148.806
1091.2	148.482
1091.33	148.162
1091.47	147.855
1091.6	147.562
1091.73	147.294
1091.87	147.041
1092	146.793
1092.14	146.573
1092.27	146.393
1092.4	146.272
1092.54	146.216
1092.67	146.203
1092.8	146.241
1092.94	146.338
1093.07	146.485
1093.21	146.668
1093.34	146.884
1093.47	147.142
1093.61	147.439
1093.74	147.785
1093.87	148.162
1094.01	148.559
1094.14	148.979
1094.27	149.391
1094.41	149.816
1094.54	150.243
1094.67	150.654
1094.81	151.043
1094.94	151.404
1095.07	151.74
1095.21	152.032
1095.34	152.279
1095.47	152.484
1095.61	152.644
1095.74	152.754
1095.87	152.813
1096.01	152.817
1096.14	152.765
1096.28	152.65
1096.41	152.477
1096.54	152.245
1096.68	151.961
1096.81	151.639
1096.94	151.294
1097.08	150.94
1097.21	150.587
1097.34	150.234
1097.47	149.892
1097.61	149.563
1097.74	149.251
1097.88	148.95
1098.01	148.668
1098.14	148.431
1098.27	148.236
1098.41	148.074
1098.54	147.935
1098.67	147.825
1098.81	147.76
1098.94	147.731
1099.07	147.737
1099.21	147.785
1099.34	147.864
1099.47	147.967
1099.61	148.087
1099.74	148.219
1099.87	148.349
1100.01	148.461
1100.14	148.558
1100.27	148.644
1100.4	148.708
1100.54	148.76
1100.67	148.8
1100.8	148.808
1100.94	148.782
1101.07	148.731
1101.2	148.667
1101.34	148.577
1101.47	148.469
1101.6	148.35
1101.73	148.232
1101.87	148.108
1102	147.986
1102.13	147.862
1102.27	147.741
1102.4	147.631
1102.53	147.517
1102.67	147.419
1102.8	147.357
1102.93	147.339
1103.06	147.351
1103.2	147.404
1103.33	147.479
1103.46	147.574
1103.6	147.711
1103.73	147.886
1103.86	148.09
1103.99	148.305
1104.13	148.524
1104.26	148.775
1104.39	149.042
1104.53	149.299
1104.66	149.544
1104.79	149.8
1104.92	150.074
1105.06	150.35
1105.19	150.617
1105.32	150.864
1105.45	151.089
1105.59	151.291
1105.72	151.468
1105.85	151.629
1105.98	151.766
1106.12	151.882
1106.25	151.965
1106.38	152.016
1106.52	152.035
1106.65	152.019
1106.78	151.979
1106.91	151.917
1107.05	151.836
1107.18	151.745
1107.31	151.652
1107.44	151.547
1107.58	151.421
1107.71	151.274
1107.84	151.121
1107.97	150.962
1108.11	150.797
1108.24	150.636
1108.37	150.498
1108.5	150.388
1108.64	150.304
1108.77	150.239
1108.9	150.193
1109.03	150.172
1109.17	150.185
1109.3	150.229
1109.43	150.293
1109.56	150.394
1109.7	150.519
1109.83	150.652
1109.96	150.799
1110.09	150.961
1110.22	151.138
1110.36	151.325
1110.49	151.521
1110.62	151.726
1110.75	151.93
1110.89	152.148
1111.02	152.363
1111.15	152.569
1111.28	152.765
1111.42	152.959
1111.55	153.142
1111.68	153.304
1111.81	153.441
1111.94	153.562
1112.08	153.663
1112.21	153.727
1112.34	153.764
1112.47	153.781
1112.6	153.769
1112.74	153.702
1112.87	153.616
1113	153.498
1113.13	153.35
1113.27	153.16
1113.4	152.937
1113.53	152.682
1113.66	152.404
1113.79	152.104
1113.93	151.774
1114.06	151.444
1114.19	151.122
1114.32	150.813
1114.45	150.508
1114.59	150.247
1114.72	150.013
1114.85	149.813
1114.98	149.654
1115.11	149.531
1115.25	149.434
1115.38	149.357
1115.51	149.304
1115.64	149.285
1115.77	149.287
1115.91	149.304
1116.03	149.338
1116.16	149.399
1116.3	149.467
1116.43	149.528
1116.56	149.588
1116.7	149.641
1116.83	149.681
1116.96	149.715
1117.09	149.755
1117.23	149.791
1117.36	149.823
1117.49	149.85
1117.62	149.862
1117.76	149.857
1117.89	149.843
1118.02	149.815
1118.15	149.776
1118.29	149.73
1118.42	149.684
1118.55	149.647
1118.68	149.616
1118.82	149.585
1118.95	149.552
1119.08	149.52
1119.21	149.496
1119.35	149.465
1119.48	149.433
1119.61	149.421
1119.74	149.429
1119.88	149.445
1120.01	149.474
1120.14	149.509
1120.27	149.564
1120.41	149.648
1120.54	149.765
1120.67	149.907
1120.8	150.069
1120.94	150.271
1121.07	150.497
1121.2	150.746
1121.33	151.015
1121.46	151.295
1121.6	151.572
1121.73	151.837
1121.86	152.093
1121.99	152.35
1122.13	152.59
1122.26	152.822
1122.39	153.023
1122.52	153.209
1122.66	153.385
1122.79	153.53
1122.92	153.623
1123.05	153.667
1123.18	153.67
1123.32	153.649
1123.45	153.607
1123.58	153.535
1123.71	153.455
1123.84	153.373
1123.98	153.278
1124.11	153.162
1124.24	153.062
1124.37	152.962
1124.5	152.854
1124.64	152.74
1124.77	152.632
1124.9	152.539
1125.03	152.461
1125.16	152.38
1125.3	152.291
1125.43	152.209
1125.56	152.124
1125.69	152.031
1125.82	151.941
1125.96	151.865
1126.09	151.784
1126.22	151.705
1126.35	151.626
1126.48	151.546
1126.62	151.456
1126.75	151.354
1126.88	151.255
1127.01	151.156
1127.14	151.054
1127.28	150.944
1127.41	150.831
1127.54	150.706
1127.67	150.564
1127.8	150.407
1127.94	150.242
1128.07	150.058
1128.2	149.855
1128.33	149.649
1128.46	149.45
1128.59	149.246
1128.73	149.049
1128.86	148.852
1128.99	148.649
1129.12	148.448
1129.25	148.241
1129.38	148.025
1129.52	147.81
1129.65	147.615
1129.78	147.444
1129.91	147.305
1130.04	147.205
1130.17	147.134
1130.31	147.095
1130.44	147.096
1130.57	147.144
1130.7	147.231
1130.83	147.366
1130.96	147.548
1131.1	147.754
1131.23	147.986
1131.36	148.241
1131.49	148.514
1131.62	148.813
1131.75	149.13
1131.89	149.463
1132.02	149.798
1132.15	150.159
1132.28	150.534
1132.41	150.902
1132.54	151.262
1132.67	151.613
1132.81	151.935
1132.94	152.227
1133.07	152.499
1133.2	152.764
1133.33	153.023
1133.46	153.257
1133.59	153.478
1133.73	153.679
1133.86	153.881
1133.99	154.065
1134.12	154.215
1134.25	154.321
1134.38	154.379
1134.51	154.404
1134.64	154.404
1134.78	154.372
1134.91	154.312
1135.04	154.232
1135.17	154.131
1135.3	153.987
1135.43	153.809
1135.56	153.61
1135.69	153.382
1135.83	153.116
1135.96	152.826
1136.09	152.528
1136.22	152.241
1136.35	151.96
1136.48	151.674
1136.61	151.4
1136.74	151.143
1136.88	150.886
1137.01	150.647
1137.14	150.435
1137.27	150.254
1137.4	150.101
1137.53	149.976
1137.66	149.874
1137.79	149.796
1137.92	149.737
1138.06	149.7
1138.19	149.689
1138.32	149.681
1138.45	149.691
1138.58	149.721
1138.71	149.772
1138.84	149.815
1138.97	149.86
1139.1	149.916
1139.23	149.978
1139.37	150.029
1139.5	150.07
1139.63	150.105
1139.76	150.147
1139.89	150.189
1140.02	150.237
1140.15	150.273
1140.28	150.303
1140.41	150.323
1140.54	150.313
1140.67	150.292
1140.81	150.267
1140.94	150.232
1141.07	150.185
1141.2	150.128
1141.33	150.055
1141.46	149.955
1141.59	149.843
1141.72	149.736
1141.85	149.633
1141.98	149.537
1142.11	149.441
1142.24	149.342
1142.37	149.251
1142.51	149.172
1142.55	149.132
1142.68	149.062
1142.81	149.017
1142.94	148.994
1143.08	148.986
1143.21	149.001
1143.34	149.052
1143.47	149.113
1143.6	149.186
1143.73	149.272
1143.86	149.38
1144	149.494
1144.13	149.624
1144.26	149.769
1144.39	149.925
1144.52	150.08
1144.65	150.238
1144.78	150.403
1144.92	150.563
1145.05	150.726
1145.18	150.873
1145.31	151.01
1145.44	151.128
1145.57	151.227
1145.7	151.326
1145.83	151.42
1145.97	151.504
1146.1	151.582
1146.23	151.653
1146.36	151.712
1146.49	151.752
1146.62	151.767
1146.75	151.75
1146.88	151.696
1147.02	151.598
1147.15	151.456
1147.28	151.276
1147.41	151.062
1147.54	150.808
1147.67	150.509
1147.8	150.187
1147.93	149.827
1148.06	149.436
1148.19	149.033
1148.33	148.617
1148.46	148.195
1148.59	147.767
1148.72	147.335
1148.85	146.916
1148.98	146.52
1149.11	146.152
1149.24	145.811
1149.37	145.505
1149.51	145.239
1149.64	145.036
1149.77	144.885
1149.9	144.789
1150.03	144.728
1150.16	144.733
1150.29	144.807
1150.42	144.921
1150.55	145.065
1150.68	145.248
1150.81	145.475
1150.95	145.744
1151.08	146.045
1151.21	146.373
1151.34	146.725
1151.47	147.094
1151.6	147.472
1151.73	147.847
1151.86	148.237
1151.99	148.629
1152.12	149.002
1152.25	149.356
1152.38	149.684
1152.52	149.976
1152.65	150.224
1152.78	150.435
1152.91	150.627
1153.04	150.782
1153.17	150.912
1153.3	151.008
1153.43	151.064
1153.56	151.094
1153.69	151.093
1153.82	151.059
1153.95	151
1154.08	150.913
1154.21	150.796
1154.34	150.647
1154.48	150.483
1154.61	150.314
1154.74	150.131
1154.87	149.952
1155	149.787
1155.13	149.655
1155.26	149.544
1155.39	149.455
1155.52	149.382
1155.65	149.329
1155.78	149.304
1155.91	149.315
1156.04	149.342
1156.17	149.367
1156.3	149.391
1156.43	149.417
1156.56	149.461
1156.69	149.513
1156.82	149.571
1156.96	149.644
1157.09	149.721
1157.22	149.792
1157.35	149.858
1157.48	149.926
1157.61	150.002
1157.74	150.083
1157.87	150.164
1158	150.259
1158.13	150.363
1158.26	150.466
1158.39	150.561
1158.52	150.657
1158.65	150.751
1158.78	150.845
1158.91	150.923
1159.04	151.007
1159.17	151.085
1159.3	151.152
1159.43	151.207
1159.56	151.236
1159.69	151.245
1159.82	151.214
1159.95	151.156
1160.08	151.08
1160.21	150.995
1160.34	150.893
1160.47	150.769
1160.6	150.645
1160.73	150.523
1160.86	150.405
1160.99	150.282
1161.12	150.168
1161.25	150.057
1161.38	149.963
1161.51	149.872
1161.64	149.789
1161.77	149.723
1161.9	149.682
1162.03	149.658
1162.16	149.639
1162.29	149.639
1162.42	149.653
1162.55	149.688
1162.68	149.727
1162.81	149.772
1162.94	149.824
1163.07	149.892
1163.2	149.964
1163.33	150.023
1163.46	150.082
1163.59	150.135
1163.72	150.172
1163.85	150.189
1163.98	150.196
1164.11	150.214
1164.24	150.221
1164.37	150.229
1164.5	150.233
1164.63	150.225
1164.76	150.215
1164.89	150.205
1165.02	150.183
1165.15	150.154
1165.28	150.105
1165.41	150.049
1165.54	149.986
1165.67	149.912
1165.8	149.838
1165.93	149.764
1166.06	149.699
1166.19	149.647
1166.32	149.617
1166.45	149.591
1166.58	149.57
1166.71	149.561
1166.84	149.577
1166.97	149.624
1167.1	149.69
1167.23	149.754
1167.36	149.817
1167.49	149.891
1167.62	149.982
1167.75	150.106
1167.88	150.249
1168.01	150.399
1168.14	150.563
1168.27	150.716
1168.39	150.847
1168.49	150.929
1168.62	151.019
1168.75	151.076
1168.88	151.106
1169.01	151.115
1169.14	151.111
1169.27	151.073
1169.4	151.01
1169.53	150.925
1169.66	150.825
1169.79	150.707
1169.92	150.576
1170.05	150.421
1170.18	150.271
1170.31	150.12
1170.44	149.986
1170.57	149.876
1170.7	149.793
1170.83	149.729
1170.96	149.673
1171.09	149.648
1171.22	149.661
1171.35	149.702
1171.48	149.753
1171.61	149.832
1171.74	149.947
1171.87	150.08
1172	150.238
1172.13	150.401
1172.26	150.582
1172.39	150.757
1172.52	150.919
1172.65	151.076
1172.78	151.241
1172.91	151.396
1173.04	151.544
1173.17	151.674
1173.3	151.788
1173.43	151.899
1173.56	151.991
1173.69	152.056
1173.82	152.086
1173.95	152.094
1174.08	152.066
1174.21	152.018
1174.34	151.939
1174.47	151.829
1174.6	151.698
1174.73	151.552
1174.86	151.383
1174.99	151.186
1175.12	150.989
1175.25	150.797
1175.38	150.6
1175.51	150.417
1175.64	150.256
1175.77	150.115
1175.9	149.997
1176.03	149.908
1176.16	149.836
1176.29	149.796
1176.42	149.79
1176.55	149.824
1176.68	149.889
1176.81	149.985
1176.94	150.13
1177.07	150.32
1177.2	150.534
1177.33	150.772
1177.46	151.033
1177.59	151.291
1177.72	151.555
1177.85	151.823
1177.98	152.083
1178.11	152.328
1178.24	152.533
1178.37	152.691
1178.5	152.808
1178.63	152.877
1178.75	152.897
1178.88	152.881
1179.01	152.83
1179.14	152.732
1179.27	152.591
1179.4	152.41
1179.53	152.197
1179.66	151.938
1179.79	151.639
1179.92	151.319
1180.05	150.994
1180.18	150.68
1180.31	150.377
1180.44	150.091
1180.57	149.849
1180.7	149.643
1180.83	149.464
1180.96	149.314
1181.09	149.194
1181.22	149.089
1181.35	149.015
1181.48	148.979
1181.6	148.988
1181.73	149.036
1181.86	149.132
1181.99	149.256
1182.12	149.402
1182.25	149.596
1182.38	149.809
1182.51	150.036
1182.64	150.282
1182.77	150.562
1182.9	150.853
1183.03	151.151
1183.16	151.46
1183.29	151.75
1183.41	152.028
1183.54	152.273
1183.67	152.483
1183.8	152.66
1183.93	152.794
1184.06	152.885
1184.19	152.947
1184.32	152.97
1184.45	152.966
1184.58	152.934
1184.71	152.872
1184.84	152.783
1184.97	152.669
1185.09	152.538
1185.22	152.387
1185.35	152.237
1185.48	152.095
1185.61	151.944
1185.74	151.791
1185.87	151.648
1186	151.506
1186.13	151.371
1186.26	151.26
1186.39	151.146
1186.51	151.048
1186.64	150.978
1186.77	150.934
1186.9	150.903
1187.03	150.879
1187.16	150.868
1187.29	150.863
1187.42	150.877
1187.55	150.892
1187.68	150.908
1187.8	150.922
1187.93	150.941
1188.06	150.962
1188.19	150.979
1188.32	150.982
1188.45	150.971
1188.58	150.935
1188.71	150.863
1188.84	150.788
1188.96	150.693
1189.09	150.58
1189.22	150.447
1189.35	150.283
1189.48	150.104
1189.61	149.923
1189.74	149.738
1189.87	149.556
1189.99	149.385
1190.12	149.224
1190.25	149.066
1190.38	148.917
1190.51	148.779
1190.64	148.641
1190.77	148.481
1190.9	148.326
1191.02	148.187
1191.15	148.057
1191.28	147.942
1191.41	147.842
1191.54	147.759
1191.67	147.71
1191.8	147.697
1191.92	147.724
1192.05	147.782
1192.18	147.865
1192.31	147.972
1192.44	148.117
1192.57	148.289
1192.7	148.475
1192.83	148.683
1192.95	148.921
1193.08	149.171
1193.21	149.437
1193.34	149.721
1193.47	149.988
1193.6	150.264
1193.72	150.554
1193.85	150.843
1193.98	151.117
1194.11	151.38
1194.24	151.621
1194.37	151.831
1194.5	152.024
1194.62	152.182
1194.75	152.302
1194.88	152.376
1195.01	152.404
1195.14	152.386
1195.27	152.322
1195.4	152.205
1195.52	152.048
1195.54	152.012
1195.67	151.802
1195.8	151.56
1195.93	151.277
1196.06	150.962
1196.19	150.631
1196.32	150.295
1196.45	149.946
1196.58	149.574
1196.7	149.197
1196.83	148.83
1196.96	148.468
1197.09	148.121
1197.22	147.782
1197.35	147.436
1197.48	147.13
1197.61	146.838
1197.74	146.572
1197.87	146.323
1197.99	146.105
1198.12	145.932
1198.25	145.795
1198.38	145.703
1198.51	145.632
1198.64	145.6
1198.77	145.618
1198.9	145.684
1199.03	145.797
1199.15	145.97
1199.28	146.193
1199.41	146.453
1199.54	146.731
1199.67	147.034
1199.8	147.376
1199.93	147.713
1200.06	148.052
1200.19	148.376
1200.31	148.672
1200.44	148.963
1200.57	149.255
1200.7	149.537
1200.83	149.814
1200.96	150.084
1201.09	150.33
1201.22	150.553
1201.34	150.743
1201.47	150.903
1201.6	151.036
1201.73	151.144
1201.86	151.241
1201.99	151.311
1202.12	151.349
1202.24	151.365
1202.37	151.348
1202.5	151.306
1202.63	151.249
1202.76	151.185
1202.89	151.103
1203.02	150.989
1203.15	150.859
1203.27	150.721
1203.4	150.562
1203.53	150.366
1203.66	150.146
1203.79	149.922
1203.92	149.697
1204.04	149.461
1204.17	149.219
1204.3	148.978
1204.43	148.74
1204.56	148.535
1204.69	148.361
1204.82	148.207
1204.94	148.067
1205.07	147.951
1205.2	147.849
1205.33	147.767
1205.46	147.703
1205.59	147.659
1205.71	147.639
1205.84	147.647
1205.97	147.684
1206.1	147.752
1206.23	147.84
1206.36	147.946
1206.48	148.072
1206.61	148.222
1206.74	148.4
1206.87	148.604
1207	148.816
1207.13	149.041
1207.25	149.274
1207.38	149.505
1207.51	149.736
1207.64	149.963
1207.77	150.174
1207.9	150.364
1208.02	150.548
1208.15	150.727
1208.28	150.886
1208.41	151.016
1208.54	151.133
1208.67	151.213
1208.79	151.273
1208.92	151.299
1209.05	151.313
1209.18	151.297
1209.31	151.237
1209.43	151.14
1209.56	150.993
1209.69	150.817
1209.82	150.627
1209.95	150.41
1210.07	150.183
1210.2	149.947
1210.33	149.706
1210.46	149.455
1210.59	149.195
1210.71	148.963
1210.84	148.754
1210.97	148.553
1211.1	148.384
1211.23	148.234
1211.35	148.102
1211.48	148.025
1211.61	148.007
1211.74	148.04
1211.87	148.138
1211.99	148.281
1212.12	148.448
1212.25	148.633
1212.38	148.845
1212.51	149.078
1212.63	149.332
1212.76	149.588
1212.89	149.849
1213.02	150.101
1213.14	150.352
1213.27	150.607
1213.4	150.848
1213.53	151.087
1213.66	151.306
1213.78	151.515
1213.91	151.696
1214.04	151.849
1214.17	151.987
1214.29	152.1
1214.42	152.165
1214.55	152.185
1214.68	152.184
1214.81	152.154
1214.93	152.084
1215.06	151.973
1215.19	151.829
1215.32	151.67
1215.44	151.503
1215.57	151.338
1215.7	151.185
1215.83	151.041
1215.95	150.887
1216.08	150.761
1216.21	150.642
1216.34	150.525
1216.46	150.406
1216.59	150.305
1216.72	150.222
1216.85	150.172
1216.97	150.141
1217.1	150.145
1217.23	150.164
1217.36	150.208
1217.49	150.284
1217.61	150.396
1217.74	150.547
1217.87	150.729
1217.99	150.929
1218.12	151.134
1218.25	151.325
1218.38	151.498
1218.5	151.651
1218.63	151.766
1218.76	151.837
1218.89	151.875
1219.01	151.899
1219.14	151.898
1219.27	151.854
1219.4	151.775
1219.52	151.664
1219.65	151.529
1219.78	151.381
1219.91	151.204
1220.03	151.027
1220.16	150.822
1220.29	150.624
1220.41	150.424
1220.54	150.228
1220.67	150.059
1220.8	149.917
1220.92	149.796
1221.05	149.699
1221.18	149.615
1221.3	149.545
1221.34	149.549
1221.46	149.492
1221.59	149.458
1221.72	149.427
1221.85	149.393
1221.98	149.354
1222.1	149.291
1222.23	149.214
1222.36	149.161
1222.49	149.127
1222.62	149.122
1222.74	149.149
1222.87	149.178
1223	149.195
1223.13	149.211
1223.26	149.242
1223.38	149.257
1223.51	149.267
1223.64	149.266
1223.77	149.261
1223.89	149.238
1224.02	149.209
1224.15	149.174
1224.28	149.124
1224.41	149.076
1224.53	148.999
1224.66	148.915
1224.79	148.818
1224.92	148.73
1225.04	148.661
1225.17	148.602
1225.3	148.555
1225.43	148.539
1225.56	148.566
1225.68	148.62
1225.81	148.705
1225.94	148.822
1226.07	148.973
1226.19	149.172
1226.32	149.401
1226.45	149.662
1226.58	149.977
1226.7	150.33
1226.83	150.711
1226.96	151.114
1227.09	151.518
1227.21	151.918
1227.34	152.312
1227.47	152.704
1227.6	153.077
1227.72	153.425
1227.85	153.739
1227.98	154.031
1228.11	154.278
1228.23	154.498
1228.36	154.7
1228.49	154.896
1228.62	155.082
1228.74	155.244
1228.87	155.375
1229	155.463
1229.13	155.516
1229.25	155.533
1229.38	155.514
1229.51	155.477
1229.64	155.416
1229.76	155.334
1229.89	155.239
1230.02	155.128
1230.15	154.978
1230.27	154.802
1230.4	154.594
1230.53	154.362
1230.66	154.114
1230.78	153.84
1230.91	153.562
1231.04	153.254
1231.17	152.947
1231.29	152.622
1231.42	152.294
1231.55	151.982
1231.67	151.673
1231.8	151.364
1231.93	151.067
1232.06	150.791
1232.18	150.543
1232.31	150.317
1232.44	150.112
1232.56	149.915
1232.69	149.725
1232.82	149.529
1232.95	149.321
1233.07	149.101
1233.2	148.885
1233.33	148.697
1233.45	148.54
1233.58	148.419
1233.71	148.309
1233.84	148.193
1233.96	148.083
1234.09	148
1234.22	147.944
1234.34	147.905
1234.47	147.91
1234.6	147.95
1234.72	148.008
1234.85	148.1
1234.98	148.237
1235.11	148.406
1235.23	148.597
1235.36	148.807
1235.49	149.014
1235.61	149.231
1235.74	149.457
1235.87	149.701
1235.99	149.943
1236.12	150.176
1236.25	150.408
1236.37	150.631
1236.5	150.846
1236.63	151.046
1236.76	151.244
1236.88	151.435
1237.01	151.633
1237.14	151.834
1237.26	152.023
1237.39	152.199
1237.52	152.373
1237.64	152.525
1237.77	152.662
1237.9	152.778
1238.02	152.855
1238.15	152.901
1238.28	152.914
1238.4	152.888
1238.53	152.824
1238.66	152.723
1238.78	152.586
1238.91	152.413
1239.04	152.211
1239.16	152.001
1239.29	151.779
1239.42	151.549
1239.54	151.305
1239.67	151.048
1239.8	150.774
1239.92	150.491
1240.05	150.214
1240.18	149.94
1240.3	149.686
1240.43	149.466
1240.56	149.261
1240.68	149.087
1240.81	148.961
1240.94	148.872
1241.06	148.795
1241.19	148.736
1241.32	148.689
1241.44	148.677
1241.57	148.705
1241.7	148.762
1241.82	148.846
1241.95	148.941
1242.08	149.067
1242.2	149.204
1242.33	149.369
1242.45	149.549
1242.58	149.731
1242.71	149.929
1242.83	150.156
1242.96	150.402
1243.09	150.658
1243.21	150.905
1243.34	151.149
1243.47	151.401
1243.59	151.648
1243.72	151.894
1243.84	152.131
1243.97	152.356
1244.1	152.573
1244.22	152.793
1244.35	153.011
1244.48	153.217
1244.6	153.402
1244.73	153.567
1244.85	153.729
1244.98	153.876
1245.11	154
1245.23	154.091
1245.36	154.161
1245.49	154.202
1245.61	154.224
1245.74	154.248
1245.86	154.268
1245.99	154.275
1246.12	154.279
1246.24	154.287
1246.37	154.298
1246.5	154.317
1246.62	154.347
1246.75	154.383
1246.87	154.398
1247	154.399
1247.13	154.382
1247.25	154.325
1247.38	154.24
1247.5	154.133
1247.63	154.018
1247.66	153.976
1247.79	153.855
1247.91	153.732
1248.04	153.602
1248.17	153.468
1248.29	153.325
1248.42	153.172
1248.55	153.019
1248.67	152.868
1248.8	152.723
1248.93	152.579
1249.05	152.436
1249.18	152.299
1249.31	152.183
1249.43	152.078
1249.56	151.99
1249.69	151.915
1249.82	151.87
1249.94	151.851
1250.07	151.851
1250.2	151.867
1250.32	151.907
1250.45	151.949
1250.58	151.995
1250.7	152.046
1250.83	152.106
1250.96	152.164
1251.08	152.223
1251.21	152.284
1251.33	152.345
1251.46	152.42
1251.59	152.503
1251.71	152.58
1251.84	152.647
1251.97	152.7
1252.09	152.766
1252.22	152.855
1252.35	152.947
1252.47	153.031
1252.6	153.105
1252.73	153.17
1252.85	153.233
1252.98	153.293
1253.11	153.35
1253.23	153.411
1253.36	153.476
1253.49	153.554
1253.61	153.626
1253.74	153.675
1253.86	153.706
1253.99	153.725
1254.12	153.744
1254.24	153.76
1254.37	153.765
1254.5	153.764
1254.62	153.74
1254.75	153.697
1254.88	153.642
1255	153.576
1255.13	153.504
1255.25	153.435
1255.38	153.381
1255.51	153.34
1255.63	153.309
1255.76	153.257
1255.89	153.197
1256.01	153.118
1256.14	153.029
1256.26	152.926
1256.39	152.808
1256.52	152.673
1256.64	152.514
1256.77	152.339
1256.89	152.153
1257.02	151.965
1257.15	151.772
1257.27	151.579
1257.4	151.388
1257.53	151.199
1257.65	151.007
1257.78	150.828
1257.9	150.646
1258.03	150.463
1258.16	150.311
1258.28	150.194
1258.41	150.115
1258.53	150.062
1258.66	150.06
1258.79	150.109
1258.91	150.202
1259.04	150.333
1259.16	150.487
1259.29	150.667
1259.42	150.872
1259.54	151.12
1259.67	151.394
1259.79	151.677
1259.92	151.976
1260.05	152.297
1260.17	152.635
1260.3	152.98
1260.42	153.33
1260.55	153.662
1260.67	153.994
1260.8	154.334
1260.93	154.672
1261.05	154.996
1261.18	155.303
1261.3	155.594
1261.43	155.877
1261.56	156.129
1261.68	156.364
1261.81	156.573
1261.93	156.749
1262.06	156.896
1262.18	157.008
1262.31	157.078
1262.44	157.097
1262.56	157.075
1262.69	157.013
1262.81	156.911
1262.94	156.795
1263.06	156.655
1263.19	156.477
1263.32	156.268
1263.44	156.038
1263.57	155.795
1263.69	155.55
1263.82	155.321
1263.94	155.101
1264.07	154.893
1264.2	154.708
1264.32	154.552
1264.45	154.414
1264.57	154.303
1264.7	154.242
1264.82	154.24
1264.95	154.279
1265.07	154.36
1265.2	154.475
1265.33	154.622
1265.45	154.795
1265.58	154.982
1265.7	155.186
1265.83	155.397
1265.95	155.617
1266.08	155.842
1266.2	156.065
1266.33	156.267
1266.45	156.446
1266.58	156.595
1266.71	156.724
1266.83	156.814
1266.96	156.873
1267.08	156.898
1267.21	156.879
1267.33	156.819
1267.46	156.723
1267.58	156.591
1267.71	156.427
1267.83	156.241
1267.96	156.026
1268.08	155.773
1268.21	155.49
1268.33	155.174
1268.46	154.847
1268.59	154.505
1268.71	154.143
1268.84	153.782
1268.96	153.443
1269.09	153.128
1269.21	152.846
1269.34	152.6
1269.46	152.426
1269.59	152.305
1269.71	152.235
1269.84	152.223
1269.96	152.253
1270.09	152.327
1270.21	152.441
1270.34	152.629
1270.46	152.866
1270.59	153.158
1270.71	153.502
1270.84	153.892
1270.96	154.321
1271.09	154.776
1271.21	155.232
1271.34	155.688
1271.46	156.157
1271.59	156.619
1271.71	157.049
1271.84	157.433
1271.96	157.781
1272.09	158.1
1272.21	158.37
1272.34	158.582
1272.46	158.765
1272.59	158.899
1272.71	158.989
1272.84	159.056
1272.96	159.086
1273.09	159.074
1273.21	159.029
1273.34	158.966
1273.46	158.881
1273.59	158.768
1273.71	158.64
1273.84	158.503
1273.96	158.357
1274.08	158.216
1274.2	158.058
1274.33	157.907
1274.46	157.771
1274.58	157.651
1274.71	157.537
1274.83	157.425
1274.96	157.327
1275.08	157.233
1275.21	157.133
1275.33	157.039
1275.46	156.969
1275.59	156.917
1275.71	156.868
1275.84	156.823
1275.96	156.773
1276.09	156.733
1276.21	156.706
1276.34	156.669
1276.46	156.629
1276.59	156.582
1276.72	156.542
1276.84	156.498
1276.97	156.451
1277.09	156.384
1277.22	156.309
1277.34	156.226
1277.47	156.134
1277.59	156.023
1277.72	155.91
1277.84	155.785
1277.97	155.656
1278.09	155.527
1278.22	155.405
1278.35	155.294
1278.47	155.196
1278.6	155.115
1278.72	155.029
1278.85	154.926
1278.97	154.82
1279.1	154.711
1279.22	154.606
1279.35	154.476
1279.47	154.328
1279.6	154.16
1279.72	153.985
1279.85	153.805
1279.97	153.625
1280.1	153.445
1280.22	153.276
1280.35	153.098
1280.48	152.917
1280.6	152.733
1280.72	152.525
1280.85	152.298
1280.98	152.049
1281.1	151.803
1281.23	151.538
1281.35	151.268
1281.48	150.993
1281.6	150.731
1281.73	150.492
1281.85	150.268
1281.98	150.057
1282.1	149.863
1282.23	149.692
1282.35	149.545
1282.48	149.422
1282.6	149.32
1282.73	149.249
1282.85	149.205
1282.98	149.174
1283.1	149.176
1283.23	149.2
1283.35	149.231
1283.48	149.296
1283.6	149.4
1283.73	149.522
1283.85	149.657
1283.98	149.819
1284.1	150.013
1284.23	150.222
1284.35	150.428
1284.48	150.642
1284.6	150.871
1284.73	151.102
1284.85	151.331
1284.98	151.559
1285.1	151.791
1285.22	152.034
1285.35	152.278
1285.47	152.52
1285.6	152.751
1285.72	152.977
1285.85	153.178
1285.97	153.364
1286.1	153.54
1286.22	153.705
1286.35	153.856
1286.47	153.988
1286.6	154.092
1286.72	154.169
1286.85	154.226
1286.97	154.255
1287.1	154.247
1287.22	154.221
1287.35	154.198
1287.47	154.179
1287.59	154.158
1287.72	154.123
1287.84	154.062
1287.97	153.996
1288.09	153.937
1288.22	153.888
1288.34	153.829
1288.47	153.766
1288.59	153.705
1288.72	153.671
1288.84	153.653
1288.96	153.643
1289.09	153.658
1289.21	153.7
1289.34	153.77
1289.46	153.847
1289.59	153.94
1289.71	154.067
1289.84	154.224
1289.96	154.391
1290.09	154.547
1290.21	154.7
1290.33	154.84
1290.46	154.974
1290.58	155.104
1290.71	155.241
1290.83	155.384
1290.96	155.521
1291.08	155.655
1291.2	155.779
1291.33	155.902
1291.45	156.01
1291.58	156.095
1291.7	156.152
1291.83	156.187
1291.95	156.189
1292.08	156.184
1292.2	156.177
1292.32	156.166
1292.45	156.148
1292.57	156.114
1292.7	156.07
1292.82	156.014
1292.95	155.959
1293.07	155.919
1293.19	155.882
1293.32	155.845
1293.44	155.821
1293.57	155.815
1293.69	155.823
1293.81	155.847
1293.94	155.874
1294.06	155.917
1294.19	155.991
1294.31	156.086
1294.44	156.199
1294.56	156.33
1294.68	156.481
1294.81	156.653
1294.93	156.823
1295.06	156.976
1295.18	157.116
1295.3	157.235
1295.43	157.329
1295.55	157.392
1295.68	157.42
1295.8	157.413
1295.92	157.373
1296.05	157.289
1296.17	157.188
1296.3	157.05
1296.42	156.884
1296.54	156.691
1296.67	156.481
1296.79	156.248
1296.92	155.998
1297.04	155.752
1297.16	155.502
1297.29	155.245
1297.41	154.973
1297.54	154.691
1297.66	154.414
1297.78	154.148
1297.91	153.915
1298.03	153.711
1298.16	153.512
1298.28	153.337
1298.4	153.187
1298.53	153.075
1298.65	153.007
1298.77	152.989
1298.9	153.012
1299.02	153.049
1299.15	153.111
1299.27	153.219
1299.39	153.372
1299.52	153.548
1299.64	153.731
1299.76	153.946
1299.89	154.177
1299.97	154.325
1300.09	154.57
1300.22	154.833
1300.34	155.113
1300.46	155.389
1300.59	155.639
1300.71	155.855
1300.84	156.029
1300.96	156.174
1301.09	156.285
1301.21	156.367
1301.34	156.434
1301.46	156.453
1301.58	156.429
1301.71	156.374
1301.83	156.282
1301.96	156.157
1302.08	155.983
1302.21	155.761
1302.33	155.506
1302.45	155.216
1302.58	154.906
1302.7	154.598
1302.83	154.285
1302.95	153.98
1303.08	153.679
1303.2	153.391
1303.32	153.119
1303.45	152.862
1303.57	152.628
1303.7	152.423
1303.82	152.242
1303.94	152.096
1304.07	151.993
1304.19	151.924
1304.32	151.878
1304.44	151.868
1304.57	151.891
1304.69	151.948
1304.81	152.039
1304.94	152.172
1305.06	152.362
1305.19	152.601
1305.31	152.881
1305.43	153.181
1305.56	153.496
1305.68	153.819
1305.81	154.147
1305.93	154.478
1306.05	154.798
1306.18	155.1
1306.3	155.385
1306.43	155.65
1306.55	155.887
1306.67	156.11
1306.8	156.315
1306.92	156.476
1307.05	156.607
1307.17	156.706
1307.29	156.773
1307.42	156.807
1307.54	156.824
1307.67	156.829
1307.79	156.82
1307.91	156.796
1308.04	156.746
1308.16	156.678
1308.29	156.594
1308.41	156.49
1308.53	156.38
1308.66	156.242
1308.78	156.08
1308.9	155.928
1309.03	155.781
1309.15	155.642
1309.28	155.495
1309.4	155.341
1309.52	155.173
1309.65	154.99
1309.77	154.811
1309.9	154.64
1310.02	154.487
1310.14	154.341
1310.27	154.185
1310.39	154.042
1310.51	153.901
1310.64	153.775
1310.76	153.656
1310.88	153.551
1311.01	153.451
1311.13	153.367
1311.26	153.281
1311.38	153.199
1311.5	153.121
1311.63	153.06
1311.75	152.994
1311.87	152.94
1312	152.903
1312.12	152.864
1312.24	152.857
1312.37	152.875
1312.49	152.907
1312.61	152.947
1312.74	152.986
1312.86	153.026
1312.99	153.07
1313.11	153.116
1313.23	153.173
1313.36	153.239
1313.48	153.323
1313.6	153.435
1313.73	153.553
1313.85	153.674
1313.97	153.795
1314.1	153.902
1314.22	153.996
1314.34	154.078
1314.47	154.153
1314.59	154.215
1314.71	154.26
1314.84	154.276
1314.96	154.256
1315.08	154.223
1315.21	154.166
1315.33	154.075
1315.45	153.966
1315.58	153.854
1315.7	153.742
1315.82	153.628
1315.95	153.509
1316.07	153.377
1316.19	153.241
1316.32	153.096
1316.44	152.945
1316.56	152.793
1316.69	152.636
1316.81	152.488
1316.93	152.363
1317.06	152.247
1317.18	152.135
1317.3	152.037
1317.43	151.946
1317.55	151.866
1317.67	151.803
1317.79	151.731
1317.92	151.66
1318.04	151.593
1318.16	151.554
1318.29	151.553
1318.41	151.585
1318.53	151.644
1318.66	151.722
1318.78	151.828
1318.9	151.955
1319.03	152.109
1319.15	152.293
1319.27	152.499
1319.4	152.73
1319.52	153.008
1319.64	153.307
1319.76	153.624
1319.89	153.949
1320.01	154.264
1320.13	154.569
1320.26	154.881
1320.38	155.202
1320.5	155.52
1320.63	155.855
1320.75	156.167
1320.87	156.453
1320.99	156.717
1321.12	156.956
1321.24	157.166
1321.36	157.347
1321.48	157.49
1321.61	157.608
1321.73	157.716
1321.85	157.786
1321.98	157.829
1322.1	157.84
1322.22	157.812
1322.35	157.738
1322.47	157.642
1322.59	157.524
1322.71	157.387
1322.84	157.251
1322.96	157.104
1323.08	156.943
1323.2	156.768
1323.33	156.567
1323.45	156.353
1323.57	156.139
1323.7	155.932
1323.82	155.737
1323.94	155.551
1324.06	155.403
1324.19	155.293
1324.31	155.211
1324.43	155.149
1324.55	155.115
1324.68	155.123
1324.8	155.164
1324.92	155.241
1325.04	155.349
1325.14	155.44
1325.27	155.573
1325.39	155.718
1325.51	155.87
1325.64	156.043
1325.76	156.209
1325.88	156.359
1326.01	156.503
1326.13	156.636
1326.25	156.765
1326.38	156.886
1326.5	156.982
1326.62	157.046
1326.75	157.083
1326.87	157.085
1326.99	157.053
1327.12	156.999
1327.24	156.911
1327.36	156.803
1327.49	156.682
1327.61	156.541
1327.73	156.363
1327.86	156.17
1327.98	155.98
1328.1	155.779
1328.22	155.555
1328.35	155.282
1328.47	154.999
1328.59	154.712
1328.72	154.434
1328.84	154.159
1328.96	153.881
1329.09	153.621
1329.21	153.369
1329.33	153.129
1329.46	152.913
1329.58	152.709
1329.7	152.51
1329.82	152.336
1329.95	152.189
1330.07	152.074
1330.19	151.969
1330.32	151.893
1330.44	151.833
1330.56	151.772
1330.69	151.742
1330.81	151.75
1330.93	151.796
1331.05	151.872
1331.18	151.98
1331.3	152.088
1331.42	152.211
1331.55	152.358
1331.67	152.525
1331.79	152.703
1331.91	152.886
1332.04	153.078
1332.16	153.298
1332.28	153.545
1332.41	153.802
1332.53	154.075
1332.65	154.349
1332.77	154.613
1332.9	154.866
1333.02	155.113
1333.14	155.361
1333.27	155.603
1333.39	155.838
1333.51	156.054
1333.63	156.256
1333.76	156.436
1333.88	156.574
1334	156.684
1334.13	156.769
1334.25	156.831
1334.37	156.857
1334.49	156.841
1334.62	156.797
1334.74	156.73
1334.86	156.644
1334.98	156.531
1335.11	156.423
1335.23	156.334
1335.35	156.248
1335.47	156.172
1335.6	156.099
1335.72	156.03
1335.84	155.993
1335.96	155.986
1336.09	155.989
1336.21	156.012
1336.33	156.05
1336.45	156.109
1336.58	156.182
1336.7	156.273
1336.82	156.386
1336.95	156.519
1337.07	156.661
1337.19	156.82
1337.31	156.986
1337.43	157.163
1337.56	157.348
1337.68	157.53
1337.8	157.694
1337.92	157.858
1338.05	158.023
1338.17	158.173
1338.29	158.272
1338.41	158.344
1338.54	158.388
1338.66	158.387
1338.78	158.338
1338.9	158.232
1339.03	158.102
1339.15	157.915
1339.27	157.678
1339.39	157.398
1339.52	157.1
1339.64	156.789
1339.76	156.455
1339.88	156.101
1340	155.757
1340.13	155.402
1340.25	155.047
1340.37	154.701
1340.49	154.36
1340.62	154.042
1340.74	153.747
1340.86	153.493
1340.98	153.268
1341.1	153.091
1341.23	152.975
1341.35	152.903
1341.47	152.882
1341.59	152.902
1341.71	152.95
1341.84	153.018
1341.96	153.106
1342.08	153.22
1342.2	153.354
1342.33	153.489
1342.45	153.629
1342.57	153.794
1342.69	153.989
1342.81	154.197
1342.94	154.415
1343.06	154.645
1343.18	154.883
1343.3	155.107
1343.42	155.339
1343.55	155.571
1343.67	155.803
1343.79	156.029
1343.91	156.261
1344.03	156.491
1344.16	156.72
1344.28	156.949
1344.4	157.172
1344.52	157.404
1344.64	157.651
1344.77	157.895
1344.89	158.131
1345.01	158.355
1345.13	158.578
1345.25	158.804
1345.37	159.027
1345.5	159.224
1345.62	159.434
1345.74	159.643
1345.86	159.833
1345.98	160.016
1346.11	160.18
1346.23	160.331
1346.35	160.469
1346.47	160.588
1346.59	160.668
1346.71	160.741
1346.84	160.786
1346.96	160.805
1347.08	160.773
1347.2	160.699
1347.32	160.577
1347.45	160.409
1347.57	160.2
1347.69	159.95
1347.81	159.671
1347.93	159.372
1348.05	159.046
1348.18	158.695
1348.3	158.339
1348.42	158
1348.54	157.676
1348.66	157.351
1348.78	157.025
1348.9	156.735
1349.03	156.476
1349.15	156.263
1349.27	156.093
1349.39	155.97
1349.51	155.901
1349.63	155.853
1349.76	155.848
1349.88	155.9
1350	156.006
1350.12	156.146
1350.24	156.319
1350.36	156.522
1350.48	156.777
1350.61	157.044
1350.61	157.036
1350.73	157.285
1350.85	157.538
1350.98	157.792
1351.1	158.047
1351.22	158.294
1351.34	158.527
1351.47	158.755
1351.59	158.963
1351.71	159.145
1351.83	159.314
1351.95	159.463
1352.08	159.567
1352.2	159.627
1352.32	159.631
1352.44	159.592
1352.56	159.513
1352.69	159.376
1352.81	159.192
1352.93	158.968
1353.05	158.715
1353.17	158.421
1353.3	158.116
1353.42	157.809
1353.54	157.506
1353.66	157.199
1353.78	156.919
1353.91	156.654
1354.03	156.416
1354.15	156.209
1354.27	156.034
1354.39	155.878
1354.52	155.75
1354.64	155.668
1354.76	155.628
1354.88	155.635
1355	155.692
1355.13	155.763
1355.25	155.875
1355.37	156.014
1355.49	156.182
1355.61	156.38
1355.73	156.593
1355.86	156.803
1355.98	157.029
1356.1	157.258
1356.22	157.489
1356.34	157.712
1356.47	157.917
1356.59	158.105
1356.71	158.272
1356.83	158.43
1356.95	158.583
1357.07	158.731
1357.2	158.852
1357.32	158.954
1357.44	159.023
1357.56	159.064
1357.68	159.074
1357.8	159.05
1357.93	158.993
1358.05	158.912
1358.17	158.812
1358.29	158.688
1358.41	158.536
1358.53	158.36
1358.66	158.171
1358.78	157.969
1358.9	157.733
1359.02	157.471
1359.14	157.203
1359.26	156.929
1359.39	156.649
1359.51	156.388
1359.63	156.14
1359.75	155.909
1359.87	155.697
1359.99	155.499
1360.11	155.328
1360.24	155.185
1360.36	155.066
1360.48	154.966
1360.6	154.902
1360.72	154.892
1360.84	154.923
1360.96	154.975
1361.09	155.062
1361.21	155.195
1361.33	155.359
1361.45	155.541
1361.57	155.746
1361.69	155.97
1361.81	156.196
1361.94	156.428
1362.06	156.661
1362.18	156.912
1362.3	157.194
1362.42	157.481
1362.54	157.758
1362.66	158.035
1362.78	158.306
1362.91	158.572
1363.03	158.823
1363.15	159.049
1363.27	159.252
1363.39	159.433
1363.51	159.604
1363.63	159.731
1363.76	159.845
1363.88	159.93
1364	159.977
1364.12	159.999
1364.24	160.011
1364.36	160.017
1364.48	160.018
1364.6	160.005
1364.72	159.988
1364.85	159.955
1364.97	159.934
1365.09	159.93
1365.21	159.94
1365.33	159.969
1365.45	159.996
1365.57	160.01
1365.69	160.045
1365.81	160.084
1365.94	160.124
1366.06	160.164
1366.18	160.193
1366.3	160.192
1366.42	160.177
1366.54	160.145
1366.66	160.078
1366.78	159.962
1366.9	159.817
1367.02	159.64
1367.15	159.419
1367.27	159.172
1367.39	158.896
1367.51	158.567
1367.63	158.203
1367.75	157.815
1367.87	157.41
1367.99	156.989
1368.11	156.564
1368.23	156.135
1368.35	155.719
1368.48	155.331
1368.6	154.979
1368.72	154.658
1368.84	154.374
1368.96	154.153
1369.08	153.997
1369.2	153.906
1369.32	153.867
1369.44	153.877
1369.56	153.976
1369.68	154.157
1369.8	154.415
1369.92	154.754
1370.05	155.155
1370.17	155.606
1370.29	156.12
1370.41	156.675
1370.53	157.242
1370.65	157.813
1370.77	158.384
1370.89	158.939
1371.01	159.487
1371.13	160.009
1371.25	160.476
1371.37	160.907
1371.49	161.302
1371.61	161.638
1371.73	161.887
1371.86	162.051
1371.98	162.143
1372.1	162.156
1372.22	162.063
1372.34	161.867
1372.46	161.595
1372.58	161.268
1372.7	160.887
1372.82	160.432
1372.94	159.922
1373.06	159.37
1373.18	158.775
1373.3	158.154
1373.42	157.524
1373.54	156.915
1373.66	156.343
1373.78	155.819
1373.9	155.346
1374.02	154.901
1374.15	154.523
1374.27	154.199
1374.39	153.926
1374.51	153.73
1374.55	153.672
1374.68	153.599
1374.8	153.594
1374.92	153.662
1375.04	153.791
1375.16	153.959
1375.28	154.186
1375.4	154.45
1375.52	154.744
1375.65	155.048
1375.77	155.344
1375.89	155.65
1376.01	155.973
1376.13	156.295
1376.25	156.61
1376.37	156.916
1376.49	157.203
1376.61	157.455
1376.73	157.683
1376.86	157.88
1376.98	158.031
1377.1	158.142
1377.22	158.239
1377.34	158.293
1377.46	158.304
1377.58	158.279
1377.7	158.207
1377.82	158.078
1377.94	157.916
1378.06	157.727
1378.19	157.514
1378.31	157.28
1378.43	157.035
1378.55	156.784
1378.67	156.537
1378.79	156.298
1378.91	156.042
1379.03	155.777
1379.15	155.517
1379.27	155.295
1379.39	155.088
1379.52	154.894
1379.64	154.718
1379.76	154.584
1379.88	154.463
1380	154.367
1380.12	154.294
1380.24	154.251
1380.36	154.228
1380.48	154.243
1380.6	154.295
1380.72	154.362
1380.84	154.437
1380.96	154.543
1381.08	154.67
1381.21	154.81
1381.33	154.968
1381.45	155.119
1381.57	155.278
1381.69	155.45
1381.81	155.627
1381.93	155.801
1382.05	155.971
1382.17	156.143
1382.29	156.322
1382.41	156.501
1382.53	156.667
1382.65	156.84
1382.77	157.026
1382.89	157.213
1383.01	157.396
1383.14	157.57
1383.26	157.73
1383.38	157.863
1383.5	157.963
1383.62	158.035
1383.74	158.086
1383.86	158.128
1383.98	158.149
1384.1	158.142
1384.22	158.097
1384.34	158.019
1384.46	157.922
1384.58	157.793
1384.7	157.638
1384.82	157.487
1384.94	157.356
1385.06	157.227
1385.18	157.117
1385.3	157.042
1385.42	156.973
1385.54	156.908
1385.66	156.87
1385.78	156.844
1385.91	156.814
1386.03	156.774
1386.15	156.723
1386.27	156.676
1386.39	156.625
1386.51	156.575
1386.63	156.536
1386.75	156.493
1386.87	156.442
1386.99	156.389
1387.11	156.337
1387.23	156.281
1387.35	156.213
1387.47	156.136
1387.59	156.061
1387.71	155.971
1387.83	155.883
1387.95	155.794
1388.07	155.691
1388.19	155.58
1388.31	155.467
1388.43	155.352
1388.55	155.231
1388.67	155.123
1388.79	155.03
1388.91	154.948
1389.03	154.887
1389.15	154.824
1389.27	154.743
1389.39	154.663
1389.51	154.583
1389.63	154.518
1389.75	154.454
1389.87	154.406
1389.99	154.379
1390.11	154.364
1390.23	154.35
1390.35	154.348
1390.47	154.369
1390.59	154.41
1390.71	154.465
1390.83	154.54
1390.95	154.628
1391.07	154.727
1391.19	154.857
1391.31	155.01
1391.43	155.18
1391.55	155.357
1391.67	155.527
1391.79	155.696
1391.91	155.875
1392.03	156.045
1392.15	156.22
1392.27	156.385
1392.39	156.539
1392.51	156.68
1392.63	156.816
1392.75	156.939
1392.87	157.057
1392.99	157.187
1393.11	157.307
1393.23	157.408
1393.35	157.512
1393.47	157.615
1393.59	157.721
1393.71	157.841
1393.83	157.963
1393.94	158.091
1394.06	158.23
1394.18	158.384
1394.3	158.533
1394.42	158.68
1394.54	158.829
1394.66	158.976
1394.78	159.114
1394.9	159.232
1395.02	159.336
1395.14	159.429
1395.26	159.513
1395.38	159.57
1395.5	159.617
1395.62	159.645
1395.74	159.653
1395.86	159.648
1395.98	159.639
1396.1	159.618
1396.22	159.562
1396.34	159.483
1396.46	159.382
1396.58	159.26
1396.7	159.122
1396.82	158.982
1396.93	158.843
1397.05	158.686
1397.17	158.535
1397.29	158.389
1397.41	158.241
1397.53	158.07
1397.65	157.876
1397.77	157.668
1397.89	157.456
1398.01	157.244
1398.13	157.049
1398.25	156.883
1398.37	156.72
1398.49	156.579
1398.61	156.454
1398.73	156.35
1398.85	156.25
1398.96	156.181
1399.08	156.156
1399.2	156.155
1399.32	156.186
1399.44	156.217
1399.56	156.254
1399.68	156.299
1399.8	156.344
1399.92	156.393
1400.04	156.441
1400.16	156.486
1400.28	156.518
1400.4	156.542
1400.52	156.57
1400.64	156.605
1400.76	156.64
1400.88	156.654
1401	156.651
1401.12	156.633
1401.24	156.598
1401.36	156.545
1401.48	156.475
1401.6	156.38
1401.72	156.286
1401.84	156.179
1401.96	156.046
1402.08	155.919
1402.2	155.789
1402.32	155.651
1402.44	155.525
1402.56	155.406
1402.67	155.302
1402.79	155.223
1402.91	155.163
1403.03	155.126
1403.15	155.141
1403.27	155.195
1403.39	155.249
1403.51	155.309
1403.63	155.381
1403.75	155.458
1403.87	155.56
1403.99	155.684
1404.11	155.803
1404.23	155.915
1404.35	156.038
1404.47	156.152
1404.59	156.232
1404.71	156.307
1404.83	156.377
1404.95	156.425
1405.07	156.454
1405.19	156.45
1405.31	156.42
1405.43	156.365
1405.55	156.282
1405.67	156.159
1405.79	155.994
1405.91	155.786
1406.03	155.555
1406.15	155.297
1406.26	155.018
1406.38	154.734
1406.5	154.436
1406.62	154.126
1406.74	153.818
1406.86	153.515
1406.98	153.245
1407.1	153.017
1407.22	152.835
1407.34	152.698
1407.46	152.628
1407.58	152.601
1407.7	152.614
1407.82	152.649
1407.94	152.711
1408.06	152.81
1408.18	152.936
1408.3	153.093
1408.42	153.302
1408.53	153.561
1408.65	153.852
1408.77	154.193
1408.89	154.558
1409.01	154.951
1409.13	155.352
1409.25	155.787
1409.37	156.264
1409.49	156.736
1409.61	157.214
1409.73	157.691
1409.85	158.147
1409.97	158.582
1410.09	158.974
1410.2	159.319
1410.32	159.625
1410.44	159.895
1410.56	160.127
1410.68	160.341
1410.8	160.523
1410.92	160.671
1411.04	160.781
1411.16	160.855
1411.28	160.894
1411.4	160.903
1411.52	160.874
1411.64	160.819
1411.75	160.735
1411.87	160.643
1411.99	160.564
1412.11	160.484
1412.23	160.389
1412.35	160.301
1412.47	160.198
1412.59	160.07
1412.71	159.942
1412.83	159.806
1412.94	159.671
1413.06	159.545
1413.18	159.424
1413.3	159.33
1413.42	159.275
1413.54	159.219
1413.66	159.161
1413.78	159.105
1413.9	159.047
1414.02	158.995
1414.14	158.954
1414.25	158.926
1414.37	158.908
1414.49	158.896
1414.61	158.904
1414.73	158.906
1414.85	158.91
1414.97	158.94
1415.09	158.981
1415.21	159.027
1415.32	159.089
1415.44	159.162
1415.56	159.265
1415.68	159.384
1415.8	159.512
1415.92	159.646
1416.04	159.779
1416.16	159.906
1416.27	160.037
1416.39	160.161
1416.51	160.292
1416.63	160.425
1416.75	160.539
1416.87	160.638
1416.99	160.74
1417.11	160.842
1417.22	160.949
1417.34	161.061
1417.46	161.184
1417.58	161.32
1417.7	161.479
1417.82	161.643
1417.94	161.816
1418.05	161.979
1418.17	162.138
1418.29	162.285
1418.41	162.397
1418.53	162.477
1418.65	162.544
1418.77	162.607
1418.89	162.645
1419	162.653
1419.12	162.617
1419.24	162.563
1419.36	162.491
1419.48	162.412
1419.6	162.323
1419.72	162.22
1419.83	162.117
1419.95	162.019
1420.07	161.902
1420.19	161.782
1420.31	161.647
1420.43	161.524
1420.54	161.416
1420.66	161.331
1420.78	161.273
1420.9	161.241
1421.02	161.211
1421.14	161.21
1421.26	161.238
1421.37	161.278
1421.49	161.326
1421.61	161.396
1421.73	161.47
1421.85	161.562
1421.97	161.662
1422.08	161.784
1422.2	161.932
1422.32	162.106
1422.44	162.295
1422.56	162.494
1422.67	162.682
1422.79	162.852
1422.91	163.02
1423.03	163.178
1423.15	163.318
1423.27	163.439
1423.39	163.54
1423.5	163.627
1423.62	163.684
1423.74	163.708
1423.74	163.712
1423.86	163.696
1423.98	163.636
1424.1	163.535
1424.22	163.391
1424.34	163.216
1424.46	162.996
1424.58	162.736
1424.69	162.444
1424.81	162.11
1424.93	161.756
1425.05	161.386
1425.17	160.999
1425.29	160.61
1425.41	160.229
1425.53	159.862
1425.65	159.528
1425.76	159.222
1425.88	158.965
1426	158.767
1426.12	158.615
1426.24	158.506
1426.36	158.451
1426.48	158.447
1426.6	158.493
1426.71	158.589
1426.83	158.731
1426.95	158.93
1427.07	159.18
1427.19	159.461
1427.31	159.78
1427.43	160.132
1427.54	160.51
1427.66	160.905
1427.78	161.323
1427.9	161.755
1428.02	162.204
1428.14	162.648
1428.26	163.085
1428.38	163.503
1428.49	163.888
1428.61	164.244
1428.73	164.575
1428.85	164.859
1428.97	165.09
1429.09	165.263
1429.21	165.38
1429.32	165.455
1429.44	165.477
1429.56	165.449
1429.68	165.358
1429.8	165.229
1429.92	165.061
1430.04	164.856
1430.15	164.594
1430.27	164.297
1430.39	163.961
1430.51	163.603
1430.63	163.232
1430.75	162.88
1430.86	162.533
1430.98	162.194
1431.1	161.868
1431.22	161.592
1431.34	161.351
1431.46	161.132
1431.57	160.943
1431.69	160.794
1431.81	160.673
1431.93	160.592
1432.05	160.549
1432.17	160.543
1432.28	160.575
1432.4	160.65
1432.52	160.756
1432.64	160.881
1432.76	161.032
1432.88	161.207
1432.99	161.399
1433.11	161.605
1433.23	161.805
1433.35	161.995
1433.47	162.166
1433.59	162.317
1433.7	162.444
1433.82	162.556
1433.94	162.635
1434.06	162.696
1434.18	162.743
1434.29	162.771
1434.41	162.783
1434.53	162.775
1434.65	162.735
1434.77	162.666
1434.89	162.57
1435	162.454
1435.12	162.333
1435.24	162.2
1435.36	162.041
1435.48	161.865
1435.59	161.672
1435.71	161.464
1435.83	161.26
1435.95	161.063
1436.07	160.894
1436.18	160.749
1436.3	160.608
1436.42	160.473
1436.54	160.346
1436.66	160.217
1436.77	160.094
1436.89	159.991
1437.01	159.909
1437.13	159.854
1437.25	159.818
1437.36	159.801
1437.48	159.822
1437.6	159.856
1437.72	159.896
1437.84	159.943
1437.95	160.003
1438.07	160.058
1438.19	160.118
1438.31	160.162
1438.43	160.199
1438.54	160.245
1438.66	160.297
1438.78	160.355
1438.9	160.409
1439.01	160.444
1439.13	160.457
1439.25	160.484
1439.37	160.512
1439.49	160.539
1439.6	160.563
1439.72	160.586
1439.84	160.613
1439.96	160.651
1440.07	160.688
1440.19	160.716
1440.31	160.722
1440.43	160.725
1440.54	160.704
1440.66	160.678
1440.78	160.659
1440.9	160.65
1441.02	160.621
1441.13	160.581
1441.25	160.542
1441.37	160.505
1441.49	160.445
1441.6	160.368
1441.72	160.275
1441.84	160.173
1441.96	160.067
1442.07	159.974
1442.19	159.888
1442.31	159.798
1442.43	159.712
1442.54	159.642
1442.66	159.574
1442.78	159.514
1442.9	159.476
1443.01	159.466
1443.13	159.481
1443.25	159.516
1443.37	159.557
1443.48	159.595
1443.6	159.624
1443.72	159.662
1443.84	159.715
1443.95	159.765
1444.07	159.804
1444.19	159.845
1444.31	159.888
1444.42	159.92
1444.54	159.953
1444.66	159.979
1444.78	159.986
1444.89	159.98
1445.01	159.977
1445.13	159.976
1445.24	159.969
1445.36	159.947
1445.48	159.895
1445.6	159.827
1445.71	159.74
1445.83	159.636
1445.95	159.522
1446.07	159.415
1446.18	159.322
1446.3	159.245
1446.42	159.172
1446.53	159.111
1446.65	159.055
1446.77	159.005
1446.89	158.98
1447	158.987
1447.12	159.018
1447.24	159.069
1447.36	159.144
1447.42	159.183
1447.53	159.314
1447.65	159.481
1447.77	159.691
1447.89	159.932
1448	160.188
1448.12	160.444
1448.24	160.708
1448.36	160.968
1448.48	161.24
1448.59	161.524
1448.71	161.814
1448.83	162.077
1448.95	162.314
1449.06	162.518
1449.18	162.7
1449.3	162.862
1449.42	162.984
1449.54	163.06
1449.65	163.09
1449.77	163.076
1449.89	163.026
1450.01	162.924
1450.13	162.788
1450.24	162.629
1450.36	162.452
1450.48	162.258
1450.6	162.053
1450.71	161.859
1450.83	161.682
1450.95	161.513
1451.07	161.346
1451.18	161.191
1451.3	161.041
1451.42	160.899
1451.54	160.765
1451.65	160.646
1451.77	160.538
1451.89	160.452
1452.01	160.408
1452.12	160.406
1452.24	160.442
1452.36	160.508
1452.48	160.621
1452.6	160.752
1452.71	160.898
1452.83	161.076
1452.95	161.285
1453.07	161.52
1453.18	161.773
1453.3	162.02
1453.42	162.256
1453.54	162.468
1453.65	162.673
1453.77	162.879
1453.89	163.066
1454.01	163.211
1454.12	163.313
1454.24	163.387
1454.36	163.43
1454.47	163.446
1454.59	163.451
1454.71	163.44
1454.83	163.417
1454.94	163.392
1455.06	163.368
1455.18	163.337
1455.3	163.304
1455.41	163.273
1455.53	163.243
1455.65	163.221
1455.77	163.202
1455.88	163.178
1456	163.144
1456.12	163.106
1456.23	163.066
1456.35	163.021
1456.47	162.973
1456.59	162.928
1456.7	162.89
1456.82	162.861
1456.94	162.847
1457.06	162.841
1457.17	162.809
1457.29	162.758
1457.41	162.701
1457.52	162.632
1457.64	162.57
1457.76	162.518
1457.88	162.474
1457.99	162.419
1458.11	162.34
1458.23	162.246
1458.34	162.157
1458.46	162.071
1458.58	161.991
1458.69	161.923
1458.81	161.864
1458.93	161.796
1459.05	161.745
1459.16	161.697
1459.28	161.668
1459.4	161.654
1459.51	161.655
1459.63	161.642
1459.75	161.616
1459.87	161.59
1459.98	161.571
1460.1	161.551
1460.22	161.549
1460.33	161.562
1460.45	161.586
1460.57	161.625
1460.68	161.698
1460.8	161.805
1460.92	161.936
1461.04	162.073
1461.15	162.203
1461.27	162.327
1461.39	162.433
1461.5	162.531
1461.62	162.609
1461.74	162.653
1461.85	162.661
1461.97	162.644
1462.09	162.607
1462.2	162.531
1462.32	162.422
1462.44	162.281
1462.55	162.127
1462.67	161.949
1462.79	161.768
1462.9	161.605
1463.02	161.448
1463.14	161.311
1463.25	161.2
1463.37	161.109
1463.49	161.048
1463.6	161.014
1463.72	161.038
1463.84	161.108
1463.95	161.197
1464.07	161.307
1464.19	161.432
1464.3	161.584
1464.42	161.753
1464.54	161.931
1464.65	162.115
1464.77	162.305
1464.89	162.5
1465	162.678
1465.12	162.844
1465.24	163
1465.35	163.147
1465.47	163.271
1465.59	163.374
1465.7	163.457
1465.82	163.519
1465.94	163.545
1466.05	163.527
1466.17	163.464
1466.29	163.359
1466.4	163.206
1466.52	163.026
1466.64	162.821
1466.75	162.593
1466.87	162.336
1466.98	162.067
1467.1	161.78
1467.22	161.456
1467.33	161.131
1467.45	160.806
1467.57	160.477
1467.68	160.17
1467.8	159.885
1467.92	159.619
1468.03	159.368
1468.15	159.131
1468.26	158.947
1468.38	158.815
1468.5	158.733
1468.61	158.704
1468.73	158.713
1468.85	158.759
1468.96	158.833
1469.08	158.939
1469.2	159.07
1469.31	159.24
1469.43	159.428
1469.54	159.632
1469.66	159.826
1469.78	160.021
1469.89	160.213
1470.01	160.388
1470.13	160.528
1470.24	160.626
1470.36	160.681
1470.47	160.705
1470.59	160.711
1470.71	160.71
1470.82	160.696
1470.94	160.659
1471.05	160.588
1471.17	160.496
1471.29	160.393
1471.4	160.277
1471.49	160.184
1471.61	160.057
1471.73	159.927
1471.84	159.813
1471.96	159.719
1472.08	159.63
1472.19	159.536
1472.31	159.455
1472.43	159.38
1472.54	159.315
1472.66	159.251
1472.78	159.212
1472.89	159.183
1473.01	159.165
1473.13	159.162
1473.24	159.174
1473.36	159.204
1473.48	159.25
1473.59	159.318
1473.71	159.418
1473.83	159.527
1473.94	159.644
1474.06	159.77
1474.18	159.905
1474.29	160.05
1474.41	160.198
1474.53	160.344
1474.64	160.494
1474.76	160.654
1474.88	160.817
1475	160.966
1475.11	161.115
1475.23	161.254
1475.34	161.384
1475.46	161.49
1475.58	161.585
1475.69	161.675
1475.81	161.764
1475.93	161.847
1476.04	161.919
1476.16	161.977
1476.28	162.007
1476.39	162.019
1476.51	162.03
1476.63	162.024
1476.74	161.99
1476.86	161.922
1476.98	161.838
1477.09	161.727
1477.21	161.594
1477.33	161.456
1477.44	161.298
1477.56	161.126
1477.68	160.949
1477.79	160.754
1477.91	160.536
1478.02	160.3
1478.14	160.063
1478.26	159.851
1478.37	159.642
1478.49	159.468
1478.61	159.322
1478.72	159.169
1478.84	159.022
1478.95	158.878
1479.07	158.737
1479.19	158.626
1479.3	158.548
1479.42	158.49
1479.54	158.472
1479.65	158.503
1479.77	158.579
1479.89	158.681
1480	158.796
1480.12	158.914
1480.23	159.036
1480.35	159.173
1480.47	159.339
1480.58	159.525
1480.7	159.734
1480.82	159.951
1480.93	160.161
1481.05	160.369
1481.16	160.588
1481.28	160.801
1481.4	161.001
1481.51	161.179
1481.63	161.345
1481.74	161.49
1481.86	161.618
1481.98	161.719
1482.09	161.784
1482.21	161.818
1482.33	161.824
1482.44	161.794
1482.56	161.733
1482.67	161.642
1482.79	161.527
1482.9	161.365
1483.02	161.19
1483.14	160.991
1483.25	160.785
1483.37	160.582
1483.49	160.372
1483.6	160.167
1483.72	159.954
1483.83	159.738
1483.95	159.528
1484.06	159.326
1484.18	159.14
1484.3	158.976
1484.41	158.834
1484.53	158.727
1484.64	158.657
1484.76	158.615
1484.88	158.594
1484.99	158.595
1485.11	158.622
1485.22	158.663
1485.34	158.726
1485.46	158.796
1485.57	158.877
1485.69	158.988
1485.8	159.125
1485.92	159.288
1486.03	159.476
1486.15	159.671
1486.27	159.868
1486.38	160.089
1486.5	160.327
1486.61	160.551
1486.73	160.753
1486.84	160.933
1486.96	161.102
1487.08	161.25
1487.19	161.376
1487.31	161.477
1487.42	161.547
1487.54	161.578
1487.65	161.569
1487.77	161.511
1487.89	161.41
1488	161.266
1488.12	161.106
1488.23	160.933
1488.35	160.74
1488.46	160.573
1488.58	160.403
1488.69	160.209
1488.81	160.007
1488.93	159.798
1489.04	159.589
1489.16	159.397
1489.27	159.223
1489.39	159.067
1489.5	158.968
1489.62	158.924
1489.73	158.895
1489.85	158.873
1489.97	158.867
1490.08	158.885
1490.2	158.927
1490.31	158.991
1490.43	159.069
1490.54	159.148
1490.66	159.237
1490.77	159.329
1490.89	159.428
1491	159.551
1491.12	159.695
1491.24	159.846
1491.35	160.003
1491.47	160.176
1491.58	160.347
1491.7	160.514
1491.81	160.685
1491.93	160.855
1492.04	161.029
1492.16	161.199
1492.27	161.365
1492.39	161.525
1492.5	161.676
1492.62	161.817
1492.73	161.951
1492.85	162.087
1492.96	162.218
1493.08	162.346
1493.2	162.476
1493.31	162.61
1493.43	162.746
1493.54	162.898
1493.66	163.055
1493.77	163.226
1493.89	163.417
1494	163.619
1494.12	163.815
1494.23	164.003
1494.35	164.167
1494.46	164.315
1494.58	164.418
1494.69	164.484
1494.81	164.527
1494.92	164.547
1495.04	164.556
1495.15	164.564
1495.27	164.546
1495.38	164.482
1495.5	164.374
1495.61	164.225
1495.73	164.027
1495.84	163.785
1495.96	163.497
1496.07	163.167
1496.19	162.806
1496.3	162.412
1496.31	162.373
1496.43	161.957
1496.54	161.532
1496.66	161.101
1496.77	160.666
1496.89	160.233
1497.01	159.804
1497.12	159.383
1497.24	158.982
1497.35	158.619
1497.47	158.296
1497.59	158.022
1497.7	157.802
1497.82	157.642
1497.93	157.524
1498.05	157.455
1498.16	157.426
1498.28	157.439
1498.39	157.504
1498.51	157.604
1498.63	157.721
1498.74	157.825
1498.86	157.874
1498.97	157.848
1499.09	157.732
1499.2	157.552
1499.32	157.347
1499.43	157.109
1499.55	156.92
1499.67	156.898
1499.78	157.068
1499.9	157.372
1499.95	157.524
1499.99	157.553
