1060.01	137.898
1060.14	141.146
1060.28	143.268
1060.41	144.566
1060.55	145.311
1060.68	145.682
1060.82	145.856
1060.95	145.913
1061.09	145.922
1061.22	145.906
1061.36	145.881
1061.49	145.844
1061.63	145.791
1061.76	145.713
1061.9	145.6
1062.03	145.451
1062.17	145.254
1062.3	145.009
1062.44	144.727
1062.57	144.423
1062.71	144.119
1062.84	143.842
1062.98	143.582
1063.11	143.343
1063.25	143.132
1063.38	142.974
1063.52	142.844
1063.65	142.754
1063.79	142.717
1063.92	142.728
1064.06	142.791
1064.19	142.892
1064.33	143.03
1064.46	143.203
1064.6	143.408
1064.73	143.644
1064.87	143.906
1065	144.191
1065.14	144.493
1065.27	144.805
1065.41	145.122
1065.54	145.436
1065.68	145.745
1065.81	146.036
1065.95	146.302
1066.08	146.528
1066.22	146.755
1066.35	146.991
1066.49	147.231
1066.62	147.464
1066.76	147.673
1066.89	147.857
1067.02	148.026
1067.16	148.165
1067.29	148.261
1067.43	148.315
1067.56	148.339
1067.7	148.346
1067.83	148.328
1067.97	148.287
1068.1	148.228
1068.24	148.164
1068.37	148.097
1068.51	148.023
1068.64	147.952
1068.78	147.891
1068.91	147.837
1069.05	147.787
1069.18	147.754
1069.31	147.732
1069.45	147.721
1069.58	147.717
1069.72	147.712
1069.85	147.714
1069.99	147.717
1070.12	147.722
1070.26	147.733
1070.39	147.753
1070.52	147.773
1070.66	147.79
1070.79	147.8
1070.93	147.804
1071.06	147.803
1071.2	147.796
1071.33	147.779
1071.47	147.751
1071.6	147.72
1071.73	147.685
1071.87	147.644
1072	147.592
1072.14	147.541
1072.27	147.503
1072.41	147.463
1072.54	147.42
1072.68	147.382
1072.81	147.346
1072.94	147.325
1073.08	147.306
1073.21	147.292
1073.35	147.293
1073.48	147.308
1073.61	147.358
1073.75	147.415
1073.88	147.473
1074.02	147.537
1074.15	147.605
1074.29	147.672
1074.42	147.736
1074.55	147.822
1074.69	147.913
1074.82	148.008
1074.96	148.097
1075.09	148.201
1075.23	148.301
1075.36	148.399
1075.49	148.493
1075.63	148.582
1075.76	148.675
1075.9	148.775
1076.03	148.889
1076.16	149.003
1076.3	149.125
1076.43	149.238
1076.57	149.36
1076.7	149.475
1076.83	149.576
1076.97	149.674
1077.1	149.767
1077.24	149.85
1077.37	149.92
1077.5	149.998
1077.64	150.064
1077.77	150.128
1077.91	150.178
1078.04	150.237
1078.17	150.281
1078.31	150.311
1078.44	150.361
1078.58	150.428
1078.71	150.492
1078.84	150.548
1078.98	150.591
1079.11	150.64
1079.24	150.702
1079.38	150.756
1079.51	150.805
1079.65	150.848
1079.78	150.893
1079.91	150.931
1080.05	150.956
1080.18	150.979
1080.32	150.996
1080.45	151.001
1080.58	151.007
1080.72	151.001
1080.85	150.987
1080.98	150.972
1081.12	150.939
1081.25	150.886
1081.39	150.815
1081.52	150.723
1081.65	150.624
1081.79	150.531
1081.92	150.442
1082.05	150.348
1082.19	150.268
1082.32	150.196
1082.45	150.133
1082.59	150.076
1082.72	150.033
1082.85	149.987
1082.99	149.954
1083.12	149.936
1083.26	149.92
1083.39	149.899
1083.52	149.871
1083.66	149.845
1083.79	149.814
1083.92	149.766
1084.06	149.705
1084.19	149.627
1084.32	149.553
1084.46	149.492
1084.59	149.43
1084.72	149.386
1084.86	149.373
1084.99	149.385
1085.12	149.403
1085.26	149.417
1085.39	149.437
1085.52	149.468
1085.66	149.513
1085.79	149.576
1085.92	149.651
1086.06	149.742
1086.19	149.81
1086.32	149.882
1086.46	149.939
1086.59	149.994
1086.72	150.039
1086.86	150.085
1086.99	150.116
1087.12	150.14
1087.26	150.159
1087.39	150.181
1087.52	150.198
1087.66	150.2
1087.79	150.184
1087.92	150.142
1088.06	150.081
1088.19	149.987
1088.32	149.879
1088.46	149.752
1088.59	149.599
1088.72	149.422
1088.79	149.324
1088.92	149.137
1089.06	148.929
1089.19	148.716
1089.33	148.483
1089.46	148.25
1089.59	148.001
1089.73	147.774
1089.86	147.59
1090	147.432
1090.13	147.288
1090.26	147.172
1090.4	147.084
1090.53	147.035
1090.67	147.015
1090.8	147.014
1090.93	147.033
1091.07	147.069
1091.2	147.132
1091.33	147.218
1091.47	147.345
1091.6	147.502
1091.73	147.683
1091.87	147.891
1092	148.128
1092.14	148.381
1092.27	148.661
1092.4	148.967
1092.54	149.277
1092.67	149.575
1092.8	149.86
1092.94	150.141
1093.07	150.403
1093.21	150.642
1093.34	150.845
1093.47	151.014
1093.61	151.148
1093.74	151.232
1093.87	151.258
1094.01	151.246
1094.14	151.227
1094.27	151.168
1094.41	151.096
1094.54	151
1094.67	150.874
1094.81	150.715
1094.94	150.539
1095.07	150.352
1095.21	150.151
1095.34	149.929
1095.47	149.701
1095.61	149.46
1095.74	149.231
1095.87	149.016
1096.01	148.805
1096.14	148.622
1096.28	148.473
1096.41	148.352
1096.54	148.236
1096.68	148.142
1096.81	148.084
1096.94	148.057
1097.08	148.072
1097.21	148.123
1097.34	148.199
1097.47	148.283
1097.61	148.368
1097.74	148.492
1097.88	148.62
1098.01	148.752
1098.14	148.884
1098.27	149.023
1098.41	149.166
1098.54	149.322
1098.67	149.493
1098.81	149.676
1098.94	149.874
1099.07	150.083
1099.21	150.296
1099.34	150.511
1099.47	150.736
1099.61	150.964
1099.74	151.197
1099.87	151.422
1100.01	151.635
1100.14	151.84
1100.27	152.032
1100.4	152.197
1100.54	152.344
1100.67	152.463
1100.8	152.547
1100.94	152.61
1101.07	152.651
1101.2	152.691
1101.34	152.726
1101.47	152.752
1101.6	152.785
1101.73	152.843
1101.87	152.9
1102	152.954
1102.13	153.008
1102.27	153.055
1102.4	153.084
1102.53	153.108
1102.67	153.127
1102.8	153.144
1102.93	153.161
1103.06	153.151
1103.2	153.125
1103.33	153.08
1103.46	153.017
1103.6	152.93
1103.73	152.843
1103.86	152.762
1103.99	152.687
1104.13	152.617
1104.26	152.569
1104.39	152.527
1104.53	152.484
1104.66	152.449
1104.79	152.416
1104.92	152.384
1105.06	152.349
1105.19	152.315
1105.32	152.286
1105.45	152.293
1105.59	152.341
1105.72	152.392
1105.85	152.472
1105.98	152.553
1106.12	152.617
1106.25	152.67
1106.38	152.735
1106.52	152.806
1106.65	152.881
1106.78	152.938
1106.91	152.986
1107.05	153.018
1107.18	153.049
1107.31	153.065
1107.44	153.053
1107.58	153.037
1107.71	153.01
1107.84	152.963
1107.97	152.881
1108.11	152.778
1108.24	152.671
1108.37	152.567
1108.5	152.462
1108.64	152.351
1108.77	152.227
1108.9	152.092
1109.03	151.971
1109.17	151.865
1109.3	151.736
1109.43	151.585
1109.56	151.427
1109.7	151.271
1109.83	151.109
1109.96	150.945
1110.09	150.799
1110.22	150.674
1110.36	150.572
1110.49	150.484
1110.62	150.413
1110.75	150.369
1110.89	150.376
1111.02	150.42
1111.15	150.51
1111.28	150.651
1111.42	150.833
1111.55	151.061
1111.68	151.313
1111.81	151.596
1111.94	151.905
1112.08	152.233
1112.21	152.575
1112.34	152.927
1112.47	153.269
1112.6	153.606
1112.74	153.933
1112.87	154.261
1113	154.593
1113.13	154.918
1113.27	155.211
1113.4	155.485
1113.53	155.738
1113.66	155.957
1113.79	156.149
1113.93	156.316
1114.06	156.448
1114.19	156.555
1114.32	156.63
1114.45	156.66
1114.59	156.662
1114.72	156.624
1114.85	156.549
1114.98	156.439
1115.11	156.314
1115.25	156.178
1115.38	156.034
1115.51	155.887
1115.64	155.732
1115.77	155.552
1115.91	155.358
1116.03	155.163
1116.16	154.947
1116.3	154.724
1116.43	154.488
1116.56	154.251
1116.7	154.015
1116.83	153.803
1116.96	153.618
1117.09	153.442
1117.23	153.293
1117.36	153.15
1117.49	153.025
1117.62	152.934
1117.76	152.891
1117.89	152.875
1118.02	152.883
1118.15	152.903
1118.29	152.951
1118.42	153.034
1118.55	153.143
1118.68	153.257
1118.82	153.368
1118.95	153.48
1119.08	153.578
1119.21	153.667
1119.35	153.738
1119.48	153.803
1119.61	153.864
1119.74	153.927
1119.88	153.973
1120.01	153.999
1120.14	153.991
1120.27	153.96
1120.41	153.933
1120.54	153.881
1120.67	153.801
1120.8	153.695
1120.94	153.569
1121.07	153.426
1121.2	153.27
1121.33	153.105
1121.46	152.944
1121.6	152.768
1121.73	152.58
1121.86	152.371
1121.99	152.152
1122.13	151.945
1122.26	151.752
1122.39	151.561
1122.52	151.389
1122.66	151.234
1122.79	151.101
1122.92	150.998
1123.05	150.903
1123.18	150.843
1123.32	150.82
1123.45	150.852
1123.58	150.921
1123.71	151.023
1123.84	151.146
1123.98	151.292
1124.11	151.464
1124.24	151.669
1124.37	151.895
1124.5	152.13
1124.64	152.374
1124.77	152.631
1124.9	152.885
1125.03	153.132
1125.16	153.372
1125.3	153.589
1125.43	153.782
1125.56	153.957
1125.69	154.106
1125.82	154.217
1125.96	154.296
1126.09	154.324
1126.22	154.307
1126.35	154.25
1126.48	154.169
1126.62	154.063
1126.75	153.932
1126.88	153.779
1127.01	153.607
1127.14	153.433
1127.28	153.263
1127.41	153.103
1127.54	152.952
1127.67	152.806
1127.8	152.661
1127.94	152.533
1128.07	152.417
1128.2	152.325
1128.33	152.247
1128.46	152.175
1128.59	152.133
1128.73	152.112
1128.86	152.118
1128.99	152.156
1129.12	152.226
1129.25	152.311
1129.38	152.417
1129.52	152.544
1129.65	152.696
1129.78	152.878
1129.91	153.069
1130.04	153.261
1130.17	153.437
1130.31	153.595
1130.44	153.743
1130.57	153.897
1130.7	154.044
1130.83	154.194
1130.96	154.345
1131.1	154.497
1131.23	154.629
1131.36	154.742
1131.49	154.828
1131.62	154.904
1131.75	154.988
1131.89	155.046
1132.02	155.102
1132.15	155.14
1132.28	155.178
1132.41	155.226
1132.54	155.272
1132.67	155.295
1132.81	155.312
1132.94	155.325
1133.07	155.351
1133.2	155.389
1133.33	155.439
1133.46	155.506
1133.59	155.56
1133.73	155.601
1133.86	155.629
1133.99	155.638
1134.12	155.635
1134.25	155.611
1134.38	155.571
1134.51	155.527
1134.64	155.475
1134.78	155.428
1134.91	155.373
1135.04	155.319
1135.17	155.254
1135.3	155.183
1135.43	155.116
1135.56	155.055
1135.69	154.98
1135.83	154.899
1135.96	154.82
1136.09	154.736
1136.22	154.636
1136.35	154.524
1136.48	154.409
1136.61	154.287
1136.74	154.176
1136.88	154.078
1137.01	153.989
1137.14	153.904
1137.27	153.83
1137.4	153.761
1137.53	153.694
1137.66	153.628
1137.79	153.571
1137.92	153.511
1138.06	153.44
1138.19	153.367
1138.32	153.307
1138.45	153.271
1138.58	153.239
1138.71	153.218
1138.84	153.194
1138.97	153.177
1139.1	153.167
1139.23	153.175
1139.37	153.196
1139.5	153.235
1139.63	153.274
1139.76	153.326
1139.89	153.398
1140.02	153.48
1140.15	153.58
1140.28	153.715
1140.41	153.874
1140.54	154.048
1140.67	154.239
1140.81	154.444
1140.94	154.669
1141.07	154.914
1141.2	155.15
1141.33	155.359
1141.46	155.548
1141.59	155.717
1141.72	155.876
1141.85	156.03
1141.98	156.172
1142.11	156.295
1142.24	156.4
1142.37	156.472
1142.51	156.495
1142.55	156.487
1142.68	156.474
1142.81	156.432
1142.94	156.369
1143.08	156.269
1143.21	156.15
1143.34	155.998
1143.47	155.819
1143.6	155.607
1143.73	155.354
1143.86	155.058
1144	154.752
1144.13	154.457
1144.26	154.189
1144.39	153.958
1144.52	153.768
1144.65	153.602
1144.78	153.45
1144.92	153.332
1145.05	153.253
1145.18	153.207
1145.31	153.19
1145.44	153.208
1145.57	153.264
1145.7	153.325
1145.83	153.398
1145.97	153.494
1146.1	153.603
1146.23	153.726
1146.36	153.851
1146.49	153.978
1146.62	154.103
1146.75	154.215
1146.88	154.304
1147.02	154.374
1147.15	154.412
1147.28	154.41
1147.41	154.35
1147.54	154.235
1147.67	154.066
1147.8	153.852
1147.93	153.591
1148.06	153.296
1148.19	152.959
1148.33	152.63
1148.46	152.296
1148.59	151.952
1148.72	151.599
1148.85	151.258
1148.98	150.93
1149.11	150.617
1149.24	150.329
1149.37	150.074
1149.51	149.862
1149.64	149.703
1149.77	149.584
1149.9	149.51
1150.03	149.471
1150.16	149.476
1150.29	149.525
1150.42	149.631
1150.55	149.795
1150.68	150.001
1150.81	150.237
1150.95	150.506
1151.08	150.799
1151.21	151.115
1151.34	151.455
1151.47	151.815
1151.6	152.181
1151.73	152.556
1151.86	152.926
1151.99	153.289
1152.12	153.645
1152.25	153.964
1152.38	154.234
1152.52	154.448
1152.65	154.624
1152.78	154.751
1152.91	154.841
1153.04	154.899
1153.17	154.924
1153.3	154.902
1153.43	154.855
1153.56	154.767
1153.69	154.648
1153.82	154.545
1153.95	154.457
1154.08	154.389
1154.21	154.347
1154.34	154.322
1154.48	154.324
1154.61	154.358
1154.74	154.407
1154.87	154.489
1155	154.592
1155.13	154.702
1155.26	154.828
1155.39	154.982
1155.52	155.154
1155.65	155.353
1155.78	155.555
1155.91	155.748
1156.04	155.936
1156.17	156.125
1156.3	156.305
1156.43	156.463
1156.56	156.597
1156.69	156.721
1156.82	156.813
1156.96	156.861
1157.09	156.884
1157.22	156.879
1157.35	156.833
1157.48	156.755
1157.61	156.641
1157.74	156.493
1157.87	156.315
1158	156.109
1158.13	155.897
1158.26	155.685
1158.39	155.475
1158.52	155.26
1158.65	155.025
1158.78	154.779
1158.91	154.545
1159.04	154.33
1159.17	154.133
1159.3	153.974
1159.43	153.842
1159.56	153.745
1159.69	153.685
1159.82	153.672
1159.95	153.714
1160.08	153.809
1160.21	153.949
1160.34	154.139
1160.47	154.378
1160.6	154.64
1160.73	154.949
1160.86	155.286
1160.99	155.635
1161.12	155.988
1161.25	156.324
1161.38	156.652
1161.51	156.977
1161.64	157.313
1161.77	157.638
1161.9	157.931
1162.03	158.188
1162.16	158.401
1162.29	158.568
1162.42	158.686
1162.55	158.76
1162.68	158.8
1162.81	158.796
1162.94	158.752
1163.07	158.67
1163.2	158.566
1163.33	158.423
1163.46	158.238
1163.59	158.012
1163.72	157.749
1163.85	157.462
1163.98	157.158
1164.11	156.847
1164.24	156.524
1164.37	156.193
1164.5	155.835
1164.63	155.475
1164.76	155.106
1164.89	154.76
1165.02	154.454
1165.15	154.165
1165.28	153.888
1165.41	153.622
1165.54	153.376
1165.67	153.162
1165.8	152.99
1165.93	152.843
1166.06	152.748
1166.19	152.674
1166.32	152.618
1166.45	152.587
1166.58	152.583
1166.71	152.588
1166.84	152.61
1166.97	152.626
1167.1	152.655
1167.23	152.688
1167.36	152.719
1167.49	152.752
1167.62	152.783
1167.75	152.819
1167.88	152.863
1168.01	152.918
1168.14	152.99
1168.27	153.07
1168.39	153.149
1168.49	153.208
1168.62	153.296
1168.75	153.376
1168.88	153.444
1169.01	153.496
1169.14	153.542
1169.27	153.605
1169.4	153.666
1169.53	153.723
1169.66	153.757
1169.79	153.768
1169.92	153.786
1170.05	153.82
1170.18	153.844
1170.31	153.851
1170.44	153.844
1170.57	153.818
1170.7	153.786
1170.83	153.751
1170.96	153.725
1171.09	153.7
1171.22	153.676
1171.35	153.669
1171.48	153.675
1171.61	153.69
1171.74	153.7
1171.87	153.727
1172	153.739
1172.13	153.741
1172.26	153.724
1172.39	153.679
1172.52	153.649
1172.65	153.634
1172.78	153.627
1172.91	153.601
1173.04	153.573
1173.17	153.537
1173.3	153.496
1173.43	153.455
1173.56	153.42
1173.69	153.396
1173.82	153.392
1173.95	153.398
1174.08	153.416
1174.21	153.466
1174.34	153.541
1174.47	153.616
1174.6	153.694
1174.73	153.775
1174.86	153.877
1174.99	154.003
1175.12	154.149
1175.25	154.302
1175.38	154.458
1175.51	154.618
1175.64	154.776
1175.77	154.936
1175.9	155.111
1176.03	155.307
1176.16	155.501
1176.29	155.675
1176.42	155.829
1176.55	155.974
1176.68	156.116
1176.81	156.254
1176.94	156.382
1177.07	156.512
1177.2	156.659
1177.33	156.8
1177.46	156.953
1177.59	157.105
1177.72	157.255
1177.85	157.39
1177.98	157.506
1178.11	157.589
1178.24	157.651
1178.37	157.683
1178.5	157.689
1178.63	157.67
1178.75	157.618
1178.88	157.534
1179.01	157.423
1179.14	157.304
1179.27	157.17
1179.4	157.016
1179.53	156.845
1179.66	156.662
1179.79	156.471
1179.92	156.251
1180.05	156.009
1180.18	155.765
1180.31	155.521
1180.44	155.284
1180.57	155.047
1180.7	154.812
1180.83	154.587
1180.96	154.384
1181.09	154.216
1181.22	154.073
1181.35	153.939
1181.48	153.82
1181.6	153.714
1181.73	153.621
1181.86	153.538
1181.99	153.459
1182.12	153.382
1182.25	153.316
1182.38	153.268
1182.51	153.259
1182.64	153.27
1182.77	153.294
1182.9	153.331
1183.03	153.369
1183.16	153.417
1183.29	153.476
1183.41	153.537
1183.54	153.607
1183.67	153.702
1183.8	153.794
1183.93	153.86
1184.06	153.918
1184.19	153.978
1184.32	154.028
1184.45	154.067
1184.58	154.093
1184.71	154.103
1184.84	154.099
1184.97	154.09
1185.09	154.08
1185.22	154.062
1185.35	154.033
1185.48	153.981
1185.61	153.91
1185.74	153.829
1185.87	153.752
1186	153.672
1186.13	153.584
1186.26	153.49
1186.39	153.398
1186.51	153.33
1186.64	153.28
1186.77	153.246
1186.9	153.231
1187.03	153.239
1187.16	153.262
1187.29	153.291
1187.42	153.322
1187.55	153.368
1187.68	153.421
1187.8	153.471
1187.93	153.52
1188.06	153.561
1188.19	153.614
1188.32	153.666
1188.45	153.703
1188.58	153.749
1188.71	153.774
1188.84	153.783
1188.96	153.753
1189.09	153.692
1189.22	153.589
1189.35	153.457
1189.48	153.305
1189.61	153.147
1189.74	152.979
1189.87	152.794
1189.99	152.609
1190.12	152.435
1190.25	152.27
1190.38	152.115
1190.51	151.984
1190.64	151.864
1190.77	151.76
1190.9	151.671
1191.02	151.592
1191.15	151.539
1191.28	151.521
1191.41	151.535
1191.54	151.571
1191.67	151.627
1191.8	151.698
1191.92	151.786
1192.05	151.883
1192.18	152.003
1192.31	152.158
1192.44	152.328
1192.57	152.514
1192.7	152.716
1192.83	152.922
1192.95	153.126
1193.08	153.319
1193.21	153.496
1193.34	153.68
1193.47	153.862
1193.6	154.047
1193.72	154.212
1193.85	154.351
1193.98	154.469
1194.11	154.546
1194.24	154.607
1194.37	154.638
1194.5	154.632
1194.62	154.585
1194.75	154.501
1194.88	154.368
1195.01	154.193
1195.14	154.009
1195.27	153.81
1195.4	153.604
1195.52	153.396
1195.54	153.364
1195.67	153.153
1195.8	152.965
1195.93	152.824
1196.06	152.731
1196.19	152.668
1196.32	152.635
1196.45	152.639
1196.58	152.699
1196.7	152.797
1196.83	152.93
1196.96	153.069
1197.09	153.233
1197.22	153.425
1197.35	153.651
1197.48	153.904
1197.61	154.155
1197.74	154.404
1197.87	154.641
1197.99	154.849
1198.12	155.018
1198.25	155.146
1198.38	155.232
1198.51	155.3
1198.64	155.324
1198.77	155.325
1198.9	155.318
1199.03	155.29
1199.15	155.248
1199.28	155.17
1199.41	155.068
1199.54	154.96
1199.67	154.832
1199.8	154.679
1199.93	154.495
1200.06	154.291
1200.19	154.047
1200.31	153.784
1200.44	153.512
1200.57	153.236
1200.7	152.946
1200.83	152.651
1200.96	152.366
1201.09	152.092
1201.22	151.813
1201.34	151.549
1201.47	151.313
1201.6	151.088
1201.73	150.886
1201.86	150.713
1201.99	150.573
1202.12	150.476
1202.24	150.427
1202.37	150.427
1202.5	150.455
1202.63	150.518
1202.76	150.606
1202.89	150.712
1203.02	150.831
1203.15	150.979
1203.27	151.153
1203.4	151.33
1203.53	151.512
1203.66	151.696
1203.79	151.874
1203.92	152.047
1204.04	152.213
1204.17	152.377
1204.3	152.551
1204.43	152.726
1204.56	152.906
1204.69	153.103
1204.82	153.304
1204.94	153.51
1205.07	153.712
1205.2	153.923
1205.33	154.116
1205.46	154.279
1205.59	154.407
1205.71	154.51
1205.84	154.583
1205.97	154.624
1206.1	154.65
1206.23	154.655
1206.36	154.639
1206.48	154.592
1206.61	154.526
1206.74	154.436
1206.87	154.33
1207	154.205
1207.13	154.061
1207.25	153.897
1207.38	153.712
1207.51	153.519
1207.64	153.32
1207.77	153.117
1207.9	152.914
1208.02	152.727
1208.15	152.571
1208.28	152.446
1208.41	152.357
1208.54	152.295
1208.67	152.258
1208.79	152.257
1208.92	152.264
1209.05	152.275
1209.18	152.286
1209.31	152.293
1209.43	152.307
1209.56	152.346
1209.69	152.399
1209.82	152.499
1209.95	152.627
1210.07	152.764
1210.2	152.919
1210.33	153.074
1210.46	153.247
1210.59	153.443
1210.71	153.661
1210.84	153.876
1210.97	154.103
1211.1	154.321
1211.23	154.524
1211.35	154.72
1211.48	154.915
1211.61	155.092
1211.74	155.251
1211.87	155.39
1211.99	155.504
1212.12	155.589
1212.25	155.648
1212.38	155.702
1212.51	155.753
1212.63	155.787
1212.76	155.814
1212.89	155.833
1213.02	155.842
1213.14	155.852
1213.27	155.869
1213.4	155.894
1213.53	155.917
1213.66	155.947
1213.78	155.981
1213.91	156.021
1214.04	156.058
1214.17	156.093
1214.29	156.117
1214.42	156.117
1214.55	156.097
1214.68	156.053
1214.81	155.995
1214.93	155.919
1215.06	155.824
1215.19	155.721
1215.32	155.614
1215.44	155.501
1215.57	155.392
1215.7	155.299
1215.83	155.196
1215.95	155.103
1216.08	155.012
1216.21	154.92
1216.34	154.813
1216.46	154.685
1216.59	154.541
1216.72	154.395
1216.85	154.248
1216.97	154.095
1217.1	153.952
1217.23	153.823
1217.36	153.701
1217.49	153.595
1217.61	153.51
1217.74	153.44
1217.87	153.365
1217.99	153.292
1218.12	153.238
1218.25	153.194
1218.38	153.141
1218.5	153.088
1218.63	153.031
1218.76	152.997
1218.89	152.981
1219.01	152.987
1219.14	152.99
1219.27	152.999
1219.4	153.022
1219.52	153.047
1219.65	153.087
1219.78	153.126
1219.91	153.148
1220.03	153.171
1220.16	153.178
1220.29	153.146
1220.41	153.086
1220.54	153.005
1220.67	152.905
1220.8	152.778
1220.92	152.611
1221.05	152.425
1221.18	152.235
1221.3	152.035
1221.34	151.978
1221.46	151.777
1221.59	151.589
1221.72	151.397
1221.85	151.219
1221.98	151.047
1222.1	150.896
1222.23	150.77
1222.36	150.68
1222.49	150.6
1222.62	150.536
1222.74	150.48
1222.87	150.439
1223	150.409
1223.13	150.397
1223.26	150.415
1223.38	150.463
1223.51	150.536
1223.64	150.631
1223.77	150.75
1223.89	150.887
1224.02	151.051
1224.15	151.238
1224.28	151.446
1224.41	151.669
1224.53	151.923
1224.66	152.205
1224.79	152.504
1224.92	152.796
1225.04	153.074
1225.17	153.338
1225.3	153.575
1225.43	153.796
1225.56	153.984
1225.68	154.157
1225.81	154.292
1225.94	154.391
1226.07	154.465
1226.19	154.507
1226.32	154.514
1226.45	154.492
1226.58	154.443
1226.7	154.359
1226.83	154.25
1226.96	154.126
1227.09	153.984
1227.21	153.824
1227.34	153.644
1227.47	153.444
1227.6	153.25
1227.72	153.054
1227.85	152.854
1227.98	152.654
1228.11	152.455
1228.23	152.26
1228.36	152.081
1228.49	151.926
1228.62	151.807
1228.74	151.708
1228.87	151.631
1229	151.581
1229.13	151.553
1229.25	151.547
1229.38	151.567
1229.51	151.621
1229.64	151.722
1229.76	151.844
1229.89	151.989
1230.02	152.139
1230.15	152.308
1230.27	152.496
1230.4	152.681
1230.53	152.891
1230.66	153.109
1230.78	153.334
1230.91	153.58
1231.04	153.832
1231.17	154.071
1231.29	154.305
1231.42	154.525
1231.55	154.723
1231.67	154.876
1231.8	154.997
1231.93	155.099
1232.06	155.179
1232.18	155.224
1232.31	155.244
1232.44	155.253
1232.56	155.238
1232.69	155.184
1232.82	155.12
1232.95	155.052
1233.07	154.99
1233.2	154.931
1233.33	154.892
1233.45	154.848
1233.58	154.807
1233.71	154.759
1233.84	154.711
1233.96	154.663
1234.09	154.616
1234.22	154.575
1234.34	154.546
1234.47	154.529
1234.6	154.528
1234.72	154.539
1234.85	154.561
1234.98	154.594
1235.11	154.64
1235.23	154.693
1235.36	154.759
1235.49	154.834
1235.61	154.912
1235.74	154.979
1235.87	155.029
1235.99	155.072
1236.12	155.108
1236.25	155.14
1236.37	155.17
1236.5	155.189
1236.63	155.194
1236.76	155.175
1236.88	155.13
1237.01	155.069
1237.14	154.991
1237.26	154.89
1237.39	154.754
1237.52	154.593
1237.64	154.418
1237.77	154.228
1237.9	154.036
1238.02	153.831
1238.15	153.628
1238.28	153.424
1238.4	153.231
1238.53	153.072
1238.66	152.919
1238.78	152.784
1238.91	152.646
1239.04	152.508
1239.16	152.389
1239.29	152.294
1239.42	152.24
1239.54	152.217
1239.67	152.211
1239.8	152.208
1239.92	152.236
1240.05	152.311
1240.18	152.415
1240.3	152.539
1240.43	152.697
1240.56	152.896
1240.68	153.117
1240.81	153.376
1240.94	153.649
1241.06	153.938
1241.19	154.231
1241.32	154.513
1241.44	154.794
1241.57	155.069
1241.7	155.324
1241.82	155.589
1241.95	155.858
1242.08	156.119
1242.2	156.378
1242.33	156.623
1242.45	156.838
1242.58	157.017
1242.71	157.168
1242.83	157.294
1242.96	157.394
1243.09	157.458
1243.21	157.501
1243.34	157.51
1243.47	157.471
1243.59	157.397
1243.72	157.305
1243.84	157.176
1243.97	157.036
1244.1	156.891
1244.22	156.737
1244.35	156.563
1244.48	156.362
1244.6	156.128
1244.73	155.87
1244.85	155.597
1244.98	155.303
1245.11	155.003
1245.23	154.693
1245.36	154.381
1245.49	154.071
1245.61	153.757
1245.74	153.457
1245.86	153.159
1245.99	152.875
1246.12	152.606
1246.24	152.355
1246.37	152.109
1246.5	151.883
1246.62	151.678
1246.75	151.498
1246.87	151.347
1247	151.221
1247.13	151.138
1247.25	151.075
1247.38	151.034
1247.5	151.007
1247.63	151.015
1247.66	151.013
1247.79	151.04
1247.91	151.086
1248.04	151.133
1248.17	151.181
1248.29	151.251
1248.42	151.348
1248.55	151.453
1248.67	151.577
1248.8	151.709
1248.93	151.865
1249.05	152.038
1249.18	152.241
1249.31	152.467
1249.43	152.697
1249.56	152.946
1249.69	153.186
1249.82	153.434
1249.94	153.701
1250.07	153.965
1250.2	154.229
1250.32	154.49
1250.45	154.745
1250.58	154.978
1250.7	155.212
1250.83	155.441
1250.96	155.626
1251.08	155.788
1251.21	155.938
1251.33	156.083
1251.46	156.205
1251.59	156.323
1251.71	156.418
1251.84	156.5
1251.97	156.561
1252.09	156.588
1252.22	156.589
1252.35	156.572
1252.47	156.52
1252.6	156.454
1252.73	156.382
1252.85	156.294
1252.98	156.199
1253.11	156.078
1253.23	155.961
1253.36	155.844
1253.49	155.725
1253.61	155.618
1253.74	155.517
1253.86	155.421
1253.99	155.343
1254.12	155.266
1254.24	155.191
1254.37	155.139
1254.5	155.108
1254.62	155.083
1254.75	155.092
1254.88	155.121
1255	155.168
1255.13	155.233
1255.25	155.306
1255.38	155.389
1255.51	155.476
1255.63	155.583
1255.76	155.699
1255.89	155.818
1256.01	155.923
1256.14	156.014
1256.26	156.082
1256.39	156.12
1256.52	156.123
1256.64	156.082
1256.77	156.004
1256.89	155.894
1257.02	155.752
1257.15	155.575
1257.27	155.38
1257.4	155.159
1257.53	154.92
1257.65	154.658
1257.78	154.391
1257.9	154.135
1258.03	153.871
1258.16	153.611
1258.28	153.363
1258.41	153.128
1258.53	152.889
1258.66	152.658
1258.79	152.447
1258.91	152.258
1259.04	152.102
1259.16	151.985
1259.29	151.926
1259.42	151.914
1259.54	151.958
1259.67	152.046
1259.79	152.189
1259.92	152.373
1260.05	152.589
1260.17	152.841
1260.3	153.114
1260.42	153.413
1260.55	153.726
1260.67	154.057
1260.8	154.391
1260.93	154.728
1261.05	155.071
1261.18	155.419
1261.3	155.758
1261.43	156.071
1261.56	156.363
1261.68	156.63
1261.81	156.852
1261.93	157.044
1262.06	157.2
1262.18	157.321
1262.31	157.403
1262.44	157.457
1262.56	157.486
1262.69	157.497
1262.81	157.496
1262.94	157.471
1263.06	157.418
1263.19	157.327
1263.32	157.184
1263.44	157.015
1263.57	156.833
1263.69	156.621
1263.82	156.398
1263.94	156.157
1264.07	155.911
1264.2	155.653
1264.32	155.397
1264.45	155.161
1264.57	154.942
1264.7	154.735
1264.82	154.537
1264.95	154.341
1265.07	154.16
1265.2	154.008
1265.33	153.863
1265.45	153.715
1265.58	153.589
1265.7	153.484
1265.83	153.402
1265.95	153.329
1266.08	153.265
1266.2	153.225
1266.33	153.213
1266.45	153.233
1266.58	153.267
1266.71	153.32
1266.83	153.387
1266.96	153.467
1267.08	153.546
1267.21	153.621
1267.33	153.685
1267.46	153.747
1267.58	153.823
1267.71	153.923
1267.83	154.04
1267.96	154.161
1268.08	154.289
1268.21	154.423
1268.33	154.568
1268.46	154.728
1268.59	154.912
1268.71	155.126
1268.84	155.353
1268.96	155.594
1269.09	155.841
1269.21	156.071
1269.34	156.278
1269.46	156.454
1269.59	156.626
1269.71	156.778
1269.84	156.918
1269.96	157.05
1270.09	157.19
1270.21	157.329
1270.34	157.48
1270.46	157.619
1270.59	157.758
1270.71	157.889
1270.84	158.006
1270.96	158.129
1271.09	158.239
1271.21	158.343
1271.34	158.437
1271.46	158.521
1271.59	158.591
1271.71	158.659
1271.84	158.721
1271.96	158.773
1272.09	158.809
1272.21	158.807
1272.34	158.764
1272.46	158.696
1272.59	158.595
1272.71	158.465
1272.84	158.299
1272.96	158.106
1273.09	157.893
1273.21	157.674
1273.34	157.464
1273.46	157.267
1273.59	157.087
1273.71	156.913
1273.84	156.726
1273.96	156.531
1274.08	156.36
1274.2	156.19
1274.33	156.022
1274.46	155.849
1274.58	155.68
1274.71	155.518
1274.83	155.362
1274.96	155.223
1275.08	155.123
1275.21	155.065
1275.33	155.047
1275.46	155.062
1275.59	155.098
1275.71	155.159
1275.84	155.256
1275.96	155.381
1276.09	155.51
1276.21	155.658
1276.34	155.832
1276.46	156.011
1276.59	156.2
1276.72	156.381
1276.84	156.567
1276.97	156.766
1277.09	156.96
1277.22	157.14
1277.34	157.308
1277.47	157.469
1277.59	157.606
1277.72	157.701
1277.84	157.725
1277.97	157.697
1278.09	157.612
1278.22	157.491
1278.35	157.343
1278.47	157.149
1278.6	156.917
1278.72	156.645
1278.85	156.333
1278.97	156.006
1279.1	155.665
1279.22	155.321
1279.35	154.99
1279.47	154.692
1279.6	154.414
1279.72	154.161
1279.85	153.932
1279.97	153.721
1280.1	153.535
1280.22	153.371
1280.35	153.258
1280.48	153.182
1280.6	153.15
1280.72	153.157
1280.85	153.221
1280.98	153.345
1281.1	153.524
1281.23	153.724
1281.35	153.96
1281.48	154.224
1281.6	154.512
1281.73	154.819
1281.85	155.131
1281.98	155.45
1282.1	155.763
1282.23	156.073
1282.35	156.379
1282.48	156.675
1282.6	156.963
1282.73	157.229
1282.85	157.449
1282.98	157.598
1283.1	157.693
1283.23	157.744
1283.35	157.73
1283.48	157.649
1283.6	157.501
1283.73	157.296
1283.85	157.042
1283.98	156.758
1284.1	156.458
1284.23	156.15
1284.35	155.832
1284.48	155.52
1284.6	155.208
1284.73	154.914
1284.85	154.649
1284.98	154.405
1285.1	154.177
1285.22	153.968
1285.35	153.77
1285.47	153.589
1285.6	153.432
1285.72	153.311
1285.85	153.22
1285.97	153.161
1286.1	153.132
1286.22	153.136
1286.35	153.161
1286.47	153.21
1286.6	153.284
1286.72	153.363
1286.85	153.428
1286.97	153.509
1287.1	153.585
1287.22	153.664
1287.35	153.756
1287.47	153.833
1287.59	153.905
1287.72	153.978
1287.84	154.04
1287.97	154.115
1288.09	154.189
1288.22	154.271
1288.34	154.339
1288.47	154.377
1288.59	154.381
1288.72	154.387
1288.84	154.378
1288.96	154.368
1289.09	154.348
1289.21	154.323
1289.34	154.303
1289.46	154.277
1289.59	154.245
1289.71	154.241
1289.84	154.251
1289.96	154.288
1290.09	154.35
1290.21	154.432
1290.33	154.509
1290.46	154.601
1290.58	154.715
1290.71	154.838
1290.83	154.959
1290.96	155.069
1291.08	155.186
1291.2	155.295
1291.33	155.4
1291.45	155.495
1291.58	155.602
1291.7	155.713
1291.83	155.823
1291.95	155.916
1292.08	156.002
1292.2	156.069
1292.32	156.116
1292.45	156.138
1292.57	156.141
1292.7	156.128
1292.82	156.097
1292.95	156.069
1293.07	156.036
1293.19	156.002
1293.32	155.978
1293.44	155.946
1293.57	155.896
1293.69	155.834
1293.81	155.775
1293.94	155.698
1294.06	155.592
1294.19	155.466
1294.31	155.322
1294.44	155.165
1294.56	154.997
1294.68	154.823
1294.81	154.639
1294.93	154.462
1295.06	154.278
1295.18	154.1
1295.3	153.927
1295.43	153.759
1295.55	153.603
1295.68	153.446
1295.8	153.302
1295.92	153.166
1296.05	153.032
1296.17	152.918
1296.3	152.829
1296.42	152.76
1296.54	152.709
1296.67	152.681
1296.79	152.672
1296.92	152.692
1297.04	152.734
1297.16	152.788
1297.29	152.854
1297.41	152.917
1297.54	152.973
1297.66	153.059
1297.78	153.14
1297.91	153.232
1298.03	153.327
1298.16	153.402
1298.28	153.47
1298.4	153.524
1298.53	153.566
1298.65	153.613
1298.77	153.643
1298.9	153.66
1299.02	153.635
1299.15	153.571
1299.27	153.476
1299.39	153.362
1299.52	153.218
1299.64	153.055
1299.76	152.861
1299.89	152.647
1299.97	152.5
1300.09	152.231
1300.22	151.946
1300.34	151.673
1300.46	151.403
1300.59	151.141
1300.71	150.87
1300.84	150.605
1300.96	150.361
1301.09	150.166
1301.21	150.021
1301.34	149.915
1301.46	149.837
1301.58	149.785
1301.71	149.772
1301.83	149.795
1301.96	149.863
1302.08	149.98
1302.21	150.152
1302.33	150.373
1302.45	150.639
1302.58	150.924
1302.7	151.219
1302.83	151.515
1302.95	151.814
1303.08	152.113
1303.2	152.409
1303.32	152.701
1303.45	152.98
1303.57	153.251
1303.7	153.515
1303.82	153.777
1303.94	154.035
1304.07	154.275
1304.19	154.495
1304.32	154.694
1304.44	154.865
1304.57	154.989
1304.69	155.063
1304.81	155.106
1304.94	155.126
1305.06	155.121
1305.19	155.075
1305.31	155.005
1305.43	154.932
1305.56	154.864
1305.68	154.792
1305.81	154.732
1305.93	154.682
1306.05	154.632
1306.18	154.583
1306.3	154.533
1306.43	154.503
1306.55	154.478
1306.67	154.462
1306.8	154.462
1306.92	154.464
1307.05	154.476
1307.17	154.492
1307.29	154.494
1307.42	154.489
1307.54	154.493
1307.67	154.495
1307.79	154.486
1307.91	154.478
1308.04	154.461
1308.16	154.429
1308.29	154.411
1308.41	154.375
1308.53	154.343
1308.66	154.306
1308.78	154.257
1308.9	154.2
1309.03	154.127
1309.15	154.051
1309.28	153.975
1309.4	153.888
1309.52	153.783
1309.65	153.656
1309.77	153.521
1309.9	153.391
1310.02	153.273
1310.14	153.178
1310.27	153.1
1310.39	153.029
1310.51	152.982
1310.64	152.947
1310.76	152.926
1310.88	152.938
1311.01	152.978
1311.13	153.028
1311.26	153.07
1311.38	153.1
1311.5	153.157
1311.63	153.237
1311.75	153.344
1311.87	153.47
1312	153.6
1312.12	153.726
1312.24	153.842
1312.37	153.96
1312.49	154.089
1312.61	154.243
1312.74	154.415
1312.86	154.601
1312.99	154.804
1313.11	155.014
1313.23	155.217
1313.36	155.41
1313.48	155.6
1313.6	155.781
1313.73	155.943
1313.85	156.074
1313.97	156.172
1314.1	156.245
1314.22	156.308
1314.34	156.37
1314.47	156.44
1314.59	156.506
1314.71	156.568
1314.84	156.625
1314.96	156.671
1315.08	156.711
1315.21	156.729
1315.33	156.719
1315.45	156.682
1315.58	156.625
1315.7	156.524
1315.82	156.378
1315.95	156.209
1316.07	156.038
1316.19	155.855
1316.32	155.661
1316.44	155.465
1316.56	155.253
1316.69	155.046
1316.81	154.84
1316.93	154.65
1317.06	154.478
1317.18	154.322
1317.3	154.191
1317.43	154.092
1317.55	154.003
1317.67	153.944
1317.79	153.885
1317.92	153.831
1318.04	153.81
1318.16	153.804
1318.29	153.811
1318.41	153.824
1318.53	153.852
1318.66	153.868
1318.78	153.895
1318.9	153.953
1319.03	154.029
1319.15	154.137
1319.27	154.262
1319.4	154.402
1319.52	154.565
1319.64	154.734
1319.76	154.905
1319.89	155.077
1320.01	155.246
1320.13	155.41
1320.26	155.562
1320.38	155.697
1320.5	155.823
1320.63	155.931
1320.75	156.023
1320.87	156.091
1320.99	156.138
1321.12	156.177
1321.24	156.197
1321.36	156.211
1321.48	156.231
1321.61	156.217
1321.73	156.161
1321.85	156.069
1321.98	155.963
1322.1	155.868
1322.22	155.762
1322.35	155.643
1322.47	155.519
1322.59	155.377
1322.71	155.228
1322.84	155.063
1322.96	154.903
1323.08	154.757
1323.2	154.619
1323.33	154.484
1323.45	154.373
1323.57	154.298
1323.7	154.249
1323.82	154.227
1323.94	154.226
1324.06	154.247
1324.19	154.279
1324.31	154.305
1324.43	154.326
1324.55	154.359
1324.68	154.416
1324.8	154.495
1324.92	154.595
1325.04	154.712
1325.14	154.808
1325.27	154.954
1325.39	155.11
1325.51	155.286
1325.64	155.491
1325.76	155.695
1325.88	155.898
1326.01	156.092
1326.13	156.288
1326.25	156.444
1326.38	156.572
1326.5	156.678
1326.62	156.762
1326.75	156.805
1326.87	156.806
1326.99	156.758
1327.12	156.662
1327.24	156.55
1327.36	156.401
1327.49	156.236
1327.61	156.047
1327.73	155.853
1327.86	155.648
1327.98	155.436
1328.1	155.204
1328.22	154.974
1328.35	154.734
1328.47	154.526
1328.59	154.343
1328.72	154.154
1328.84	153.985
1328.96	153.82
1329.09	153.666
1329.21	153.511
1329.33	153.386
1329.46	153.297
1329.58	153.251
1329.7	153.239
1329.82	153.252
1329.95	153.292
1330.07	153.358
1330.19	153.436
1330.32	153.517
1330.44	153.622
1330.56	153.741
1330.69	153.883
1330.81	154.03
1330.93	154.186
1331.05	154.346
1331.18	154.507
1331.3	154.674
1331.42	154.836
1331.55	154.997
1331.67	155.158
1331.79	155.324
1331.91	155.487
1332.04	155.644
1332.16	155.767
1332.28	155.868
1332.41	155.964
1332.53	156.06
1332.65	156.154
1332.77	156.225
1332.9	156.287
1333.02	156.344
1333.14	156.386
1333.27	156.424
1333.39	156.449
1333.51	156.482
1333.63	156.518
1333.76	156.549
1333.88	156.593
1334	156.663
1334.13	156.764
1334.25	156.874
1334.37	156.986
1334.49	157.096
1334.62	157.21
1334.74	157.325
1334.86	157.424
1334.98	157.521
1335.11	157.629
1335.23	157.748
1335.35	157.856
1335.47	157.944
1335.6	158.005
1335.72	158.048
1335.84	158.071
1335.96	158.064
1336.09	158.042
1336.21	158.011
1336.33	157.969
1336.45	157.924
1336.58	157.868
1336.7	157.794
1336.82	157.674
1336.95	157.544
1337.07	157.391
1337.19	157.208
1337.31	157
1337.43	156.768
1337.56	156.512
1337.68	156.251
1337.8	155.998
1337.92	155.757
1338.05	155.541
1338.17	155.341
1338.29	155.158
1338.41	154.973
1338.54	154.794
1338.66	154.637
1338.78	154.491
1338.9	154.363
1339.03	154.268
1339.15	154.174
1339.27	154.087
1339.39	154.021
1339.52	153.961
1339.64	153.908
1339.76	153.859
1339.88	153.817
1340	153.801
1340.13	153.816
1340.25	153.834
1340.37	153.846
1340.49	153.855
1340.62	153.864
1340.74	153.86
1340.86	153.83
1340.98	153.783
1341.1	153.714
1341.23	153.631
1341.35	153.53
1341.47	153.439
1341.59	153.346
1341.71	153.264
1341.84	153.187
1341.96	153.109
1342.08	153.036
1342.2	152.976
1342.33	152.93
1342.45	152.889
1342.57	152.863
1342.69	152.843
1342.81	152.84
1342.94	152.853
1343.06	152.889
1343.18	152.941
1343.3	153.012
1343.42	153.121
1343.55	153.254
1343.67	153.416
1343.79	153.605
1343.91	153.825
1344.03	154.087
1344.16	154.373
1344.28	154.681
1344.4	155.013
1344.52	155.371
1344.64	155.749
1344.77	156.113
1344.89	156.447
1345.01	156.763
1345.13	157.066
1345.25	157.341
1345.37	157.585
1345.5	157.822
1345.62	158.034
1345.74	158.217
1345.86	158.352
1345.98	158.434
1346.11	158.471
1346.23	158.469
1346.35	158.424
1346.47	158.333
1346.59	158.224
1346.71	158.112
1346.84	158.004
1346.96	157.884
1347.08	157.743
1347.2	157.583
1347.32	157.408
1347.45	157.225
1347.57	157.014
1347.69	156.782
1347.81	156.546
1347.93	156.304
1348.05	156.057
1348.18	155.814
1348.3	155.59
1348.42	155.388
1348.54	155.202
1348.66	155.034
1348.78	154.888
1348.9	154.754
1349.03	154.646
1349.15	154.573
1349.27	154.517
1349.39	154.481
1349.51	154.462
1349.63	154.46
1349.76	154.482
1349.88	154.527
1350	154.594
1350.12	154.673
1350.24	154.774
1350.36	154.885
1350.48	155.024
1350.61	155.19
1350.61	155.222
1350.73	155.402
1350.85	155.591
1350.98	155.786
1351.1	155.957
1351.22	156.091
1351.34	156.192
1351.47	156.257
1351.59	156.292
1351.71	156.309
1351.83	156.326
1351.95	156.322
1352.08	156.311
1352.2	156.279
1352.32	156.237
1352.44	156.187
1352.56	156.142
1352.69	156.096
1352.81	156.046
1352.93	155.993
1353.05	155.922
1353.17	155.843
1353.3	155.75
1353.42	155.658
1353.54	155.544
1353.66	155.426
1353.78	155.315
1353.91	155.192
1354.03	155.067
1354.15	154.946
1354.27	154.842
1354.39	154.759
1354.52	154.681
1354.64	154.619
1354.76	154.589
1354.88	154.599
1355	154.632
1355.13	154.661
1355.25	154.694
1355.37	154.754
1355.49	154.837
1355.61	154.935
1355.73	155.059
1355.86	155.193
1355.98	155.337
1356.1	155.487
1356.22	155.628
1356.34	155.756
1356.47	155.859
1356.59	155.937
1356.71	155.992
1356.83	156.039
1356.95	156.092
1357.07	156.14
1357.2	156.176
1357.32	156.193
1357.44	156.202
1357.56	156.217
1357.68	156.243
1357.8	156.253
1357.93	156.256
1358.05	156.263
1358.17	156.277
1358.29	156.286
1358.41	156.302
1358.53	156.324
1358.66	156.348
1358.78	156.38
1358.9	156.426
1359.02	156.49
1359.14	156.564
1359.26	156.646
1359.39	156.747
1359.51	156.862
1359.63	156.975
1359.75	157.078
1359.87	157.186
1359.99	157.309
1360.11	157.432
1360.24	157.559
1360.36	157.689
1360.48	157.821
1360.6	157.971
1360.72	158.13
1360.84	158.301
1360.96	158.491
1361.09	158.689
1361.21	158.88
1361.33	159.068
1361.45	159.247
1361.57	159.397
1361.69	159.528
1361.81	159.64
1361.94	159.736
1362.06	159.811
1362.18	159.868
1362.3	159.916
1362.42	159.942
1362.54	159.945
1362.66	159.924
1362.78	159.899
1362.91	159.866
1363.03	159.845
1363.15	159.812
1363.27	159.778
1363.39	159.733
1363.51	159.687
1363.63	159.658
1363.76	159.638
1363.88	159.627
1364	159.609
1364.12	159.609
1364.24	159.619
1364.36	159.617
1364.48	159.619
1364.6	159.642
1364.72	159.666
1364.85	159.681
1364.97	159.683
1365.09	159.695
1365.21	159.717
1365.33	159.722
1365.45	159.71
1365.57	159.689
1365.69	159.675
1365.81	159.656
1365.94	159.629
1366.06	159.598
1366.18	159.573
1366.3	159.555
1366.42	159.535
1366.54	159.521
1366.66	159.495
1366.78	159.459
1366.9	159.408
1367.02	159.35
1367.15	159.282
1367.27	159.204
1367.39	159.109
1367.51	158.987
1367.63	158.845
1367.75	158.693
1367.87	158.549
1367.99	158.414
1368.11	158.27
1368.23	158.104
1368.35	157.938
1368.48	157.779
1368.6	157.642
1368.72	157.515
1368.84	157.408
1368.96	157.305
1369.08	157.216
1369.2	157.161
1369.32	157.137
1369.44	157.128
1369.56	157.134
1369.68	157.163
1369.8	157.202
1369.92	157.225
1370.05	157.238
1370.17	157.235
1370.29	157.234
1370.41	157.218
1370.53	157.17
1370.65	157.117
1370.77	157.058
1370.89	156.994
1371.01	156.938
1371.13	156.878
1371.25	156.8
1371.37	156.719
1371.49	156.634
1371.61	156.549
1371.73	156.469
1371.86	156.39
1371.98	156.321
1372.1	156.266
1372.22	156.223
1372.34	156.188
1372.46	156.153
1372.58	156.14
1372.7	156.142
1372.82	156.159
1372.94	156.196
1373.06	156.241
1373.18	156.3
1373.3	156.372
1373.42	156.455
1373.54	156.515
1373.66	156.59
1373.78	156.666
1373.9	156.744
1374.02	156.834
1374.15	156.915
1374.27	156.993
1374.39	157.073
1374.51	157.159
1374.55	157.174
1374.68	157.252
1374.8	157.339
1374.92	157.429
1375.04	157.497
1375.16	157.541
1375.28	157.57
1375.4	157.59
1375.52	157.58
1375.65	157.528
1375.77	157.469
1375.89	157.39
1376.01	157.289
1376.13	157.143
1376.25	156.966
1376.37	156.772
1376.49	156.578
1376.61	156.392
1376.73	156.193
1376.86	155.992
1376.98	155.784
1377.1	155.586
1377.22	155.402
1377.34	155.224
1377.46	155.047
1377.58	154.887
1377.7	154.749
1377.82	154.629
1377.94	154.531
1378.06	154.452
1378.19	154.381
1378.31	154.302
1378.43	154.204
1378.55	154.101
1378.67	154.009
1378.79	153.934
1378.91	153.876
1379.03	153.818
1379.15	153.754
1379.27	153.676
1379.39	153.609
1379.52	153.561
1379.64	153.526
1379.76	153.502
1379.88	153.487
1380	153.483
1380.12	153.482
1380.24	153.491
1380.36	153.53
1380.48	153.585
1380.6	153.664
1380.72	153.753
1380.84	153.864
1380.96	154.018
1381.08	154.193
1381.21	154.393
1381.33	154.63
1381.45	154.879
1381.57	155.137
1381.69	155.411
1381.81	155.689
1381.93	155.963
1382.05	156.231
1382.17	156.489
1382.29	156.734
1382.41	156.956
1382.53	157.145
1382.65	157.304
1382.77	157.422
1382.89	157.525
1383.01	157.593
1383.14	157.648
1383.26	157.687
1383.38	157.686
1383.5	157.66
1383.62	157.599
1383.74	157.51
1383.86	157.38
1383.98	157.238
1384.1	157.061
1384.22	156.858
1384.34	156.646
1384.46	156.411
1384.58	156.177
1384.7	155.954
1384.82	155.736
1384.94	155.534
1385.06	155.366
1385.18	155.226
1385.3	155.106
1385.42	155.015
1385.54	154.955
1385.66	154.942
1385.78	154.959
1385.91	154.997
1386.03	155.066
1386.15	155.168
1386.27	155.283
1386.39	155.418
1386.51	155.564
1386.63	155.718
1386.75	155.894
1386.87	156.085
1386.99	156.292
1387.11	156.491
1387.23	156.677
1387.35	156.839
1387.47	156.975
1387.59	157.074
1387.71	157.135
1387.83	157.169
1387.95	157.172
1388.07	157.142
1388.19	157.069
1388.31	156.951
1388.43	156.782
1388.55	156.55
1388.67	156.268
1388.79	155.961
1388.91	155.641
1389.03	155.325
1389.15	155.023
1389.27	154.741
1389.39	154.479
1389.51	154.236
1389.63	154.028
1389.75	153.886
1389.87	153.804
1389.99	153.779
1390.11	153.818
1390.23	153.912
1390.35	154.054
1390.47	154.246
1390.59	154.499
1390.71	154.799
1390.83	155.136
1390.95	155.501
1391.07	155.89
1391.19	156.296
1391.31	156.715
1391.43	157.131
1391.55	157.558
1391.67	157.978
1391.79	158.377
1391.91	158.774
1392.03	159.143
1392.15	159.47
1392.27	159.749
1392.39	159.993
1392.51	160.192
1392.63	160.339
1392.75	160.417
1392.87	160.43
1392.99	160.389
1393.11	160.285
1393.23	160.13
1393.35	159.909
1393.47	159.658
1393.59	159.375
1393.71	159.063
1393.83	158.73
1393.94	158.384
1394.06	158.037
1394.18	157.686
1394.3	157.348
1394.42	157.018
1394.54	156.712
1394.66	156.435
1394.78	156.188
1394.9	155.986
1395.02	155.837
1395.14	155.745
1395.26	155.72
1395.38	155.755
1395.5	155.832
1395.62	155.95
1395.74	156.128
1395.86	156.355
1395.98	156.625
1396.1	156.915
1396.22	157.22
1396.34	157.529
1396.46	157.826
1396.58	158.093
1396.7	158.318
1396.82	158.492
1396.93	158.612
1397.05	158.694
1397.17	158.722
1397.29	158.718
1397.41	158.672
1397.53	158.578
1397.65	158.434
1397.77	158.244
1397.89	158.033
1398.01	157.819
1398.13	157.595
1398.25	157.355
1398.37	157.122
1398.49	156.904
1398.61	156.698
1398.73	156.51
1398.85	156.332
1398.96	156.177
1399.08	156.057
1399.2	155.962
1399.32	155.91
1399.44	155.893
1399.56	155.913
1399.68	155.978
1399.8	156.086
1399.92	156.239
1400.04	156.445
1400.16	156.69
1400.28	156.975
1400.4	157.304
1400.52	157.644
1400.64	158.006
1400.76	158.384
1400.88	158.769
1401	159.154
1401.12	159.538
1401.24	159.912
1401.36	160.268
1401.48	160.587
1401.6	160.88
1401.72	161.134
1401.84	161.342
1401.96	161.483
1402.08	161.555
1402.2	161.605
1402.32	161.599
1402.44	161.538
1402.56	161.454
1402.67	161.346
1402.79	161.21
1402.91	161.048
1403.03	160.865
1403.15	160.681
1403.27	160.5
1403.39	160.312
1403.51	160.114
1403.63	159.919
1403.75	159.749
1403.87	159.603
1403.99	159.487
1404.11	159.396
1404.23	159.342
1404.35	159.33
1404.47	159.358
1404.59	159.419
1404.71	159.498
1404.83	159.584
1404.95	159.68
1405.07	159.789
1405.19	159.894
1405.31	160.001
1405.43	160.096
1405.55	160.166
1405.67	160.201
1405.79	160.203
1405.91	160.169
1406.03	160.122
1406.15	160.065
1406.26	160.008
1406.38	159.936
1406.5	159.849
1406.62	159.75
1406.74	159.628
1406.86	159.479
1406.98	159.311
1407.1	159.141
1407.22	158.972
1407.34	158.801
1407.46	158.629
1407.58	158.48
1407.7	158.339
1407.82	158.195
1407.94	158.059
1408.06	157.942
1408.18	157.868
1408.3	157.817
1408.42	157.772
1408.53	157.738
1408.65	157.726
1408.77	157.732
1408.89	157.752
1409.01	157.789
1409.13	157.832
1409.25	157.876
1409.37	157.937
1409.49	158.006
1409.61	158.09
1409.73	158.172
1409.85	158.253
1409.97	158.33
1410.09	158.403
1410.2	158.452
1410.32	158.503
1410.44	158.546
1410.56	158.576
1410.68	158.586
1410.8	158.562
1410.92	158.54
1411.04	158.487
1411.16	158.408
1411.28	158.326
1411.4	158.236
1411.52	158.138
1411.64	158.028
1411.75	157.934
1411.87	157.853
1411.99	157.766
1412.11	157.677
1412.23	157.583
1412.35	157.487
1412.47	157.432
1412.59	157.38
1412.71	157.35
1412.83	157.357
1412.94	157.384
1413.06	157.434
1413.18	157.499
1413.3	157.584
1413.42	157.69
1413.54	157.812
1413.66	157.94
1413.78	158.057
1413.9	158.164
1414.02	158.267
1414.14	158.375
1414.25	158.481
1414.37	158.586
1414.49	158.691
1414.61	158.803
1414.73	158.913
1414.85	159.016
1414.97	159.118
1415.09	159.226
1415.21	159.341
1415.32	159.459
1415.44	159.568
1415.56	159.676
1415.68	159.775
1415.8	159.87
1415.92	159.959
1416.04	160.042
1416.16	160.123
1416.27	160.219
1416.39	160.318
1416.51	160.399
1416.63	160.45
1416.75	160.479
1416.87	160.494
1416.99	160.484
1417.11	160.456
1417.22	160.408
1417.34	160.339
1417.46	160.243
1417.58	160.12
1417.7	159.988
1417.82	159.845
1417.94	159.687
1418.05	159.533
1418.17	159.393
1418.29	159.285
1418.41	159.204
1418.53	159.128
1418.65	159.05
1418.77	158.966
1418.89	158.895
1419	158.841
1419.12	158.807
1419.24	158.778
1419.36	158.752
1419.48	158.736
1419.6	158.758
1419.72	158.805
1419.83	158.858
1419.95	158.906
1420.07	158.968
1420.19	159.031
1420.31	159.101
1420.43	159.157
1420.54	159.236
1420.66	159.318
1420.78	159.407
1420.9	159.495
1421.02	159.585
1421.14	159.68
1421.26	159.75
1421.37	159.802
1421.49	159.85
1421.61	159.878
1421.73	159.904
1421.85	159.913
1421.97	159.921
1422.08	159.902
1422.2	159.883
1422.32	159.865
1422.44	159.837
1422.56	159.799
1422.67	159.778
1422.79	159.77
1422.91	159.786
1423.03	159.815
1423.15	159.852
1423.27	159.895
1423.39	159.945
1423.5	160.006
1423.62	160.08
1423.74	160.169
1423.74	160.136
1423.86	160.209
1423.98	160.284
1424.1	160.388
1424.22	160.516
1424.34	160.652
1424.46	160.796
1424.58	160.931
1424.69	161.058
1424.81	161.173
1424.93	161.28
1425.05	161.383
1425.17	161.465
1425.29	161.51
1425.41	161.519
1425.53	161.49
1425.65	161.434
1425.76	161.352
1425.88	161.257
1426	161.143
1426.12	161.014
1426.24	160.889
1426.36	160.762
1426.48	160.614
1426.6	160.443
1426.71	160.278
1426.83	160.122
1426.95	159.981
1427.07	159.85
1427.19	159.728
1427.31	159.607
1427.43	159.492
1427.54	159.386
1427.66	159.286
1427.78	159.198
1427.9	159.106
1428.02	159.039
1428.14	159.019
1428.26	159.029
1428.38	159.065
1428.49	159.118
1428.61	159.188
1428.73	159.269
1428.85	159.368
1428.97	159.482
1429.09	159.608
1429.21	159.749
1429.32	159.889
1429.44	160.029
1429.56	160.175
1429.68	160.348
1429.8	160.518
1429.92	160.673
1430.04	160.83
1430.15	160.982
1430.27	161.117
1430.39	161.237
1430.51	161.337
1430.63	161.438
1430.75	161.531
1430.86	161.617
1430.98	161.688
1431.1	161.747
1431.22	161.786
1431.34	161.81
1431.46	161.806
1431.57	161.793
1431.69	161.749
1431.81	161.68
1431.93	161.563
1432.05	161.407
1432.17	161.223
1432.28	161.035
1432.4	160.826
1432.52	160.6
1432.64	160.368
1432.76	160.149
1432.88	159.958
1432.99	159.78
1433.11	159.603
1433.23	159.432
1433.35	159.271
1433.47	159.127
1433.59	159.001
1433.7	158.902
1433.82	158.823
1433.94	158.76
1434.06	158.723
1434.18	158.715
1434.29	158.757
1434.41	158.833
1434.53	158.939
1434.65	159.079
1434.77	159.247
1434.89	159.441
1435	159.654
1435.12	159.897
1435.24	160.159
1435.36	160.435
1435.48	160.7
1435.59	160.961
1435.71	161.223
1435.83	161.493
1435.95	161.751
1436.07	161.999
1436.18	162.231
1436.3	162.436
1436.42	162.629
1436.54	162.802
1436.66	162.938
1436.77	163.042
1436.89	163.119
1437.01	163.164
1437.13	163.186
1437.25	163.188
1437.36	163.171
1437.48	163.132
1437.6	163.084
1437.72	163.017
1437.84	162.921
1437.95	162.81
1438.07	162.682
1438.19	162.566
1438.31	162.454
1438.43	162.332
1438.54	162.197
1438.66	162.069
1438.78	161.941
1438.9	161.812
1439.01	161.696
1439.13	161.594
1439.25	161.499
1439.37	161.415
1439.49	161.332
1439.6	161.247
1439.72	161.168
1439.84	161.101
1439.96	161.024
1440.07	160.95
1440.19	160.884
1440.31	160.795
1440.43	160.703
1440.54	160.612
1440.66	160.524
1440.78	160.46
1440.9	160.409
1441.02	160.378
1441.13	160.35
1441.25	160.334
1441.37	160.342
1441.49	160.379
1441.6	160.434
1441.72	160.512
1441.84	160.595
1441.96	160.689
1442.07	160.792
1442.19	160.918
1442.31	161.07
1442.43	161.244
1442.54	161.444
1442.66	161.668
1442.78	161.9
1442.9	162.163
1443.01	162.449
1443.13	162.738
1443.25	163.021
1443.37	163.299
1443.48	163.572
1443.6	163.847
1443.72	164.108
1443.84	164.346
1443.95	164.553
1444.07	164.713
1444.19	164.829
1444.31	164.9
1444.42	164.934
1444.54	164.92
1444.66	164.857
1444.78	164.751
1444.89	164.586
1445.01	164.37
1445.13	164.104
1445.24	163.813
1445.36	163.49
1445.48	163.132
1445.6	162.73
1445.71	162.323
1445.83	161.926
1445.95	161.552
1446.07	161.183
1446.18	160.841
1446.3	160.536
1446.42	160.258
1446.53	160.036
1446.65	159.859
1446.77	159.725
1446.89	159.617
1447	159.545
1447.12	159.521
1447.24	159.549
1447.36	159.633
1447.42	159.687
1447.53	159.849
1447.65	160.06
1447.77	160.321
1447.89	160.624
1448	160.966
1448.12	161.325
1448.24	161.697
1448.36	162.058
1448.48	162.418
1448.59	162.745
1448.71	163.054
1448.83	163.315
1448.95	163.541
1449.06	163.735
1449.18	163.892
1449.3	164.011
1449.42	164.092
1449.54	164.125
1449.65	164.106
1449.77	164.036
1449.89	163.91
1450.01	163.735
1450.13	163.518
1450.24	163.26
1450.36	162.954
1450.48	162.637
1450.6	162.328
1450.71	162.035
1450.83	161.761
1450.95	161.498
1451.07	161.256
1451.18	161.023
1451.3	160.824
1451.42	160.675
1451.54	160.563
1451.65	160.49
1451.77	160.457
1451.89	160.466
1452.01	160.503
1452.12	160.568
1452.24	160.666
1452.36	160.793
1452.48	160.951
1452.6	161.108
1452.71	161.272
1452.83	161.436
1452.95	161.613
1453.07	161.778
1453.18	161.922
1453.3	162.048
1453.42	162.152
1453.54	162.227
1453.65	162.284
1453.77	162.316
1453.89	162.318
1454.01	162.289
1454.12	162.224
1454.24	162.129
1454.36	162.01
1454.47	161.871
1454.59	161.707
1454.71	161.519
1454.83	161.307
1454.94	161.076
1455.06	160.846
1455.18	160.605
1455.3	160.369
1455.41	160.126
1455.53	159.871
1455.65	159.621
1455.77	159.396
1455.88	159.195
1456	159.018
1456.12	158.858
1456.23	158.732
1456.35	158.642
1456.47	158.595
1456.59	158.601
1456.7	158.644
1456.82	158.704
1456.94	158.766
1457.06	158.846
1457.17	158.954
1457.29	159.079
1457.41	159.218
1457.52	159.376
1457.64	159.546
1457.76	159.735
1457.88	159.961
1457.99	160.204
1458.11	160.456
1458.23	160.709
1458.34	160.952
1458.46	161.19
1458.58	161.424
1458.69	161.638
1458.81	161.836
1458.93	161.999
1459.05	162.141
1459.16	162.262
1459.28	162.364
1459.4	162.451
1459.51	162.512
1459.63	162.544
1459.75	162.541
1459.87	162.507
1459.98	162.442
1460.1	162.347
1460.22	162.222
1460.33	162.074
1460.45	161.908
1460.57	161.746
1460.68	161.582
1460.8	161.42
1460.92	161.25
1461.04	161.075
1461.15	160.891
1461.27	160.697
1461.39	160.51
1461.5	160.341
1461.62	160.18
1461.74	160.052
1461.85	159.955
1461.97	159.867
1462.09	159.771
1462.2	159.685
1462.32	159.611
1462.44	159.563
1462.55	159.55
1462.67	159.565
1462.79	159.608
1462.9	159.682
1463.02	159.783
1463.14	159.886
1463.25	159.986
1463.37	160.094
1463.49	160.198
1463.6	160.291
1463.72	160.392
1463.84	160.489
1463.95	160.572
1464.07	160.639
1464.19	160.689
1464.3	160.711
1464.42	160.709
1464.54	160.676
1464.65	160.617
1464.77	160.533
1464.89	160.424
1465	160.316
1465.12	160.201
1465.24	160.074
1465.35	159.947
1465.47	159.814
1465.59	159.671
1465.7	159.539
1465.82	159.409
1465.94	159.27
1466.05	159.128
1466.17	158.986
1466.29	158.851
1466.4	158.747
1466.52	158.67
1466.64	158.614
1466.75	158.568
1466.87	158.519
1466.98	158.465
1467.1	158.416
1467.22	158.384
1467.33	158.353
1467.45	158.322
1467.57	158.293
1467.68	158.263
1467.8	158.242
1467.92	158.232
1468.03	158.224
1468.15	158.223
1468.26	158.222
1468.38	158.216
1468.5	158.218
1468.61	158.227
1468.73	158.25
1468.85	158.285
1468.96	158.334
1469.08	158.387
1469.2	158.442
1469.31	158.503
1469.43	158.572
1469.54	158.639
1469.66	158.7
1469.78	158.75
1469.89	158.801
1470.01	158.848
1470.13	158.884
1470.24	158.912
1470.36	158.945
1470.47	158.966
1470.59	158.998
1470.71	159.038
1470.82	159.084
1470.94	159.133
1471.05	159.168
1471.17	159.187
1471.29	159.196
1471.4	159.198
1471.49	159.214
1471.61	159.243
1471.73	159.281
1471.84	159.296
1471.96	159.274
1472.08	159.224
1472.19	159.145
1472.31	159.042
1472.43	158.93
1472.54	158.82
1472.66	158.707
1472.78	158.587
1472.89	158.476
1473.01	158.362
1473.13	158.232
1473.24	158.1
1473.36	157.986
1473.48	157.887
1473.59	157.797
1473.71	157.732
1473.83	157.687
1473.94	157.664
1474.06	157.666
1474.18	157.679
1474.29	157.703
1474.41	157.744
1474.53	157.791
1474.64	157.853
1474.76	157.927
1474.88	158.01
1475	158.113
1475.11	158.224
1475.23	158.365
1475.34	158.54
1475.46	158.715
1475.58	158.893
1475.69	159.088
1475.81	159.284
1475.93	159.457
1476.04	159.633
1476.16	159.809
1476.28	159.987
1476.39	160.179
1476.51	160.357
1476.63	160.527
1476.74	160.674
1476.86	160.794
1476.98	160.882
1477.09	160.949
1477.21	161.006
1477.33	161.039
1477.44	161.049
1477.56	161.015
1477.68	160.954
1477.79	160.874
1477.91	160.756
1478.02	160.603
1478.14	160.416
1478.26	160.185
1478.37	159.915
1478.49	159.607
1478.61	159.289
1478.72	158.966
1478.84	158.636
1478.95	158.296
1479.07	157.938
1479.19	157.598
1479.3	157.28
1479.42	156.972
1479.54	156.685
1479.65	156.413
1479.77	156.158
1479.89	155.938
1480	155.745
1480.12	155.573
1480.23	155.423
1480.35	155.3
1480.47	155.197
1480.58	155.133
1480.7	155.103
1480.82	155.101
1480.93	155.125
1481.05	155.154
1481.16	155.199
1481.28	155.256
1481.4	155.336
1481.51	155.46
1481.63	155.599
1481.74	155.738
1481.86	155.867
1481.98	155.981
1482.09	156.087
1482.21	156.179
1482.33	156.261
1482.44	156.34
1482.56	156.423
1482.67	156.509
1482.79	156.576
1482.9	156.638
1483.02	156.685
1483.14	156.717
1483.25	156.744
1483.37	156.777
1483.49	156.811
1483.6	156.844
1483.72	156.885
1483.83	156.94
1483.95	157.015
1484.06	157.108
1484.18	157.224
1484.3	157.356
1484.41	157.498
1484.53	157.64
1484.64	157.785
1484.76	157.932
1484.88	158.073
1484.99	158.223
1485.11	158.373
1485.22	158.534
1485.34	158.69
1485.46	158.804
1485.57	158.911
1485.69	159.004
1485.8	159.056
1485.92	159.065
1486.03	159.054
1486.15	159.012
1486.27	158.939
1486.38	158.833
1486.5	158.685
1486.61	158.519
1486.73	158.324
1486.84	158.105
1486.96	157.849
1487.08	157.582
1487.19	157.315
1487.31	157.05
1487.42	156.805
1487.54	156.552
1487.65	156.331
1487.77	156.144
1487.89	155.99
1488	155.872
1488.12	155.801
1488.23	155.767
1488.35	155.755
1488.46	155.778
1488.58	155.849
1488.69	155.958
1488.81	156.1
1488.93	156.262
1489.04	156.446
1489.16	156.671
1489.27	156.917
1489.39	157.182
1489.5	157.468
1489.62	157.752
1489.73	158.054
1489.85	158.362
1489.97	158.661
1490.08	158.939
1490.2	159.186
1490.31	159.409
1490.43	159.596
1490.54	159.754
1490.66	159.88
1490.77	159.974
1490.89	160.028
1491	160.042
1491.12	160.024
1491.24	159.975
1491.35	159.906
1491.47	159.809
1491.58	159.683
1491.7	159.536
1491.81	159.376
1491.93	159.21
1492.04	159.044
1492.16	158.875
1492.27	158.704
1492.39	158.534
1492.5	158.375
1492.62	158.226
1492.73	158.093
1492.85	157.977
1492.96	157.878
1493.08	157.796
1493.2	157.727
1493.31	157.673
1493.43	157.634
1493.54	157.604
1493.66	157.582
1493.77	157.569
1493.89	157.574
1494	157.605
1494.12	157.662
1494.23	157.711
1494.35	157.767
1494.46	157.833
1494.58	157.911
1494.69	158.007
1494.81	158.132
1494.92	158.273
1495.04	158.45
1495.15	158.605
1495.27	158.742
1495.38	158.836
1495.5	158.931
1495.61	159.01
1495.73	159.071
1495.84	159.118
1495.96	159.149
1496.07	159.157
1496.19	159.142
1496.3	159.1
1496.31	159.107
1496.43	159.022
1496.54	158.891
1496.66	158.714
1496.77	158.5
1496.89	158.231
1497.01	157.901
1497.12	157.516
1497.24	157.073
1497.35	156.6
1497.47	156.064
1497.59	155.466
1497.7	154.805
1497.82	154.095
1497.93	153.341
1498.05	152.577
1498.16	151.824
1498.28	151.098
1498.39	150.438
1498.51	149.888
1498.63	149.485
1498.74	149.255
1498.86	149.226
1498.97	149.444
1499.09	149.919
1499.2	150.677
1499.32	151.711
1499.43	153.03
1499.55	154.573
1499.67	156.234
1499.78	157.873
1499.9	159.27
1499.95	159.774
1499.99	160
