1060.01	164.343
1060.14	162.587
1060.28	162.45
1060.41	163.227
1060.55	164.451
1060.68	165.829
1060.82	167.171
1060.95	168.348
1061.09	169.323
1061.22	170.098
1061.36	170.692
1061.49	171.099
1061.63	171.358
1061.76	171.477
1061.9	171.482
1062.03	171.39
1062.17	171.233
1062.3	171.038
1062.44	170.816
1062.57	170.588
1062.71	170.353
1062.84	170.123
1062.98	169.909
1063.11	169.709
1063.25	169.553
1063.38	169.431
1063.52	169.331
1063.65	169.262
1063.79	169.214
1063.92	169.184
1064.06	169.162
1064.19	169.143
1064.33	169.12
1064.46	169.093
1064.6	169.064
1064.73	169.035
1064.87	169.004
1065	168.969
1065.14	168.93
1065.27	168.889
1065.41	168.84
1065.54	168.788
1065.68	168.741
1065.81	168.693
1065.95	168.79
1066.08	168.819
1066.22	168.791
1066.35	168.748
1066.49	168.707
1066.62	168.686
1066.76	168.677
1066.89	168.707
1067.02	168.76
1067.16	168.825
1067.29	168.906
1067.43	169.021
1067.56	169.148
1067.7	169.311
1067.83	169.489
1067.97	169.684
1068.1	169.902
1068.24	170.135
1068.37	170.382
1068.51	170.635
1068.64	170.894
1068.78	171.159
1068.91	171.434
1069.05	171.701
1069.18	171.961
1069.31	172.21
1069.45	172.455
1069.58	172.684
1069.72	172.894
1069.85	173.088
1069.99	173.264
1070.12	173.412
1070.26	173.524
1070.39	173.602
1070.52	173.648
1070.66	173.657
1070.79	173.624
1070.93	173.559
1071.06	173.459
1071.2	173.334
1071.33	173.188
1071.47	173.028
1071.6	172.851
1071.73	172.66
1071.87	172.471
1072	172.276
1072.14	172.087
1072.27	171.895
1072.41	171.699
1072.54	171.493
1072.68	171.288
1072.81	171.103
1072.94	170.941
1073.08	170.789
1073.21	170.666
1073.35	170.558
1073.48	170.483
1073.61	170.421
1073.75	170.376
1073.88	170.363
1074.02	170.383
1074.15	170.42
1074.29	170.496
1074.42	170.593
1074.55	170.726
1074.69	170.89
1074.82	171.056
1074.96	171.257
1075.09	171.472
1075.23	171.688
1075.36	171.911
1075.49	172.142
1075.63	172.387
1075.76	172.633
1075.9	172.885
1076.03	173.133
1076.16	173.384
1076.3	173.629
1076.43	173.864
1076.57	174.097
1076.7	174.331
1076.83	174.549
1076.97	174.741
1077.1	174.931
1077.24	175.116
1077.37	175.273
1077.5	175.414
1077.64	175.548
1077.77	175.668
1077.91	175.766
1078.04	175.842
1078.17	175.91
1078.31	175.962
1078.44	176.025
1078.58	176.076
1078.71	176.121
1078.84	176.17
1078.98	176.204
1079.11	176.233
1079.24	176.275
1079.38	176.309
1079.51	176.341
1079.65	176.37
1079.78	176.387
1079.91	176.387
1080.05	176.375
1080.18	176.36
1080.32	176.349
1080.45	176.321
1080.58	176.28
1080.72	176.23
1080.85	176.174
1080.98	176.131
1081.12	176.087
1081.25	176.047
1081.39	176.023
1081.52	176.003
1081.65	175.972
1081.79	175.928
1081.92	175.882
1082.05	175.826
1082.19	175.77
1082.32	175.713
1082.45	175.66
1082.59	175.612
1082.72	175.583
1082.85	175.56
1082.99	175.563
1083.12	175.572
1083.26	175.605
1083.39	175.667
1083.52	175.752
1083.66	175.865
1083.79	175.998
1083.92	176.129
1084.06	176.27
1084.19	176.424
1084.32	176.593
1084.46	176.761
1084.59	176.922
1084.72	177.082
1084.86	177.23
1084.99	177.374
1085.12	177.501
1085.26	177.626
1085.39	177.745
1085.52	177.842
1085.66	177.912
1085.79	177.969
1085.92	177.998
1086.06	178.031
1086.19	178.047
1086.32	178.041
1086.46	178.039
1086.59	178.021
1086.72	177.998
1086.86	177.988
1086.99	177.986
1087.12	177.987
1087.26	177.971
1087.39	177.947
1087.52	177.925
1087.66	177.913
1087.79	177.904
1087.92	177.9
1088.06	177.909
1088.19	177.939
1088.32	177.988
1088.46	178.046
1088.59	178.131
1088.72	178.232
1088.79	178.28
1088.92	178.411
1089.06	178.561
1089.19	178.716
1089.33	178.875
1089.46	179.037
1089.59	179.195
1089.73	179.35
1089.86	179.498
1090	179.633
1090.13	179.752
1090.26	179.851
1090.4	179.904
1090.53	179.956
1090.67	179.993
1090.8	180.002
1090.93	179.982
1091.07	179.921
1091.2	179.821
1091.33	179.68
1091.47	179.519
1091.6	179.343
1091.73	179.125
1091.87	178.883
1092	178.619
1092.14	178.341
1092.27	178.079
1092.4	177.829
1092.54	177.586
1092.67	177.356
1092.8	177.168
1092.94	176.994
1093.07	176.849
1093.21	176.717
1093.34	176.604
1093.47	176.524
1093.61	176.478
1093.74	176.455
1093.87	176.448
1094.01	176.466
1094.14	176.51
1094.27	176.56
1094.41	176.636
1094.54	176.725
1094.67	176.827
1094.81	176.949
1094.94	177.089
1095.07	177.238
1095.21	177.388
1095.34	177.527
1095.47	177.685
1095.61	177.848
1095.74	178.011
1095.87	178.166
1096.01	178.324
1096.14	178.475
1096.28	178.617
1096.41	178.751
1096.54	178.875
1096.68	178.996
1096.81	179.098
1096.94	179.191
1097.08	179.275
1097.21	179.338
1097.34	179.378
1097.47	179.425
1097.61	179.463
1097.74	179.488
1097.88	179.517
1098.01	179.561
1098.14	179.625
1098.27	179.713
1098.41	179.81
1098.54	179.924
1098.67	180.047
1098.81	180.192
1098.94	180.351
1099.07	180.517
1099.21	180.681
1099.34	180.849
1099.47	181.012
1099.61	181.172
1099.74	181.321
1099.87	181.438
1100.01	181.538
1100.14	181.613
1100.27	181.675
1100.4	181.729
1100.54	181.761
1100.67	181.786
1100.8	181.81
1100.94	181.82
1101.07	181.804
1101.2	181.78
1101.34	181.731
1101.47	181.672
1101.6	181.579
1101.73	181.464
1101.87	181.315
1102	181.17
1102.13	181.012
1102.27	180.839
1102.4	180.65
1102.53	180.454
1102.67	180.262
1102.8	180.06
1102.93	179.877
1103.06	179.704
1103.2	179.522
1103.33	179.355
1103.46	179.195
1103.6	179.055
1103.73	178.951
1103.86	178.861
1103.99	178.781
1104.13	178.725
1104.26	178.708
1104.39	178.699
1104.53	178.728
1104.66	178.768
1104.79	178.835
1104.92	178.937
1105.06	179.056
1105.19	179.188
1105.32	179.337
1105.45	179.5
1105.59	179.666
1105.72	179.826
1105.85	179.997
1105.98	180.167
1106.12	180.338
1106.25	180.498
1106.38	180.65
1106.52	180.778
1106.65	180.876
1106.78	180.955
1106.91	181.025
1107.05	181.068
1107.18	181.098
1107.31	181.113
1107.44	181.116
1107.58	181.097
1107.71	181.061
1107.84	181.004
1107.97	180.928
1108.11	180.854
1108.24	180.772
1108.37	180.685
1108.5	180.582
1108.64	180.451
1108.77	180.312
1108.9	180.185
1109.03	180.053
1109.17	179.917
1109.3	179.796
1109.43	179.692
1109.56	179.602
1109.7	179.528
1109.83	179.481
1109.96	179.484
1110.09	179.511
1110.22	179.581
1110.36	179.687
1110.49	179.849
1110.62	180.064
1110.75	180.318
1110.89	180.593
1111.02	180.881
1111.15	181.178
1111.28	181.467
1111.42	181.738
1111.55	181.987
1111.68	182.218
1111.81	182.423
1111.94	182.603
1112.08	182.779
1112.21	182.932
1112.34	183.054
1112.47	183.144
1112.6	183.216
1112.74	183.253
1112.87	183.273
1113	183.251
1113.13	183.194
1113.27	183.101
1113.4	182.997
1113.53	182.87
1113.66	182.71
1113.79	182.525
1113.93	182.332
1114.06	182.126
1114.19	181.895
1114.32	181.671
1114.45	181.432
1114.59	181.173
1114.72	180.92
1114.85	180.669
1114.98	180.424
1115.11	180.179
1115.25	179.926
1115.38	179.682
1115.51	179.449
1115.64	179.22
1115.77	178.989
1115.91	178.78
1116.03	178.583
1116.16	178.395
1116.3	178.224
1116.43	178.061
1116.56	177.919
1116.7	177.796
1116.83	177.679
1116.96	177.555
1117.09	177.44
1117.23	177.34
1117.36	177.248
1117.49	177.153
1117.62	177.062
1117.76	176.976
1117.89	176.895
1118.02	176.812
1118.15	176.735
1118.29	176.654
1118.42	176.581
1118.55	176.53
1118.68	176.487
1118.82	176.456
1118.95	176.444
1119.08	176.46
1119.21	176.502
1119.35	176.577
1119.48	176.701
1119.61	176.84
1119.74	177.003
1119.88	177.198
1120.01	177.405
1120.14	177.647
1120.27	177.911
1120.41	178.188
1120.54	178.47
1120.67	178.747
1120.8	179.007
1120.94	179.247
1121.07	179.469
1121.2	179.662
1121.33	179.83
1121.46	179.947
1121.6	180.04
1121.73	180.116
1121.86	180.196
1121.99	180.263
1122.13	180.32
1122.26	180.37
1122.39	180.403
1122.52	180.43
1122.66	180.433
1122.79	180.419
1122.92	180.39
1123.05	180.354
1123.18	180.303
1123.32	180.259
1123.45	180.221
1123.58	180.171
1123.71	180.117
1123.84	180.053
1123.98	179.984
1124.11	179.901
1124.24	179.816
1124.37	179.714
1124.5	179.6
1124.64	179.481
1124.77	179.361
1124.9	179.23
1125.03	179.092
1125.16	178.965
1125.3	178.846
1125.43	178.724
1125.56	178.601
1125.69	178.477
1125.82	178.334
1125.96	178.18
1126.09	178.044
1126.22	177.906
1126.35	177.761
1126.48	177.613
1126.62	177.47
1126.75	177.328
1126.88	177.182
1127.01	177.046
1127.14	176.922
1127.28	176.815
1127.41	176.718
1127.54	176.647
1127.67	176.609
1127.8	176.599
1127.94	176.626
1128.07	176.683
1128.2	176.762
1128.33	176.859
1128.46	176.989
1128.59	177.152
1128.73	177.359
1128.86	177.59
1128.99	177.853
1129.12	178.143
1129.25	178.469
1129.38	178.803
1129.52	179.142
1129.65	179.471
1129.78	179.805
1129.91	180.134
1130.04	180.437
1130.17	180.727
1130.31	180.996
1130.44	181.226
1130.57	181.414
1130.7	181.553
1130.83	181.647
1130.96	181.684
1131.1	181.682
1131.23	181.655
1131.36	181.581
1131.49	181.475
1131.62	181.326
1131.75	181.146
1131.89	180.938
1132.02	180.702
1132.15	180.456
1132.28	180.208
1132.41	179.957
1132.54	179.687
1132.67	179.423
1132.81	179.162
1132.94	178.918
1133.07	178.704
1133.2	178.532
1133.33	178.387
1133.46	178.28
1133.59	178.206
1133.73	178.154
1133.86	178.126
1133.99	178.127
1134.12	178.166
1134.25	178.229
1134.38	178.33
1134.51	178.452
1134.64	178.613
1134.78	178.8
1134.91	179.004
1135.04	179.22
1135.17	179.439
1135.3	179.664
1135.43	179.885
1135.56	180.106
1135.69	180.305
1135.83	180.478
1135.96	180.608
1136.09	180.704
1136.22	180.766
1136.35	180.801
1136.48	180.807
1136.61	180.78
1136.74	180.73
1136.88	180.653
1137.01	180.541
1137.14	180.388
1137.27	180.21
1137.4	180.028
1137.53	179.825
1137.66	179.599
1137.79	179.365
1137.92	179.13
1138.06	178.887
1138.19	178.657
1138.32	178.45
1138.45	178.25
1138.58	178.068
1138.71	177.9
1138.84	177.751
1138.97	177.623
1139.1	177.508
1139.23	177.424
1139.37	177.35
1139.5	177.294
1139.63	177.26
1139.76	177.251
1139.89	177.272
1140.02	177.324
1140.15	177.385
1140.28	177.462
1140.41	177.558
1140.54	177.665
1140.67	177.757
1140.81	177.843
1140.94	177.927
1141.07	178.03
1141.2	178.146
1141.33	178.273
1141.46	178.413
1141.59	178.544
1141.72	178.677
1141.85	178.823
1141.98	178.975
1142.11	179.143
1142.24	179.315
1142.37	179.497
1142.51	179.704
1142.55	179.78
1142.68	179.95
1142.81	180.1
1142.94	180.234
1143.08	180.356
1143.21	180.467
1143.34	180.574
1143.47	180.675
1143.6	180.758
1143.73	180.818
1143.86	180.875
1144	180.922
1144.13	180.961
1144.26	180.999
1144.39	181.038
1144.52	181.067
1144.65	181.08
1144.78	181.071
1144.92	181.033
1145.05	180.976
1145.18	180.903
1145.31	180.794
1145.44	180.645
1145.57	180.469
1145.7	180.253
1145.83	180.016
1145.97	179.758
1146.1	179.477
1146.23	179.174
1146.36	178.865
1146.49	178.561
1146.62	178.252
1146.75	177.954
1146.88	177.664
1147.02	177.392
1147.15	177.117
1147.28	176.858
1147.41	176.612
1147.54	176.376
1147.67	176.145
1147.8	175.931
1147.93	175.74
1148.06	175.551
1148.19	175.368
1148.33	175.18
1148.46	175.008
1148.59	174.86
1148.72	174.715
1148.85	174.583
1148.98	174.473
1149.11	174.381
1149.24	174.317
1149.37	174.28
1149.51	174.257
1149.64	174.236
1149.77	174.231
1149.9	174.217
1150.03	174.195
1150.16	174.175
1150.29	174.153
1150.42	174.152
1150.55	174.156
1150.68	174.182
1150.81	174.234
1150.95	174.295
1151.08	174.367
1151.21	174.463
1151.34	174.57
1151.47	174.685
1151.6	174.806
1151.73	174.917
1151.86	175.022
1151.99	175.127
1152.12	175.241
1152.25	175.361
1152.38	175.474
1152.52	175.575
1152.65	175.66
1152.78	175.732
1152.91	175.825
1153.04	175.924
1153.17	176.02
1153.3	176.122
1153.43	176.226
1153.56	176.344
1153.69	176.457
1153.82	176.538
1153.95	176.613
1154.08	176.676
1154.21	176.728
1154.34	176.759
1154.48	176.766
1154.61	176.762
1154.74	176.742
1154.87	176.699
1155	176.629
1155.13	176.526
1155.26	176.394
1155.39	176.243
1155.52	176.072
1155.65	175.895
1155.78	175.711
1155.91	175.518
1156.04	175.331
1156.17	175.163
1156.3	175.024
1156.43	174.891
1156.56	174.746
1156.69	174.616
1156.82	174.502
1156.96	174.398
1157.09	174.315
1157.22	174.24
1157.35	174.156
1157.48	174.063
1157.61	173.969
1157.74	173.866
1157.87	173.752
1158	173.653
1158.13	173.57
1158.26	173.501
1158.39	173.436
1158.52	173.396
1158.65	173.364
1158.78	173.322
1158.91	173.275
1159.04	173.225
1159.17	173.173
1159.3	173.099
1159.43	173.005
1159.56	172.875
1159.69	172.735
1159.82	172.595
1159.95	172.445
1160.08	172.311
1160.21	172.199
1160.34	172.095
1160.47	172.007
1160.6	171.933
1160.73	171.865
1160.86	171.815
1160.99	171.772
1161.12	171.708
1161.25	171.635
1161.38	171.567
1161.51	171.505
1161.64	171.463
1161.77	171.433
1161.9	171.407
1162.03	171.402
1162.16	171.385
1162.29	171.379
1162.42	171.377
1162.55	171.375
1162.68	171.364
1162.81	171.347
1162.94	171.34
1163.07	171.34
1163.2	171.335
1163.33	171.336
1163.46	171.322
1163.59	171.292
1163.72	171.253
1163.85	171.208
1163.98	171.163
1164.11	171.122
1164.24	171.059
1164.37	170.979
1164.5	170.886
1164.63	170.774
1164.76	170.641
1164.89	170.475
1165.02	170.302
1165.15	170.138
1165.28	169.973
1165.41	169.811
1165.54	169.648
1165.67	169.496
1165.8	169.375
1165.93	169.256
1166.06	169.145
1166.19	169.033
1166.32	168.906
1166.45	168.774
1166.58	168.629
1166.71	168.46
1166.84	168.291
1166.97	168.119
1167.1	167.948
1167.23	167.788
1167.36	167.651
1167.49	167.529
1167.62	167.41
1167.75	167.298
1167.88	167.224
1168.01	167.186
1168.14	167.184
1168.27	167.228
1168.39	167.297
1168.49	167.366
1168.62	167.444
1168.75	167.53
1168.88	167.622
1169.01	167.729
1169.14	167.854
1169.27	168.007
1169.4	168.185
1169.53	168.396
1169.66	168.639
1169.79	168.894
1169.92	169.164
1170.05	169.451
1170.18	169.757
1170.31	170.07
1170.44	170.358
1170.57	170.613
1170.7	170.822
1170.83	171.003
1170.96	171.153
1171.09	171.268
1171.22	171.364
1171.35	171.415
1171.48	171.41
1171.61	171.367
1171.74	171.291
1171.87	171.173
1172	171.022
1172.13	170.815
1172.26	170.566
1172.39	170.271
1172.52	169.955
1172.65	169.622
1172.78	169.277
1172.91	168.927
1173.04	168.561
1173.17	168.221
1173.3	167.871
1173.43	167.53
1173.56	167.187
1173.69	166.868
1173.82	166.559
1173.95	166.273
1174.08	166.024
1174.21	165.786
1174.34	165.57
1174.47	165.39
1174.6	165.232
1174.73	165.112
1174.86	165.034
1174.99	164.99
1175.12	164.977
1175.25	164.981
1175.38	164.99
1175.51	164.998
1175.64	164.992
1175.77	164.967
1175.9	164.922
1176.03	164.858
1176.16	164.785
1176.29	164.702
1176.42	164.608
1176.55	164.51
1176.68	164.419
1176.81	164.332
1176.94	164.251
1177.07	164.16
1177.2	164.091
1177.33	164.026
1177.46	163.954
1177.59	163.88
1177.72	163.792
1177.85	163.695
1177.98	163.612
1178.11	163.539
1178.24	163.471
1178.37	163.403
1178.5	163.344
1178.63	163.29
1178.75	163.241
1178.88	163.207
1179.01	163.2
1179.14	163.214
1179.27	163.253
1179.4	163.312
1179.53	163.378
1179.66	163.433
1179.79	163.481
1179.92	163.512
1180.05	163.543
1180.18	163.569
1180.31	163.581
1180.44	163.593
1180.57	163.584
1180.7	163.56
1180.83	163.528
1180.96	163.482
1181.09	163.426
1181.22	163.352
1181.35	163.279
1181.48	163.188
1181.6	163.075
1181.73	162.945
1181.86	162.805
1181.99	162.661
1182.12	162.534
1182.25	162.413
1182.38	162.31
1182.51	162.204
1182.64	162.127
1182.77	162.065
1182.9	162.007
1183.03	161.96
1183.16	161.933
1183.29	161.92
1183.41	161.921
1183.54	161.929
1183.67	161.971
1183.8	162.037
1183.93	162.116
1184.06	162.219
1184.19	162.342
1184.32	162.495
1184.45	162.653
1184.58	162.806
1184.71	162.963
1184.84	163.125
1184.97	163.255
1185.09	163.356
1185.22	163.431
1185.35	163.484
1185.48	163.533
1185.61	163.577
1185.74	163.61
1185.87	163.648
1186	163.682
1186.13	163.71
1186.26	163.725
1186.39	163.726
1186.51	163.726
1186.64	163.72
1186.77	163.714
1186.9	163.702
1187.03	163.69
1187.16	163.676
1187.29	163.67
1187.42	163.667
1187.55	163.673
1187.68	163.699
1187.8	163.737
1187.93	163.779
1188.06	163.835
1188.19	163.895
1188.32	163.975
1188.45	164.052
1188.58	164.112
1188.71	164.157
1188.84	164.193
1188.96	164.219
1189.09	164.245
1189.22	164.254
1189.35	164.235
1189.48	164.191
1189.61	164.142
1189.74	164.082
1189.87	164.005
1189.99	163.914
1190.12	163.818
1190.25	163.698
1190.38	163.553
1190.51	163.381
1190.64	163.197
1190.77	162.985
1190.9	162.744
1191.02	162.482
1191.15	162.226
1191.28	161.959
1191.41	161.703
1191.54	161.455
1191.67	161.212
1191.8	160.996
1191.92	160.807
1192.05	160.629
1192.18	160.455
1192.31	160.296
1192.44	160.158
1192.57	160.023
1192.7	159.895
1192.83	159.781
1192.95	159.676
1193.08	159.596
1193.21	159.537
1193.34	159.47
1193.47	159.403
1193.6	159.347
1193.72	159.325
1193.85	159.281
1193.98	159.232
1194.11	159.198
1194.24	159.174
1194.37	159.148
1194.5	159.106
1194.62	159.076
1194.75	159.057
1194.88	159.04
1195.01	159.025
1195.14	159.03
1195.27	159.052
1195.4	159.097
1195.52	159.166
1195.54	159.208
1195.67	159.301
1195.8	159.398
1195.93	159.487
1196.06	159.58
1196.19	159.688
1196.32	159.821
1196.45	159.979
1196.58	160.156
1196.7	160.341
1196.83	160.532
1196.96	160.709
1197.09	160.867
1197.22	160.989
1197.35	161.082
1197.48	161.16
1197.61	161.21
1197.74	161.236
1197.87	161.212
1197.99	161.151
1198.12	161.045
1198.25	160.908
1198.38	160.735
1198.51	160.537
1198.64	160.327
1198.77	160.091
1198.9	159.846
1199.03	159.599
1199.15	159.332
1199.28	159.062
1199.41	158.786
1199.54	158.486
1199.67	158.196
1199.8	157.914
1199.93	157.638
1200.06	157.38
1200.19	157.131
1200.31	156.899
1200.44	156.698
1200.57	156.548
1200.7	156.431
1200.83	156.354
1200.96	156.325
1201.09	156.342
1201.22	156.354
1201.34	156.374
1201.47	156.413
1201.6	156.469
1201.73	156.522
1201.86	156.561
1201.99	156.584
1202.12	156.586
1202.24	156.552
1202.37	156.51
1202.5	156.442
1202.63	156.361
1202.76	156.277
1202.89	156.174
1203.02	156.047
1203.15	155.909
1203.27	155.773
1203.4	155.625
1203.53	155.469
1203.66	155.307
1203.79	155.145
1203.92	154.994
1204.04	154.864
1204.17	154.735
1204.3	154.599
1204.43	154.479
1204.56	154.398
1204.69	154.35
1204.82	154.321
1204.94	154.327
1205.07	154.373
1205.2	154.458
1205.33	154.563
1205.46	154.698
1205.59	154.883
1205.71	155.094
1205.84	155.327
1205.97	155.574
1206.1	155.835
1206.23	156.106
1206.36	156.393
1206.48	156.682
1206.61	156.974
1206.74	157.254
1206.87	157.515
1207	157.75
1207.13	157.958
1207.25	158.146
1207.38	158.316
1207.51	158.467
1207.64	158.598
1207.77	158.702
1207.9	158.773
1208.02	158.811
1208.15	158.814
1208.28	158.767
1208.41	158.683
1208.54	158.595
1208.67	158.489
1208.79	158.36
1208.92	158.185
1209.05	157.987
1209.18	157.761
1209.31	157.529
1209.43	157.287
1209.56	157.045
1209.69	156.819
1209.82	156.601
1209.95	156.408
1210.07	156.24
1210.2	156.094
1210.33	155.977
1210.46	155.887
1210.59	155.823
1210.71	155.803
1210.84	155.805
1210.97	155.839
1211.1	155.901
1211.23	155.978
1211.35	156.079
1211.48	156.212
1211.61	156.38
1211.74	156.57
1211.87	156.789
1211.99	157.034
1212.12	157.298
1212.25	157.57
1212.38	157.849
1212.51	158.152
1212.63	158.464
1212.76	158.789
1212.89	159.089
1213.02	159.34
1213.14	159.546
1213.27	159.713
1213.4	159.85
1213.53	159.945
1213.66	160.011
1213.78	160.039
1213.91	160.019
1214.04	159.954
1214.17	159.859
1214.29	159.729
1214.42	159.551
1214.55	159.33
1214.68	159.07
1214.81	158.787
1214.93	158.501
1215.06	158.192
1215.19	157.863
1215.32	157.519
1215.44	157.176
1215.57	156.849
1215.7	156.537
1215.83	156.246
1215.95	155.955
1216.08	155.704
1216.21	155.491
1216.34	155.316
1216.46	155.186
1216.59	155.106
1216.72	155.046
1216.85	155.009
1216.97	154.988
1217.1	154.984
1217.23	155.004
1217.36	155.041
1217.49	155.101
1217.61	155.188
1217.74	155.283
1217.87	155.386
1217.99	155.492
1218.12	155.586
1218.25	155.666
1218.38	155.732
1218.5	155.783
1218.63	155.818
1218.76	155.83
1218.89	155.818
1219.01	155.781
1219.14	155.713
1219.27	155.612
1219.4	155.5
1219.52	155.401
1219.65	155.289
1219.78	155.161
1219.91	155.013
1220.03	154.859
1220.16	154.682
1220.29	154.506
1220.41	154.319
1220.54	154.128
1220.67	153.946
1220.8	153.779
1220.92	153.63
1221.05	153.511
1221.18	153.416
1221.3	153.345
1221.34	153.334
1221.46	153.324
1221.59	153.344
1221.72	153.383
1221.85	153.46
1221.98	153.558
1222.1	153.657
1222.23	153.772
1222.36	153.905
1222.49	154.055
1222.62	154.203
1222.74	154.359
1222.87	154.519
1223	154.677
1223.13	154.824
1223.26	154.977
1223.38	155.137
1223.51	155.295
1223.64	155.447
1223.77	155.551
1223.89	155.615
1224.02	155.648
1224.15	155.654
1224.28	155.648
1224.41	155.628
1224.53	155.592
1224.66	155.529
1224.79	155.443
1224.92	155.343
1225.04	155.244
1225.17	155.129
1225.3	154.999
1225.43	154.853
1225.56	154.704
1225.68	154.569
1225.81	154.433
1225.94	154.284
1226.07	154.14
1226.19	153.997
1226.32	153.856
1226.45	153.714
1226.58	153.586
1226.7	153.473
1226.83	153.378
1226.96	153.285
1227.09	153.207
1227.21	153.167
1227.34	153.152
1227.47	153.147
1227.6	153.138
1227.72	153.144
1227.85	153.144
1227.98	153.15
1228.11	153.153
1228.23	153.159
1228.36	153.189
1228.49	153.228
1228.62	153.269
1228.74	153.317
1228.87	153.361
1229	153.394
1229.13	153.423
1229.25	153.448
1229.38	153.471
1229.51	153.495
1229.64	153.516
1229.76	153.535
1229.89	153.545
1230.02	153.552
1230.15	153.555
1230.27	153.571
1230.4	153.598
1230.53	153.633
1230.66	153.674
1230.78	153.727
1230.91	153.778
1231.04	153.815
1231.17	153.857
1231.29	153.891
1231.42	153.918
1231.55	153.949
1231.67	153.979
1231.8	154.015
1231.93	154.071
1232.06	154.136
1232.18	154.215
1232.31	154.321
1232.44	154.432
1232.56	154.541
1232.69	154.647
1232.82	154.77
1232.95	154.89
1233.07	154.993
1233.2	155.104
1233.33	155.215
1233.45	155.309
1233.58	155.377
1233.71	155.428
1233.84	155.462
1233.96	155.482
1234.09	155.489
1234.22	155.494
1234.34	155.489
1234.47	155.472
1234.6	155.442
1234.72	155.396
1234.85	155.332
1234.98	155.246
1235.11	155.156
1235.23	155.067
1235.36	154.975
1235.49	154.874
1235.61	154.763
1235.74	154.65
1235.87	154.536
1235.99	154.425
1236.12	154.308
1236.25	154.19
1236.37	154.065
1236.5	153.953
1236.63	153.868
1236.76	153.793
1236.88	153.748
1237.01	153.741
1237.14	153.754
1237.26	153.776
1237.39	153.827
1237.52	153.92
1237.64	154.051
1237.77	154.2
1237.9	154.37
1238.02	154.576
1238.15	154.829
1238.28	155.102
1238.4	155.381
1238.53	155.679
1238.66	155.994
1238.78	156.292
1238.91	156.588
1239.04	156.871
1239.16	157.155
1239.29	157.435
1239.42	157.7
1239.54	157.943
1239.67	158.16
1239.8	158.325
1239.92	158.466
1240.05	158.572
1240.18	158.637
1240.3	158.67
1240.43	158.68
1240.56	158.667
1240.68	158.62
1240.81	158.546
1240.94	158.448
1241.06	158.326
1241.19	158.204
1241.32	158.079
1241.44	157.966
1241.57	157.855
1241.7	157.749
1241.82	157.645
1241.95	157.544
1242.08	157.455
1242.2	157.365
1242.33	157.263
1242.45	157.167
1242.58	157.085
1242.71	157.03
1242.83	156.999
1242.96	156.98
1243.09	156.98
1243.21	156.996
1243.34	157.006
1243.47	157.03
1243.59	157.069
1243.72	157.128
1243.84	157.202
1243.97	157.288
1244.1	157.405
1244.22	157.527
1244.35	157.634
1244.48	157.726
1244.6	157.798
1244.73	157.852
1244.85	157.887
1244.98	157.904
1245.11	157.888
1245.23	157.84
1245.36	157.76
1245.49	157.652
1245.61	157.516
1245.74	157.348
1245.86	157.157
1245.99	156.968
1246.12	156.781
1246.24	156.599
1246.37	156.422
1246.5	156.262
1246.62	156.123
1246.75	156.003
1246.87	155.892
1247	155.8
1247.13	155.714
1247.25	155.635
1247.38	155.585
1247.5	155.567
1247.63	155.559
1247.66	155.567
1247.79	155.585
1247.91	155.611
1248.04	155.637
1248.17	155.689
1248.29	155.756
1248.42	155.822
1248.55	155.856
1248.67	155.89
1248.8	155.942
1248.93	156.009
1249.05	156.076
1249.18	156.14
1249.31	156.213
1249.43	156.266
1249.56	156.304
1249.69	156.339
1249.82	156.379
1249.94	156.428
1250.07	156.48
1250.2	156.541
1250.32	156.589
1250.45	156.622
1250.58	156.637
1250.7	156.662
1250.83	156.675
1250.96	156.677
1251.08	156.682
1251.21	156.696
1251.33	156.72
1251.46	156.739
1251.59	156.762
1251.71	156.775
1251.84	156.788
1251.97	156.812
1252.09	156.851
1252.22	156.904
1252.35	156.957
1252.47	157.022
1252.6	157.101
1252.73	157.195
1252.85	157.287
1252.98	157.374
1253.11	157.458
1253.23	157.534
1253.36	157.621
1253.49	157.701
1253.61	157.778
1253.74	157.841
1253.86	157.892
1253.99	157.918
1254.12	157.916
1254.24	157.912
1254.37	157.891
1254.5	157.855
1254.62	157.821
1254.75	157.805
1254.88	157.808
1255	157.803
1255.13	157.791
1255.25	157.783
1255.38	157.785
1255.51	157.805
1255.63	157.842
1255.76	157.896
1255.89	157.942
1256.01	158
1256.14	158.063
1256.26	158.125
1256.39	158.193
1256.52	158.267
1256.64	158.344
1256.77	158.427
1256.89	158.506
1257.02	158.573
1257.15	158.635
1257.27	158.71
1257.4	158.791
1257.53	158.871
1257.65	158.936
1257.78	159.007
1257.9	159.067
1258.03	159.134
1258.16	159.218
1258.28	159.299
1258.41	159.371
1258.53	159.446
1258.66	159.535
1258.79	159.618
1258.91	159.692
1259.04	159.762
1259.16	159.809
1259.29	159.821
1259.42	159.803
1259.54	159.783
1259.67	159.749
1259.79	159.692
1259.92	159.608
1260.05	159.506
1260.17	159.39
1260.3	159.245
1260.42	159.096
1260.55	158.938
1260.67	158.795
1260.8	158.653
1260.93	158.517
1261.05	158.373
1261.18	158.201
1261.3	158.021
1261.43	157.823
1261.56	157.603
1261.68	157.374
1261.81	157.138
1261.93	156.906
1262.06	156.686
1262.18	156.478
1262.31	156.28
1262.44	156.095
1262.56	155.906
1262.69	155.728
1262.81	155.575
1262.94	155.457
1263.06	155.358
1263.19	155.274
1263.32	155.217
1263.44	155.192
1263.57	155.202
1263.69	155.216
1263.82	155.259
1263.94	155.335
1264.07	155.437
1264.2	155.559
1264.32	155.692
1264.45	155.84
1264.57	155.991
1264.7	156.153
1264.82	156.309
1264.95	156.452
1265.07	156.592
1265.2	156.712
1265.33	156.835
1265.45	156.976
1265.58	157.113
1265.7	157.237
1265.83	157.345
1265.95	157.447
1266.08	157.554
1266.2	157.669
1266.33	157.797
1266.45	157.934
1266.58	158.076
1266.71	158.208
1266.83	158.353
1266.96	158.505
1267.08	158.668
1267.21	158.839
1267.33	159.02
1267.46	159.197
1267.58	159.376
1267.71	159.555
1267.83	159.714
1267.96	159.86
1268.08	159.989
1268.21	160.099
1268.33	160.173
1268.46	160.207
1268.59	160.221
1268.71	160.21
1268.84	160.175
1268.96	160.11
1269.09	159.99
1269.21	159.84
1269.34	159.68
1269.46	159.521
1269.59	159.347
1269.71	159.161
1269.84	158.966
1269.96	158.759
1270.09	158.54
1270.21	158.32
1270.34	158.083
1270.46	157.827
1270.59	157.565
1270.71	157.303
1270.84	157.051
1270.96	156.815
1271.09	156.597
1271.21	156.407
1271.34	156.237
1271.46	156.118
1271.59	156.041
1271.71	156.014
1271.84	156.017
1271.96	156.052
1272.09	156.129
1272.21	156.219
1272.34	156.335
1272.46	156.493
1272.59	156.666
1272.71	156.856
1272.84	157.054
1272.96	157.256
1273.09	157.463
1273.21	157.665
1273.34	157.853
1273.46	158.035
1273.59	158.214
1273.71	158.377
1273.84	158.507
1273.96	158.59
1274.08	158.624
1274.2	158.618
1274.33	158.568
1274.46	158.47
1274.58	158.348
1274.71	158.202
1274.83	158.025
1274.96	157.825
1275.08	157.602
1275.21	157.358
1275.33	157.109
1275.46	156.847
1275.59	156.572
1275.71	156.284
1275.84	156.003
1275.96	155.735
1276.09	155.498
1276.21	155.283
1276.34	155.069
1276.46	154.882
1276.59	154.721
1276.72	154.597
1276.84	154.499
1276.97	154.436
1277.09	154.413
1277.22	154.408
1277.34	154.425
1277.47	154.453
1277.59	154.504
1277.72	154.577
1277.84	154.665
1277.97	154.761
1278.09	154.889
1278.22	155.034
1278.35	155.195
1278.47	155.381
1278.6	155.577
1278.72	155.78
1278.85	155.987
1278.97	156.205
1279.1	156.411
1279.22	156.604
1279.35	156.799
1279.47	156.973
1279.6	157.117
1279.72	157.229
1279.85	157.291
1279.97	157.34
1280.1	157.386
1280.22	157.43
1280.35	157.469
1280.48	157.489
1280.6	157.501
1280.72	157.507
1280.85	157.5
1280.98	157.477
1281.1	157.426
1281.23	157.38
1281.35	157.34
1281.48	157.302
1281.6	157.272
1281.73	157.251
1281.85	157.243
1281.98	157.237
1282.1	157.234
1282.23	157.241
1282.35	157.257
1282.48	157.291
1282.6	157.33
1282.73	157.372
1282.85	157.416
1282.98	157.451
1283.1	157.485
1283.23	157.512
1283.35	157.528
1283.48	157.536
1283.6	157.531
1283.73	157.507
1283.85	157.478
1283.98	157.445
1284.1	157.411
1284.23	157.387
1284.35	157.363
1284.48	157.33
1284.6	157.272
1284.73	157.188
1284.85	157.076
1284.98	156.956
1285.1	156.834
1285.22	156.72
1285.35	156.618
1285.47	156.523
1285.6	156.433
1285.72	156.345
1285.85	156.255
1285.97	156.15
1286.1	156.043
1286.22	155.92
1286.35	155.797
1286.47	155.68
1286.6	155.571
1286.72	155.478
1286.85	155.403
1286.97	155.348
1287.1	155.304
1287.22	155.29
1287.35	155.301
1287.47	155.352
1287.59	155.427
1287.72	155.539
1287.84	155.671
1287.97	155.816
1288.09	155.979
1288.22	156.147
1288.34	156.328
1288.47	156.504
1288.59	156.659
1288.72	156.818
1288.84	156.991
1288.96	157.149
1289.09	157.301
1289.21	157.469
1289.34	157.654
1289.46	157.839
1289.59	158.014
1289.71	158.194
1289.84	158.353
1289.96	158.492
1290.09	158.619
1290.21	158.708
1290.33	158.758
1290.46	158.779
1290.58	158.767
1290.71	158.741
1290.83	158.692
1290.96	158.619
1291.08	158.521
1291.2	158.381
1291.33	158.211
1291.45	158.016
1291.58	157.787
1291.7	157.53
1291.83	157.239
1291.95	156.933
1292.08	156.621
1292.2	156.301
1292.32	155.982
1292.45	155.666
1292.57	155.351
1292.7	155.043
1292.82	154.749
1292.95	154.478
1293.07	154.235
1293.19	154.02
1293.32	153.831
1293.44	153.666
1293.57	153.535
1293.69	153.433
1293.81	153.369
1293.94	153.35
1294.06	153.379
1294.19	153.457
1294.31	153.568
1294.44	153.702
1294.56	153.884
1294.68	154.103
1294.81	154.371
1294.93	154.67
1295.06	154.976
1295.18	155.284
1295.3	155.585
1295.43	155.881
1295.55	156.169
1295.68	156.464
1295.8	156.757
1295.92	157.056
1296.05	157.361
1296.17	157.66
1296.3	157.948
1296.42	158.212
1296.54	158.441
1296.67	158.627
1296.79	158.774
1296.92	158.87
1297.04	158.926
1297.16	158.932
1297.29	158.898
1297.41	158.821
1297.54	158.703
1297.66	158.553
1297.78	158.366
1297.91	158.16
1298.03	157.942
1298.16	157.721
1298.28	157.501
1298.4	157.292
1298.53	157.089
1298.65	156.903
1298.77	156.722
1298.9	156.558
1299.02	156.403
1299.15	156.228
1299.27	156.045
1299.39	155.884
1299.52	155.735
1299.64	155.588
1299.76	155.464
1299.89	155.377
1299.97	155.34
1300.09	155.291
1300.22	155.268
1300.34	155.288
1300.46	155.323
1300.59	155.37
1300.71	155.422
1300.84	155.48
1300.96	155.549
1301.09	155.637
1301.21	155.735
1301.34	155.823
1301.46	155.899
1301.58	155.966
1301.71	156.031
1301.83	156.065
1301.96	156.077
1302.08	156.06
1302.21	156.011
1302.33	155.936
1302.45	155.824
1302.58	155.697
1302.7	155.559
1302.83	155.403
1302.95	155.241
1303.08	155.075
1303.2	154.907
1303.32	154.757
1303.45	154.633
1303.57	154.518
1303.7	154.409
1303.82	154.308
1303.94	154.225
1304.07	154.168
1304.19	154.137
1304.32	154.129
1304.44	154.16
1304.57	154.223
1304.69	154.315
1304.81	154.426
1304.94	154.542
1305.06	154.68
1305.19	154.863
1305.31	155.071
1305.43	155.284
1305.56	155.492
1305.68	155.698
1305.81	155.899
1305.93	156.094
1306.05	156.278
1306.18	156.448
1306.3	156.606
1306.43	156.762
1306.55	156.914
1306.67	157.06
1306.8	157.195
1306.92	157.322
1307.05	157.446
1307.17	157.558
1307.29	157.657
1307.42	157.734
1307.54	157.796
1307.67	157.842
1307.79	157.859
1307.91	157.863
1308.04	157.84
1308.16	157.794
1308.29	157.733
1308.41	157.654
1308.53	157.577
1308.66	157.497
1308.78	157.407
1308.9	157.322
1309.03	157.245
1309.15	157.185
1309.28	157.138
1309.4	157.097
1309.52	157.074
1309.65	157.039
1309.77	156.993
1309.9	156.949
1310.02	156.906
1310.14	156.842
1310.27	156.757
1310.39	156.665
1310.51	156.566
1310.64	156.451
1310.76	156.324
1310.88	156.209
1311.01	156.078
1311.13	155.917
1311.26	155.732
1311.38	155.533
1311.5	155.351
1311.63	155.182
1311.75	155.02
1311.87	154.864
1312	154.713
1312.12	154.599
1312.24	154.517
1312.37	154.468
1312.49	154.431
1312.61	154.406
1312.74	154.389
1312.86	154.392
1312.99	154.41
1313.11	154.442
1313.23	154.483
1313.36	154.511
1313.48	154.537
1313.6	154.572
1313.73	154.599
1313.85	154.628
1313.97	154.66
1314.1	154.675
1314.22	154.667
1314.34	154.65
1314.47	154.635
1314.59	154.631
1314.71	154.656
1314.84	154.689
1314.96	154.729
1315.08	154.794
1315.21	154.849
1315.33	154.912
1315.45	154.975
1315.58	155.045
1315.7	155.132
1315.82	155.229
1315.95	155.314
1316.07	155.38
1316.19	155.433
1316.32	155.476
1316.44	155.502
1316.56	155.515
1316.69	155.527
1316.81	155.52
1316.93	155.502
1317.06	155.476
1317.18	155.428
1317.3	155.357
1317.43	155.276
1317.55	155.175
1317.67	155.065
1317.79	154.929
1317.92	154.768
1318.04	154.594
1318.16	154.418
1318.29	154.22
1318.41	154.002
1318.53	153.763
1318.66	153.512
1318.78	153.248
1318.9	152.986
1319.03	152.728
1319.15	152.485
1319.27	152.251
1319.4	152.017
1319.52	151.813
1319.64	151.639
1319.76	151.507
1319.89	151.407
1320.01	151.358
1320.13	151.356
1320.26	151.407
1320.38	151.514
1320.5	151.668
1320.63	151.861
1320.75	152.086
1320.87	152.351
1320.99	152.664
1321.12	153.015
1321.24	153.381
1321.36	153.783
1321.48	154.192
1321.61	154.582
1321.73	154.947
1321.85	155.288
1321.98	155.598
1322.1	155.891
1322.22	156.137
1322.35	156.318
1322.47	156.438
1322.59	156.504
1322.71	156.525
1322.84	156.481
1322.96	156.37
1323.08	156.199
1323.2	155.973
1323.33	155.71
1323.45	155.406
1323.57	155.078
1323.7	154.735
1323.82	154.372
1323.94	153.998
1324.06	153.643
1324.19	153.311
1324.31	152.975
1324.43	152.65
1324.55	152.321
1324.68	151.993
1324.8	151.687
1324.92	151.409
1325.04	151.176
1325.14	151.023
1325.27	150.89
1325.39	150.793
1325.51	150.746
1325.64	150.753
1325.76	150.803
1325.88	150.919
1326.01	151.075
1326.13	151.266
1326.25	151.478
1326.38	151.703
1326.5	151.937
1326.62	152.173
1326.75	152.4
1326.87	152.62
1326.99	152.836
1327.12	153.055
1327.24	153.283
1327.36	153.486
1327.49	153.68
1327.61	153.862
1327.73	154.021
1327.86	154.163
1327.98	154.288
1328.1	154.379
1328.22	154.46
1328.35	154.52
1328.47	154.582
1328.59	154.666
1328.72	154.759
1328.84	154.854
1328.96	154.963
1329.09	155.066
1329.21	155.186
1329.33	155.306
1329.46	155.437
1329.58	155.574
1329.7	155.733
1329.82	155.91
1329.95	156.098
1330.07	156.3
1330.19	156.511
1330.32	156.74
1330.44	156.982
1330.56	157.238
1330.69	157.489
1330.81	157.737
1330.93	157.96
1331.05	158.158
1331.18	158.338
1331.3	158.49
1331.42	158.604
1331.55	158.679
1331.67	158.698
1331.79	158.673
1331.91	158.617
1332.04	158.503
1332.16	158.347
1332.28	158.151
1332.41	157.913
1332.53	157.657
1332.65	157.391
1332.77	157.098
1332.9	156.776
1333.02	156.449
1333.14	156.128
1333.27	155.808
1333.39	155.488
1333.51	155.178
1333.63	154.884
1333.76	154.609
1333.88	154.352
1334	154.1
1334.13	153.887
1334.25	153.716
1334.37	153.588
1334.49	153.515
1334.62	153.503
1334.74	153.518
1334.86	153.55
1334.98	153.608
1335.11	153.684
1335.23	153.791
1335.35	153.913
1335.47	154.048
1335.6	154.196
1335.72	154.362
1335.84	154.543
1335.96	154.742
1336.09	154.955
1336.21	155.193
1336.33	155.439
1336.45	155.675
1336.58	155.887
1336.7	156.077
1336.82	156.235
1336.95	156.363
1337.07	156.457
1337.19	156.518
1337.31	156.541
1337.43	156.537
1337.56	156.509
1337.68	156.464
1337.8	156.386
1337.92	156.28
1338.05	156.159
1338.17	156.007
1338.29	155.827
1338.41	155.615
1338.54	155.372
1338.66	155.109
1338.78	154.849
1338.9	154.594
1339.03	154.35
1339.15	154.148
1339.27	153.979
1339.39	153.842
1339.52	153.729
1339.64	153.638
1339.76	153.578
1339.88	153.532
1340	153.518
1340.13	153.525
1340.25	153.572
1340.37	153.636
1340.49	153.717
1340.62	153.827
1340.74	153.968
1340.86	154.147
1340.98	154.359
1341.1	154.608
1341.23	154.868
1341.35	155.141
1341.47	155.428
1341.59	155.736
1341.71	156.055
1341.84	156.361
1341.96	156.654
1342.08	156.924
1342.2	157.169
1342.33	157.403
1342.45	157.604
1342.57	157.762
1342.69	157.89
1342.81	157.968
1342.94	157.995
1343.06	157.979
1343.18	157.909
1343.3	157.792
1343.42	157.634
1343.55	157.447
1343.67	157.224
1343.79	156.965
1343.91	156.687
1344.03	156.402
1344.16	156.106
1344.28	155.794
1344.4	155.47
1344.52	155.145
1344.64	154.846
1344.77	154.579
1344.89	154.345
1345.01	154.144
1345.13	153.983
1345.25	153.848
1345.37	153.744
1345.5	153.675
1345.62	153.659
1345.74	153.698
1345.86	153.761
1345.98	153.857
1346.11	153.977
1346.23	154.154
1346.35	154.385
1346.47	154.677
1346.59	155.017
1346.71	155.39
1346.84	155.772
1346.96	156.162
1347.08	156.563
1347.2	156.953
1347.32	157.312
1347.45	157.638
1347.57	157.936
1347.69	158.209
1347.81	158.448
1347.93	158.66
1348.05	158.834
1348.18	158.97
1348.3	159.053
1348.42	159.111
1348.54	159.13
1348.66	159.09
1348.78	158.999
1348.9	158.846
1349.03	158.641
1349.15	158.389
1349.27	158.101
1349.39	157.766
1349.51	157.407
1349.63	157.06
1349.76	156.71
1349.88	156.36
1350	156.011
1350.12	155.699
1350.24	155.409
1350.36	155.147
1350.48	154.926
1350.61	154.733
1350.61	154.747
1350.73	154.578
1350.85	154.465
1350.98	154.411
1351.1	154.409
1351.22	154.47
1351.34	154.591
1351.47	154.781
1351.59	155.011
1351.71	155.297
1351.83	155.627
1351.95	155.981
1352.08	156.354
1352.2	156.741
1352.32	157.13
1352.44	157.518
1352.56	157.898
1352.69	158.265
1352.81	158.612
1352.93	158.929
1353.05	159.213
1353.17	159.431
1353.3	159.577
1353.42	159.661
1353.54	159.681
1353.66	159.651
1353.78	159.556
1353.91	159.387
1354.03	159.15
1354.15	158.873
1354.27	158.573
1354.39	158.241
1354.52	157.864
1354.64	157.456
1354.76	157.04
1354.88	156.621
1355	156.225
1355.13	155.849
1355.25	155.49
1355.37	155.17
1355.49	154.903
1355.61	154.675
1355.73	154.495
1355.86	154.382
1355.98	154.309
1356.1	154.285
1356.22	154.302
1356.34	154.373
1356.47	154.5
1356.59	154.707
1356.71	154.992
1356.83	155.347
1356.95	155.76
1357.07	156.211
1357.2	156.699
1357.32	157.222
1357.44	157.759
1357.56	158.298
1357.68	158.822
1357.8	159.33
1357.93	159.815
1358.05	160.262
1358.17	160.677
1358.29	161.05
1358.41	161.351
1358.53	161.6
1358.66	161.791
1358.78	161.944
1358.9	162.043
1359.02	162.077
1359.14	162.054
1359.26	161.963
1359.39	161.798
1359.51	161.568
1359.63	161.28
1359.75	160.951
1359.87	160.6
1359.99	160.22
1360.11	159.801
1360.24	159.363
1360.36	158.922
1360.48	158.478
1360.6	158.021
1360.72	157.558
1360.84	157.098
1360.96	156.627
1361.09	156.162
1361.21	155.726
1361.33	155.312
1361.45	154.932
1361.57	154.594
1361.69	154.312
1361.81	154.098
1361.94	153.959
1362.06	153.872
1362.18	153.859
1362.3	153.902
1362.42	153.99
1362.54	154.139
1362.66	154.336
1362.78	154.569
1362.91	154.85
1363.03	155.172
1363.15	155.518
1363.27	155.898
1363.39	156.287
1363.51	156.687
1363.63	157.062
1363.76	157.428
1363.88	157.789
1364	158.11
1364.12	158.401
1364.24	158.631
1364.36	158.802
1364.48	158.933
1364.6	159.025
1364.72	159.053
1364.85	159.017
1364.97	158.926
1365.09	158.789
1365.21	158.607
1365.33	158.37
1365.45	158.109
1365.57	157.814
1365.69	157.499
1365.81	157.2
1365.94	156.891
1366.06	156.567
1366.18	156.243
1366.3	155.92
1366.42	155.594
1366.54	155.296
1366.66	155.025
1366.78	154.786
1366.9	154.586
1367.02	154.445
1367.15	154.366
1367.27	154.34
1367.39	154.36
1367.51	154.419
1367.63	154.528
1367.75	154.671
1367.87	154.841
1367.99	155.049
1368.11	155.289
1368.23	155.56
1368.35	155.852
1368.48	156.168
1368.6	156.488
1368.72	156.8
1368.84	157.09
1368.96	157.381
1369.08	157.654
1369.2	157.912
1369.32	158.132
1369.44	158.318
1369.56	158.452
1369.68	158.521
1369.8	158.532
1369.92	158.504
1370.05	158.448
1370.17	158.374
1370.29	158.26
1370.41	158.118
1370.53	157.962
1370.65	157.805
1370.77	157.653
1370.89	157.496
1371.01	157.351
1371.13	157.209
1371.25	157.074
1371.37	156.942
1371.49	156.83
1371.61	156.731
1371.73	156.644
1371.86	156.602
1371.98	156.595
1372.1	156.621
1372.22	156.688
1372.34	156.799
1372.46	156.934
1372.58	157.096
1372.7	157.265
1372.82	157.463
1372.94	157.691
1373.06	157.937
1373.18	158.213
1373.3	158.505
1373.42	158.801
1373.54	159.078
1373.66	159.339
1373.78	159.589
1373.9	159.831
1374.02	160.051
1374.15	160.27
1374.27	160.475
1374.39	160.651
1374.51	160.805
1374.55	160.856
1374.68	160.951
1374.8	161.011
1374.92	161.034
1375.04	161.016
1375.16	160.98
1375.28	160.918
1375.4	160.818
1375.52	160.675
1375.65	160.508
1375.77	160.331
1375.89	160.143
1376.01	159.957
1376.13	159.766
1376.25	159.546
1376.37	159.322
1376.49	159.1
1376.61	158.875
1376.73	158.65
1376.86	158.444
1376.98	158.244
1377.1	158.051
1377.22	157.88
1377.34	157.748
1377.46	157.649
1377.58	157.569
1377.7	157.502
1377.82	157.464
1377.94	157.453
1378.06	157.446
1378.19	157.44
1378.31	157.447
1378.43	157.472
1378.55	157.512
1378.67	157.566
1378.79	157.63
1378.91	157.689
1379.03	157.755
1379.15	157.834
1379.27	157.927
1379.39	158.008
1379.52	158.08
1379.64	158.134
1379.76	158.163
1379.88	158.178
1380	158.174
1380.12	158.148
1380.24	158.097
1380.36	158.027
1380.48	157.937
1380.6	157.822
1380.72	157.71
1380.84	157.595
1380.96	157.478
1381.08	157.362
1381.21	157.238
1381.33	157.121
1381.45	157
1381.57	156.875
1381.69	156.752
1381.81	156.635
1381.93	156.522
1382.05	156.438
1382.17	156.398
1382.29	156.37
1382.41	156.361
1382.53	156.375
1382.65	156.413
1382.77	156.459
1382.89	156.515
1383.01	156.583
1383.14	156.689
1383.26	156.822
1383.38	156.985
1383.5	157.179
1383.62	157.377
1383.74	157.589
1383.86	157.8
1383.98	158.02
1384.1	158.24
1384.22	158.465
1384.34	158.696
1384.46	158.945
1384.58	159.2
1384.7	159.45
1384.82	159.68
1384.94	159.877
1385.06	160.031
1385.18	160.163
1385.3	160.274
1385.42	160.354
1385.54	160.407
1385.66	160.417
1385.78	160.388
1385.91	160.327
1386.03	160.243
1386.15	160.123
1386.27	159.973
1386.39	159.791
1386.51	159.562
1386.63	159.299
1386.75	159.036
1386.87	158.776
1386.99	158.509
1387.11	158.248
1387.23	157.994
1387.35	157.735
1387.47	157.487
1387.59	157.258
1387.71	157.045
1387.83	156.844
1387.95	156.655
1388.07	156.487
1388.19	156.355
1388.31	156.25
1388.43	156.148
1388.55	156.053
1388.67	155.968
1388.79	155.901
1388.91	155.848
1389.03	155.817
1389.15	155.786
1389.27	155.772
1389.39	155.792
1389.51	155.836
1389.63	155.887
1389.75	155.931
1389.87	155.991
1389.99	156.046
1390.11	156.095
1390.23	156.156
1390.35	156.208
1390.47	156.236
1390.59	156.247
1390.71	156.26
1390.83	156.276
1390.95	156.304
1391.07	156.336
1391.19	156.37
1391.31	156.402
1391.43	156.44
1391.55	156.482
1391.67	156.524
1391.79	156.554
1391.91	156.562
1392.03	156.564
1392.15	156.56
1392.27	156.555
1392.39	156.564
1392.51	156.577
1392.63	156.574
1392.75	156.574
1392.87	156.589
1392.99	156.612
1393.11	156.636
1393.23	156.666
1393.35	156.683
1393.47	156.701
1393.59	156.719
1393.71	156.738
1393.83	156.749
1393.94	156.75
1394.06	156.767
1394.18	156.78
1394.3	156.784
1394.42	156.774
1394.54	156.768
1394.66	156.768
1394.78	156.782
1394.9	156.809
1395.02	156.839
1395.14	156.861
1395.26	156.897
1395.38	156.935
1395.5	156.999
1395.62	157.068
1395.74	157.154
1395.86	157.247
1395.98	157.344
1396.1	157.459
1396.22	157.591
1396.34	157.731
1396.46	157.863
1396.58	157.971
1396.7	158.048
1396.82	158.092
1396.93	158.127
1397.05	158.163
1397.17	158.186
1397.29	158.193
1397.41	158.2
1397.53	158.184
1397.65	158.144
1397.77	158.093
1397.89	158.019
1398.01	157.929
1398.13	157.828
1398.25	157.716
1398.37	157.591
1398.49	157.46
1398.61	157.322
1398.73	157.17
1398.85	157.016
1398.96	156.869
1399.08	156.722
1399.2	156.576
1399.32	156.456
1399.44	156.339
1399.56	156.273
1399.68	156.24
1399.8	156.22
1399.92	156.212
1400.04	156.217
1400.16	156.241
1400.28	156.262
1400.4	156.298
1400.52	156.344
1400.64	156.368
1400.76	156.392
1400.88	156.417
1401	156.452
1401.12	156.483
1401.24	156.511
1401.36	156.521
1401.48	156.539
1401.6	156.563
1401.72	156.606
1401.84	156.654
1401.96	156.695
1402.08	156.739
1402.2	156.773
1402.32	156.814
1402.44	156.853
1402.56	156.883
1402.67	156.908
1402.79	156.935
1402.91	156.959
1403.03	156.992
1403.15	157.034
1403.27	157.083
1403.39	157.135
1403.51	157.189
1403.63	157.23
1403.75	157.276
1403.87	157.316
1403.99	157.352
1404.11	157.378
1404.23	157.409
1404.35	157.445
1404.47	157.459
1404.59	157.453
1404.71	157.424
1404.83	157.375
1404.95	157.309
1405.07	157.231
1405.19	157.13
1405.31	157.012
1405.43	156.878
1405.55	156.762
1405.67	156.639
1405.79	156.531
1405.91	156.425
1406.03	156.337
1406.15	156.25
1406.26	156.19
1406.38	156.165
1406.5	156.169
1406.62	156.21
1406.74	156.27
1406.86	156.336
1406.98	156.413
1407.1	156.525
1407.22	156.681
1407.34	156.867
1407.46	157.081
1407.58	157.33
1407.7	157.602
1407.82	157.885
1407.94	158.179
1408.06	158.485
1408.18	158.781
1408.3	159.066
1408.42	159.328
1408.53	159.552
1408.65	159.738
1408.77	159.889
1408.89	160.008
1409.01	160.092
1409.13	160.134
1409.25	160.136
1409.37	160.087
1409.49	160.003
1409.61	159.896
1409.73	159.759
1409.85	159.609
1409.97	159.435
1410.09	159.24
1410.2	159.036
1410.32	158.813
1410.44	158.579
1410.56	158.35
1410.68	158.127
1410.8	157.902
1410.92	157.68
1411.04	157.5
1411.16	157.329
1411.28	157.182
1411.4	157.03
1411.52	156.91
1411.64	156.823
1411.75	156.776
1411.87	156.761
1411.99	156.779
1412.11	156.83
1412.23	156.904
1412.35	156.995
1412.47	157.092
1412.59	157.216
1412.71	157.355
1412.83	157.497
1412.94	157.641
1413.06	157.791
1413.18	157.93
1413.3	158.061
1413.42	158.183
1413.54	158.31
1413.66	158.427
1413.78	158.53
1413.9	158.631
1414.02	158.72
1414.14	158.799
1414.25	158.887
1414.37	158.976
1414.49	159.079
1414.61	159.184
1414.73	159.29
1414.85	159.409
1414.97	159.54
1415.09	159.687
1415.21	159.851
1415.32	160.018
1415.44	160.168
1415.56	160.311
1415.68	160.454
1415.8	160.615
1415.92	160.756
1416.04	160.893
1416.16	161.011
1416.27	161.119
1416.39	161.212
1416.51	161.303
1416.63	161.365
1416.75	161.4
1416.87	161.425
1416.99	161.416
1417.11	161.373
1417.22	161.302
1417.34	161.216
1417.46	161.128
1417.58	161.026
1417.7	160.928
1417.82	160.834
1417.94	160.738
1418.05	160.664
1418.17	160.609
1418.29	160.566
1418.41	160.514
1418.53	160.459
1418.65	160.401
1418.77	160.344
1418.89	160.306
1419	160.292
1419.12	160.301
1419.24	160.34
1419.36	160.396
1419.48	160.469
1419.6	160.558
1419.72	160.657
1419.83	160.761
1419.95	160.864
1420.07	160.973
1420.19	161.102
1420.31	161.257
1420.43	161.41
1420.54	161.548
1420.66	161.673
1420.78	161.794
1420.9	161.898
1421.02	161.981
1421.14	162.038
1421.26	162.075
1421.37	162.067
1421.49	162.028
1421.61	161.935
1421.73	161.845
1421.85	161.74
1421.97	161.609
1422.08	161.468
1422.2	161.314
1422.32	161.143
1422.44	160.954
1422.56	160.752
1422.67	160.566
1422.79	160.412
1422.91	160.273
1423.03	160.153
1423.15	160.049
1423.27	159.971
1423.39	159.926
1423.5	159.914
1423.62	159.923
1423.74	159.964
1423.74	159.96
1423.86	160.008
1423.98	160.093
1424.1	160.19
1424.22	160.312
1424.34	160.458
1424.46	160.605
1424.58	160.764
1424.69	160.926
1424.81	161.099
1424.93	161.29
1425.05	161.504
1425.17	161.728
1425.29	161.96
1425.41	162.184
1425.53	162.381
1425.65	162.566
1425.76	162.736
1425.88	162.89
1426	163.012
1426.12	163.121
1426.24	163.208
1426.36	163.281
1426.48	163.338
1426.6	163.372
1426.71	163.378
1426.83	163.384
1426.95	163.383
1427.07	163.354
1427.19	163.313
1427.31	163.254
1427.43	163.183
1427.54	163.113
1427.66	163.039
1427.78	162.967
1427.9	162.9
1428.02	162.827
1428.14	162.763
1428.26	162.692
1428.38	162.596
1428.49	162.455
1428.61	162.305
1428.73	162.153
1428.85	162.003
1428.97	161.853
1429.09	161.695
1429.21	161.542
1429.32	161.401
1429.44	161.246
1429.56	161.07
1429.68	160.889
1429.8	160.697
1429.92	160.492
1430.04	160.27
1430.15	160.057
1430.27	159.87
1430.39	159.701
1430.51	159.527
1430.63	159.362
1430.75	159.217
1430.86	159.112
1430.98	159.041
1431.1	158.995
1431.22	158.982
1431.34	159.006
1431.46	159.06
1431.57	159.141
1431.69	159.248
1431.81	159.408
1431.93	159.594
1432.05	159.803
1432.17	160.031
1432.28	160.263
1432.4	160.497
1432.52	160.745
1432.64	160.992
1432.76	161.255
1432.88	161.529
1432.99	161.804
1433.11	162.092
1433.23	162.37
1433.35	162.634
1433.47	162.891
1433.59	163.119
1433.7	163.303
1433.82	163.458
1433.94	163.571
1434.06	163.648
1434.18	163.688
1434.29	163.684
1434.41	163.642
1434.53	163.553
1434.65	163.411
1434.77	163.236
1434.89	163.018
1435	162.783
1435.12	162.531
1435.24	162.266
1435.36	162.001
1435.48	161.75
1435.59	161.513
1435.71	161.283
1435.83	161.063
1435.95	160.854
1436.07	160.674
1436.18	160.522
1436.3	160.399
1436.42	160.289
1436.54	160.203
1436.66	160.134
1436.77	160.091
1436.89	160.086
1437.01	160.128
1437.13	160.196
1437.25	160.285
1437.36	160.406
1437.48	160.536
1437.6	160.688
1437.72	160.874
1437.84	161.091
1437.95	161.318
1438.07	161.546
1438.19	161.76
1438.31	161.952
1438.43	162.116
1438.54	162.235
1438.66	162.313
1438.78	162.39
1438.9	162.442
1439.01	162.478
1439.13	162.488
1439.25	162.472
1439.37	162.44
1439.49	162.38
1439.6	162.279
1439.72	162.151
1439.84	162.021
1439.96	161.872
1440.07	161.696
1440.19	161.501
1440.31	161.313
1440.43	161.125
1440.54	160.916
1440.66	160.709
1440.78	160.521
1440.9	160.344
1441.02	160.198
1441.13	160.076
1441.25	159.98
1441.37	159.919
1441.49	159.894
1441.6	159.895
1441.72	159.93
1441.84	160.008
1441.96	160.119
1442.07	160.254
1442.19	160.412
1442.31	160.574
1442.43	160.746
1442.54	160.923
1442.66	161.103
1442.78	161.267
1442.9	161.432
1443.01	161.607
1443.13	161.783
1443.25	161.943
1443.37	162.077
1443.48	162.191
1443.6	162.297
1443.72	162.394
1443.84	162.481
1443.95	162.557
1444.07	162.615
1444.19	162.654
1444.31	162.683
1444.42	162.717
1444.54	162.744
1444.66	162.754
1444.78	162.756
1444.89	162.744
1445.01	162.709
1445.13	162.658
1445.24	162.587
1445.36	162.506
1445.48	162.43
1445.6	162.359
1445.71	162.283
1445.83	162.213
1445.95	162.136
1446.07	162.066
1446.18	162.015
1446.3	161.973
1446.42	161.924
1446.53	161.856
1446.65	161.762
1446.77	161.64
1446.89	161.511
1447	161.377
1447.12	161.231
1447.24	161.064
1447.36	160.884
1447.42	160.781
1447.53	160.593
1447.65	160.415
1447.77	160.247
1447.89	160.086
1448	159.919
1448.12	159.752
1448.24	159.601
1448.36	159.449
1448.48	159.313
1448.59	159.192
1448.71	159.097
1448.83	159.038
1448.95	159.005
1449.06	159.007
1449.18	159.032
1449.3	159.093
1449.42	159.187
1449.54	159.299
1449.65	159.447
1449.77	159.628
1449.89	159.838
1450.01	160.054
1450.13	160.28
1450.24	160.512
1450.36	160.757
1450.48	160.998
1450.6	161.225
1450.71	161.469
1450.83	161.702
1450.95	161.899
1451.07	162.082
1451.18	162.236
1451.3	162.353
1451.42	162.434
1451.54	162.479
1451.65	162.488
1451.77	162.47
1451.89	162.422
1452.01	162.34
1452.12	162.245
1452.24	162.139
1452.36	162.012
1452.48	161.871
1452.6	161.743
1452.71	161.618
1452.83	161.496
1452.95	161.382
1453.07	161.269
1453.18	161.154
1453.3	161.034
1453.42	160.928
1453.54	160.837
1453.65	160.767
1453.77	160.724
1453.89	160.69
1454.01	160.674
1454.12	160.664
1454.24	160.671
1454.36	160.701
1454.47	160.748
1454.59	160.806
1454.71	160.869
1454.83	160.94
1454.94	160.999
1455.06	161.037
1455.18	161.049
1455.3	161.032
1455.41	160.993
1455.53	160.927
1455.65	160.834
1455.77	160.703
1455.88	160.563
1456	160.404
1456.12	160.243
1456.23	160.082
1456.35	159.917
1456.47	159.729
1456.59	159.525
1456.7	159.298
1456.82	159.056
1456.94	158.814
1457.06	158.563
1457.17	158.321
1457.29	158.095
1457.41	157.899
1457.52	157.738
1457.64	157.608
1457.76	157.494
1457.88	157.407
1457.99	157.348
1458.11	157.325
1458.23	157.339
1458.34	157.398
1458.46	157.475
1458.58	157.596
1458.69	157.75
1458.81	157.934
1458.93	158.136
1459.05	158.363
1459.16	158.6
1459.28	158.847
1459.4	159.114
1459.51	159.383
1459.63	159.636
1459.75	159.895
1459.87	160.137
1459.98	160.354
1460.1	160.555
1460.22	160.748
1460.33	160.917
1460.45	161.082
1460.57	161.244
1460.68	161.403
1460.8	161.566
1460.92	161.719
1461.04	161.864
1461.15	161.997
1461.27	162.127
1461.39	162.235
1461.5	162.319
1461.62	162.378
1461.74	162.401
1461.85	162.383
1461.97	162.327
1462.09	162.242
1462.2	162.144
1462.32	162.029
1462.44	161.894
1462.55	161.748
1462.67	161.608
1462.79	161.471
1462.9	161.329
1463.02	161.173
1463.14	161.009
1463.25	160.859
1463.37	160.706
1463.49	160.548
1463.6	160.378
1463.72	160.214
1463.84	160.06
1463.95	159.901
1464.07	159.764
1464.19	159.627
1464.3	159.504
1464.42	159.395
1464.54	159.298
1464.65	159.225
1464.77	159.161
1464.89	159.113
1465	159.069
1465.12	159.024
1465.24	158.975
1465.35	158.928
1465.47	158.889
1465.59	158.854
1465.7	158.819
1465.82	158.794
1465.94	158.8
1466.05	158.818
1466.17	158.852
1466.29	158.894
1466.4	158.942
1466.52	158.992
1466.64	159.046
1466.75	159.085
1466.87	159.112
1466.98	159.139
1467.1	159.157
1467.22	159.185
1467.33	159.218
1467.45	159.269
1467.57	159.328
1467.68	159.39
1467.8	159.444
1467.92	159.504
1468.03	159.57
1468.15	159.645
1468.26	159.714
1468.38	159.782
1468.5	159.856
1468.61	159.956
1468.73	160.068
1468.85	160.199
1468.96	160.338
1469.08	160.506
1469.2	160.675
1469.31	160.859
1469.43	161.055
1469.54	161.232
1469.66	161.399
1469.78	161.558
1469.89	161.683
1470.01	161.777
1470.13	161.852
1470.24	161.899
1470.36	161.897
1470.47	161.87
1470.59	161.829
1470.71	161.77
1470.82	161.703
1470.94	161.643
1471.05	161.58
1471.17	161.516
1471.29	161.461
1471.4	161.401
1471.49	161.358
1471.61	161.275
1471.73	161.189
1471.84	161.1
1471.96	160.998
1472.08	160.886
1472.19	160.764
1472.31	160.635
1472.43	160.495
1472.54	160.348
1472.66	160.197
1472.78	160.046
1472.89	159.892
1473.01	159.736
1473.13	159.587
1473.24	159.449
1473.36	159.281
1473.48	159.09
1473.59	158.881
1473.71	158.679
1473.83	158.474
1473.94	158.265
1474.06	158.061
1474.18	157.843
1474.29	157.635
1474.41	157.437
1474.53	157.251
1474.64	157.071
1474.76	156.885
1474.88	156.711
1475	156.544
1475.11	156.393
1475.23	156.256
1475.34	156.139
1475.46	156.034
1475.58	155.947
1475.69	155.896
1475.81	155.888
1475.93	155.921
1476.04	155.972
1476.16	156.057
1476.28	156.169
1476.39	156.31
1476.51	156.484
1476.63	156.687
1476.74	156.912
1476.86	157.153
1476.98	157.416
1477.09	157.676
1477.21	157.952
1477.33	158.236
1477.44	158.542
1477.56	158.844
1477.68	159.142
1477.79	159.411
1477.91	159.661
1478.02	159.878
1478.14	160.056
1478.26	160.189
1478.37	160.296
1478.49	160.373
1478.61	160.419
1478.72	160.441
1478.84	160.437
1478.95	160.414
1479.07	160.385
1479.19	160.338
1479.3	160.297
1479.42	160.258
1479.54	160.214
1479.65	160.184
1479.77	160.152
1479.89	160.101
1480	160.048
1480.12	159.994
1480.23	159.927
1480.35	159.841
1480.47	159.759
1480.58	159.692
1480.7	159.635
1480.82	159.588
1480.93	159.547
1481.05	159.499
1481.16	159.448
1481.28	159.38
1481.4	159.297
1481.51	159.189
1481.63	159.064
1481.74	158.945
1481.86	158.813
1481.98	158.641
1482.09	158.448
1482.21	158.238
1482.33	158.016
1482.44	157.78
1482.56	157.529
1482.67	157.28
1482.79	157.037
1482.9	156.799
1483.02	156.559
1483.14	156.315
1483.25	156.072
1483.37	155.814
1483.49	155.56
1483.6	155.331
1483.72	155.127
1483.83	154.94
1483.95	154.771
1484.06	154.628
1484.18	154.514
1484.3	154.449
1484.41	154.437
1484.53	154.46
1484.64	154.512
1484.76	154.601
1484.88	154.743
1484.99	154.936
1485.11	155.176
1485.22	155.451
1485.34	155.761
1485.46	156.097
1485.57	156.461
1485.69	156.861
1485.8	157.29
1485.92	157.735
1486.03	158.177
1486.15	158.62
1486.27	159.062
1486.38	159.492
1486.5	159.914
1486.61	160.317
1486.73	160.692
1486.84	161.032
1486.96	161.344
1487.08	161.614
1487.19	161.857
1487.31	162.066
1487.42	162.246
1487.54	162.391
1487.65	162.492
1487.77	162.545
1487.89	162.563
1488	162.532
1488.12	162.47
1488.23	162.367
1488.35	162.234
1488.46	162.055
1488.58	161.831
1488.69	161.568
1488.81	161.264
1488.93	160.948
1489.04	160.623
1489.16	160.28
1489.27	159.926
1489.39	159.572
1489.5	159.225
1489.62	158.881
1489.73	158.53
1489.85	158.182
1489.97	157.839
1490.08	157.507
1490.2	157.188
1490.31	156.89
1490.43	156.632
1490.54	156.422
1490.66	156.262
1490.77	156.143
1490.89	156.067
1491	156.038
1491.12	156.058
1491.24	156.116
1491.35	156.219
1491.47	156.346
1491.58	156.515
1491.7	156.719
1491.81	156.94
1491.93	157.176
1492.04	157.432
1492.16	157.701
1492.27	157.981
1492.39	158.26
1492.5	158.537
1492.62	158.797
1492.73	159.043
1492.85	159.272
1492.96	159.479
1493.08	159.667
1493.2	159.821
1493.31	159.941
1493.43	160.032
1493.54	160.106
1493.66	160.135
1493.77	160.119
1493.89	160.063
1494	159.973
1494.12	159.858
1494.23	159.721
1494.35	159.564
1494.46	159.384
1494.58	159.195
1494.69	159.001
1494.81	158.797
1494.92	158.573
1495.04	158.304
1495.15	158.017
1495.27	157.756
1495.38	157.489
1495.5	157.233
1495.61	156.996
1495.73	156.78
1495.84	156.582
1495.96	156.405
1496.07	156.248
1496.19	156.111
1496.3	155.991
1496.31	155.985
1496.43	155.88
1496.54	155.788
1496.66	155.701
1496.77	155.616
1496.89	155.537
1497.01	155.448
1497.12	155.356
1497.24	155.247
1497.35	155.12
1497.47	154.982
1497.59	154.821
1497.7	154.629
1497.82	154.414
1497.93	154.166
1498.05	153.913
1498.16	153.656
1498.28	153.414
1498.39	153.186
1498.51	152.97
1498.63	152.78
1498.74	152.642
1498.86	152.559
1498.97	152.527
1499.09	152.572
1499.2	152.755
1499.32	153.093
1499.43	153.629
1499.55	154.423
1499.67	155.558
1499.78	157.176
1499.9	159.487
1499.95	160.974
1499.99	162.155
