1060.01	131.416
1060.14	136.814
1060.28	140.608
1060.41	143.077
1060.55	144.535
1060.68	145.19
1060.82	145.254
1060.95	144.919
1061.09	144.343
1061.22	143.649
1061.36	142.926
1061.49	142.275
1061.63	141.732
1061.76	141.329
1061.9	141.089
1062.03	141.006
1062.17	141.068
1062.3	141.254
1062.44	141.55
1062.57	141.938
1062.71	142.385
1062.84	142.868
1062.98	143.38
1063.11	143.928
1063.25	144.462
1063.38	144.978
1063.52	145.482
1063.65	145.935
1063.79	146.327
1063.92	146.653
1064.06	146.923
1064.19	147.134
1064.33	147.289
1064.46	147.388
1064.6	147.437
1064.73	147.44
1064.87	147.396
1065	147.305
1065.14	147.174
1065.27	147.004
1065.41	146.799
1065.54	146.564
1065.68	146.313
1065.81	146.056
1065.95	145.743
1066.08	145.409
1066.22	145.118
1066.35	144.862
1066.49	144.623
1066.62	144.408
1066.76	144.21
1066.89	144.015
1067.02	143.855
1067.16	143.736
1067.29	143.65
1067.43	143.59
1067.56	143.558
1067.7	143.529
1067.83	143.514
1067.97	143.507
1068.1	143.515
1068.24	143.531
1068.37	143.546
1068.51	143.563
1068.64	143.587
1068.78	143.615
1068.91	143.644
1069.05	143.672
1069.18	143.702
1069.31	143.731
1069.45	143.761
1069.58	143.798
1069.72	143.837
1069.85	143.875
1069.99	143.92
1070.12	143.98
1070.26	144.055
1070.39	144.131
1070.52	144.214
1070.66	144.309
1070.79	144.404
1070.93	144.489
1071.06	144.568
1071.2	144.654
1071.33	144.751
1071.47	144.857
1071.6	144.966
1071.73	145.081
1071.87	145.193
1072	145.309
1072.14	145.415
1072.27	145.517
1072.41	145.635
1072.54	145.754
1072.68	145.885
1072.81	146.007
1072.94	146.123
1073.08	146.244
1073.21	146.355
1073.35	146.466
1073.48	146.57
1073.61	146.676
1073.75	146.77
1073.88	146.862
1074.02	146.944
1074.15	147.015
1074.29	147.091
1074.42	147.156
1074.55	147.197
1074.69	147.205
1074.82	147.213
1074.96	147.204
1075.09	147.168
1075.23	147.138
1075.36	147.105
1075.49	147.073
1075.63	147.037
1075.76	147.014
1075.9	146.996
1076.03	146.992
1076.16	146.989
1076.3	146.976
1076.43	146.954
1076.57	146.93
1076.7	146.881
1076.83	146.802
1076.97	146.706
1077.1	146.606
1077.24	146.516
1077.37	146.423
1077.5	146.339
1077.64	146.265
1077.77	146.202
1077.91	146.138
1078.04	146.093
1078.17	146.063
1078.31	146.037
1078.44	146.018
1078.58	146.017
1078.71	146.04
1078.84	146.091
1078.98	146.168
1079.11	146.264
1079.24	146.377
1079.38	146.521
1079.51	146.693
1079.65	146.895
1079.78	147.107
1079.91	147.323
1080.05	147.557
1080.18	147.814
1080.32	148.072
1080.45	148.321
1080.58	148.565
1080.72	148.798
1080.85	149.015
1080.98	149.216
1081.12	149.405
1081.25	149.56
1081.39	149.68
1081.52	149.776
1081.65	149.849
1081.79	149.884
1081.92	149.871
1082.05	149.829
1082.19	149.747
1082.32	149.617
1082.45	149.446
1082.59	149.25
1082.72	149.051
1082.85	148.839
1082.99	148.601
1083.12	148.337
1083.26	148.054
1083.39	147.759
1083.52	147.457
1083.66	147.149
1083.79	146.845
1083.92	146.558
1084.06	146.279
1084.19	146.014
1084.32	145.762
1084.46	145.54
1084.59	145.35
1084.72	145.189
1084.86	145.072
1084.99	144.972
1085.12	144.915
1085.26	144.887
1085.39	144.896
1085.52	144.918
1085.66	144.953
1085.79	145.006
1085.92	145.078
1086.06	145.148
1086.19	145.218
1086.32	145.307
1086.46	145.383
1086.59	145.442
1086.72	145.489
1086.86	145.502
1086.99	145.5
1087.12	145.479
1087.26	145.448
1087.39	145.401
1087.52	145.347
1087.66	145.273
1087.79	145.176
1087.92	145.06
1088.06	144.925
1088.19	144.756
1088.32	144.572
1088.46	144.395
1088.59	144.229
1088.72	144.074
1088.79	144
1088.92	143.859
1089.06	143.741
1089.19	143.653
1089.33	143.573
1089.46	143.533
1089.59	143.504
1089.73	143.485
1089.86	143.488
1090	143.508
1090.13	143.557
1090.26	143.632
1090.4	143.735
1090.53	143.853
1090.67	143.986
1090.8	144.129
1090.93	144.286
1091.07	144.441
1091.2	144.581
1091.33	144.712
1091.47	144.857
1091.6	144.995
1091.73	145.107
1091.87	145.197
1092	145.271
1092.14	145.329
1092.27	145.371
1092.4	145.393
1092.54	145.407
1092.67	145.393
1092.8	145.375
1092.94	145.349
1093.07	145.3
1093.21	145.243
1093.34	145.194
1093.47	145.148
1093.61	145.101
1093.74	145.06
1093.87	145.032
1094.01	145.04
1094.14	145.084
1094.27	145.139
1094.41	145.202
1094.54	145.281
1094.67	145.373
1094.81	145.483
1094.94	145.604
1095.07	145.748
1095.21	145.909
1095.34	146.097
1095.47	146.299
1095.61	146.535
1095.74	146.795
1095.87	147.079
1096.01	147.382
1096.14	147.699
1096.28	148.025
1096.41	148.336
1096.54	148.656
1096.68	148.942
1096.81	149.191
1096.94	149.399
1097.08	149.572
1097.21	149.721
1097.34	149.852
1097.47	149.942
1097.61	150.017
1097.74	150.077
1097.88	150.093
1098.01	150.079
1098.14	150.035
1098.27	149.958
1098.41	149.875
1098.54	149.776
1098.67	149.668
1098.81	149.551
1098.94	149.428
1099.07	149.291
1099.21	149.154
1099.34	149.013
1099.47	148.86
1099.61	148.698
1099.74	148.553
1099.87	148.427
1100.01	148.313
1100.14	148.206
1100.27	148.107
1100.4	148.017
1100.54	147.944
1100.67	147.888
1100.8	147.837
1100.94	147.805
1101.07	147.774
1101.2	147.747
1101.34	147.73
1101.47	147.708
1101.6	147.684
1101.73	147.656
1101.87	147.634
1102	147.608
1102.13	147.576
1102.27	147.536
1102.4	147.5
1102.53	147.46
1102.67	147.41
1102.8	147.364
1102.93	147.343
1103.06	147.31
1103.2	147.276
1103.33	147.233
1103.46	147.187
1103.6	147.141
1103.73	147.103
1103.86	147.062
1103.99	147.016
1104.13	146.963
1104.26	146.906
1104.39	146.846
1104.53	146.772
1104.66	146.724
1104.79	146.683
1104.92	146.643
1105.06	146.618
1105.19	146.611
1105.32	146.635
1105.45	146.713
1105.59	146.823
1105.72	146.959
1105.85	147.108
1105.98	147.269
1106.12	147.43
1106.25	147.591
1106.38	147.752
1106.52	147.92
1106.65	148.091
1106.78	148.276
1106.91	148.476
1107.05	148.694
1107.18	148.913
1107.31	149.14
1107.44	149.382
1107.58	149.626
1107.71	149.862
1107.84	150.096
1107.97	150.322
1108.11	150.519
1108.24	150.692
1108.37	150.836
1108.5	150.946
1108.64	151.039
1108.77	151.107
1108.9	151.145
1109.03	151.167
1109.17	151.162
1109.3	151.125
1109.43	151.061
1109.56	150.959
1109.7	150.826
1109.83	150.68
1109.96	150.5
1110.09	150.289
1110.22	150.055
1110.36	149.809
1110.49	149.545
1110.62	149.269
1110.75	148.969
1110.89	148.644
1111.02	148.321
1111.15	148.011
1111.28	147.695
1111.42	147.374
1111.55	147.058
1111.68	146.749
1111.81	146.442
1111.94	146.164
1112.08	145.91
1112.21	145.683
1112.34	145.503
1112.47	145.364
1112.6	145.257
1112.74	145.182
1112.87	145.131
1113	145.115
1113.13	145.139
1113.27	145.208
1113.4	145.312
1113.53	145.434
1113.66	145.572
1113.79	145.733
1113.93	145.918
1114.06	146.116
1114.19	146.334
1114.32	146.573
1114.45	146.811
1114.59	147.055
1114.72	147.301
1114.85	147.557
1114.98	147.823
1115.11	148.104
1115.25	148.39
1115.38	148.671
1115.51	148.942
1115.64	149.194
1115.77	149.438
1115.91	149.662
1116.03	149.865
1116.16	150.036
1116.3	150.173
1116.43	150.283
1116.56	150.369
1116.7	150.439
1116.83	150.494
1116.96	150.528
1117.09	150.541
1117.23	150.517
1117.36	150.461
1117.49	150.373
1117.62	150.261
1117.76	150.123
1117.89	149.957
1118.02	149.781
1118.15	149.599
1118.29	149.407
1118.42	149.2
1118.55	148.976
1118.68	148.757
1118.82	148.547
1118.95	148.335
1119.08	148.131
1119.21	147.951
1119.35	147.789
1119.48	147.649
1119.61	147.525
1119.74	147.402
1119.88	147.287
1120.01	147.211
1120.14	147.155
1120.27	147.124
1120.41	147.122
1120.54	147.152
1120.67	147.2
1120.8	147.249
1120.94	147.304
1121.07	147.376
1121.2	147.464
1121.33	147.548
1121.46	147.638
1121.6	147.747
1121.73	147.872
1121.86	148.005
1121.99	148.142
1122.13	148.279
1122.26	148.43
1122.39	148.607
1122.52	148.802
1122.66	149.001
1122.79	149.198
1122.92	149.388
1123.05	149.572
1123.18	149.75
1123.32	149.919
1123.45	150.073
1123.58	150.213
1123.71	150.348
1123.84	150.462
1123.98	150.555
1124.11	150.631
1124.24	150.688
1124.37	150.732
1124.5	150.781
1124.64	150.827
1124.77	150.857
1124.9	150.856
1125.03	150.839
1125.16	150.802
1125.3	150.757
1125.43	150.698
1125.56	150.624
1125.69	150.548
1125.82	150.461
1125.96	150.363
1126.09	150.267
1126.22	150.172
1126.35	150.082
1126.48	150.009
1126.62	149.946
1126.75	149.886
1126.88	149.824
1127.01	149.779
1127.14	149.756
1127.28	149.743
1127.41	149.733
1127.54	149.727
1127.67	149.733
1127.8	149.743
1127.94	149.759
1128.07	149.78
1128.2	149.801
1128.33	149.827
1128.46	149.846
1128.59	149.849
1128.73	149.844
1128.86	149.837
1128.99	149.814
1129.12	149.774
1129.25	149.726
1129.38	149.675
1129.52	149.614
1129.65	149.536
1129.78	149.426
1129.91	149.284
1130.04	149.13
1130.17	148.951
1130.31	148.736
1130.44	148.493
1130.57	148.235
1130.7	147.972
1130.83	147.704
1130.96	147.423
1131.1	147.121
1131.23	146.825
1131.36	146.562
1131.49	146.311
1131.62	146.088
1131.75	145.904
1131.89	145.759
1132.02	145.637
1132.15	145.541
1132.28	145.491
1132.41	145.481
1132.54	145.506
1132.67	145.559
1132.81	145.649
1132.94	145.771
1133.07	145.91
1133.2	146.058
1133.33	146.212
1133.46	146.381
1133.59	146.566
1133.73	146.756
1133.86	146.952
1133.99	147.131
1134.12	147.282
1134.25	147.425
1134.38	147.565
1134.51	147.681
1134.64	147.75
1134.78	147.795
1134.91	147.82
1135.04	147.827
1135.17	147.803
1135.3	147.756
1135.43	147.692
1135.56	147.611
1135.69	147.525
1135.83	147.45
1135.96	147.37
1136.09	147.28
1136.22	147.168
1136.35	147.044
1136.48	146.902
1136.61	146.767
1136.74	146.647
1136.88	146.539
1137.01	146.454
1137.14	146.392
1137.27	146.351
1137.4	146.336
1137.53	146.344
1137.66	146.378
1137.79	146.45
1137.92	146.546
1138.06	146.659
1138.19	146.793
1138.32	146.958
1138.45	147.144
1138.58	147.345
1138.71	147.57
1138.84	147.82
1138.97	148.087
1139.1	148.369
1139.23	148.676
1139.37	149.009
1139.5	149.344
1139.63	149.669
1139.76	149.979
1139.89	150.262
1140.02	150.536
1140.15	150.79
1140.28	151.02
1140.41	151.229
1140.54	151.422
1140.67	151.592
1140.81	151.751
1140.94	151.876
1141.07	151.956
1141.2	152.003
1141.33	152.027
1141.46	152.016
1141.59	151.961
1141.72	151.872
1141.85	151.76
1141.98	151.629
1142.11	151.487
1142.24	151.322
1142.37	151.127
1142.51	150.919
1142.55	150.865
1142.68	150.638
1142.81	150.412
1142.94	150.176
1143.08	149.927
1143.21	149.653
1143.34	149.38
1143.47	149.115
1143.6	148.839
1143.73	148.568
1143.86	148.31
1144	148.077
1144.13	147.854
1144.26	147.633
1144.39	147.428
1144.52	147.241
1144.65	147.075
1144.78	146.927
1144.92	146.795
1145.05	146.692
1145.18	146.6
1145.31	146.521
1145.44	146.459
1145.57	146.406
1145.7	146.347
1145.83	146.28
1145.97	146.228
1146.1	146.176
1146.23	146.127
1146.36	146.075
1146.49	146.028
1146.62	145.993
1146.75	145.968
1146.88	145.953
1147.02	145.959
1147.15	145.968
1147.28	145.967
1147.41	145.946
1147.54	145.909
1147.67	145.863
1147.8	145.83
1147.93	145.807
1148.06	145.791
1148.19	145.787
1148.33	145.785
1148.46	145.792
1148.59	145.801
1148.72	145.815
1148.85	145.834
1148.98	145.864
1149.11	145.892
1149.24	145.916
1149.37	145.924
1149.51	145.918
1149.64	145.885
1149.77	145.824
1149.9	145.757
1150.03	145.68
1150.16	145.589
1150.29	145.499
1150.42	145.409
1150.55	145.332
1150.68	145.243
1150.81	145.149
1150.95	145.069
1151.08	145.001
1151.21	144.966
1151.34	144.944
1151.47	144.95
1151.6	144.984
1151.73	145.048
1151.86	145.152
1151.99	145.297
1152.12	145.473
1152.25	145.676
1152.38	145.906
1152.52	146.155
1152.65	146.408
1152.78	146.662
1152.91	146.912
1153.04	147.165
1153.17	147.432
1153.3	147.709
1153.43	147.968
1153.56	148.216
1153.69	148.454
1153.82	148.679
1153.95	148.91
1154.08	149.132
1154.21	149.322
1154.34	149.497
1154.48	149.64
1154.61	149.754
1154.74	149.829
1154.87	149.863
1155	149.884
1155.13	149.885
1155.26	149.865
1155.39	149.812
1155.52	149.728
1155.65	149.624
1155.78	149.512
1155.91	149.394
1156.04	149.287
1156.17	149.194
1156.3	149.121
1156.43	149.047
1156.56	148.977
1156.69	148.92
1156.82	148.873
1156.96	148.837
1157.09	148.809
1157.22	148.798
1157.35	148.806
1157.48	148.848
1157.61	148.909
1157.74	148.993
1157.87	149.1
1158	149.229
1158.13	149.366
1158.26	149.515
1158.39	149.663
1158.52	149.798
1158.65	149.919
1158.78	150.018
1158.91	150.106
1159.04	150.175
1159.17	150.201
1159.3	150.198
1159.43	150.174
1159.56	150.138
1159.69	150.073
1159.82	149.97
1159.95	149.854
1160.08	149.728
1160.21	149.599
1160.34	149.471
1160.47	149.33
1160.6	149.165
1160.73	148.99
1160.86	148.802
1160.99	148.619
1161.12	148.449
1161.25	148.271
1161.38	148.086
1161.51	147.909
1161.64	147.734
1161.77	147.572
1161.9	147.398
1162.03	147.225
1162.16	147.073
1162.29	146.924
1162.42	146.788
1162.55	146.657
1162.68	146.547
1162.81	146.447
1162.94	146.366
1163.07	146.317
1163.2	146.303
1163.33	146.319
1163.46	146.366
1163.59	146.431
1163.72	146.513
1163.85	146.614
1163.98	146.727
1164.11	146.848
1164.24	146.982
1164.37	147.131
1164.5	147.286
1164.63	147.444
1164.76	147.608
1164.89	147.776
1165.02	147.949
1165.15	148.149
1165.28	148.361
1165.41	148.576
1165.54	148.807
1165.67	149.019
1165.8	149.214
1165.93	149.399
1166.06	149.579
1166.19	149.75
1166.32	149.897
1166.45	150.024
1166.58	150.123
1166.71	150.191
1166.84	150.243
1166.97	150.28
1167.1	150.301
1167.23	150.314
1167.36	150.319
1167.49	150.312
1167.62	150.285
1167.75	150.245
1167.88	150.18
1168.01	150.083
1168.14	149.971
1168.27	149.849
1168.39	149.719
1168.49	149.63
1168.62	149.501
1168.75	149.36
1168.88	149.224
1169.01	149.092
1169.14	148.953
1169.27	148.806
1169.4	148.678
1169.53	148.57
1169.66	148.467
1169.79	148.374
1169.92	148.288
1170.05	148.224
1170.18	148.161
1170.31	148.1
1170.44	148.069
1170.57	148.05
1170.7	148.04
1170.83	148.032
1170.96	148.035
1171.09	148.061
1171.22	148.092
1171.35	148.12
1171.48	148.158
1171.61	148.176
1171.74	148.19
1171.87	148.193
1172	148.192
1172.13	148.195
1172.26	148.186
1172.39	148.161
1172.52	148.132
1172.65	148.103
1172.78	148.072
1172.91	148.031
1173.04	147.969
1173.17	147.899
1173.3	147.821
1173.43	147.721
1173.56	147.626
1173.69	147.543
1173.82	147.467
1173.95	147.39
1174.08	147.329
1174.21	147.273
1174.34	147.225
1174.47	147.193
1174.6	147.179
1174.73	147.171
1174.86	147.18
1174.99	147.212
1175.12	147.256
1175.25	147.313
1175.38	147.375
1175.51	147.435
1175.64	147.493
1175.77	147.555
1175.9	147.615
1176.03	147.689
1176.16	147.772
1176.29	147.869
1176.42	147.978
1176.55	148.092
1176.68	148.211
1176.81	148.312
1176.94	148.406
1177.07	148.504
1177.2	148.605
1177.33	148.706
1177.46	148.797
1177.59	148.895
1177.72	148.986
1177.85	149.07
1177.98	149.139
1178.11	149.201
1178.24	149.262
1178.37	149.331
1178.5	149.405
1178.63	149.479
1178.75	149.558
1178.88	149.638
1179.01	149.706
1179.14	149.78
1179.27	149.878
1179.4	149.996
1179.53	150.128
1179.66	150.28
1179.79	150.445
1179.92	150.615
1180.05	150.803
1180.18	150.997
1180.31	151.184
1180.44	151.371
1180.57	151.56
1180.7	151.729
1180.83	151.854
1180.96	151.959
1181.09	152.026
1181.22	152.06
1181.35	152.059
1181.48	152.026
1181.6	151.955
1181.73	151.835
1181.86	151.692
1181.99	151.515
1182.12	151.309
1182.25	151.074
1182.38	150.807
1182.51	150.519
1182.64	150.226
1182.77	149.902
1182.9	149.58
1183.03	149.245
1183.16	148.919
1183.29	148.603
1183.41	148.3
1183.54	148.01
1183.67	147.731
1183.8	147.479
1183.93	147.248
1184.06	147.027
1184.19	146.823
1184.32	146.622
1184.45	146.438
1184.58	146.278
1184.71	146.152
1184.84	146.065
1184.97	146.012
1185.09	145.991
1185.22	146.003
1185.35	146.039
1185.48	146.115
1185.61	146.217
1185.74	146.33
1185.87	146.465
1186	146.637
1186.13	146.85
1186.26	147.083
1186.39	147.322
1186.51	147.55
1186.64	147.77
1186.77	147.993
1186.9	148.222
1187.03	148.451
1187.16	148.676
1187.29	148.879
1187.42	149.061
1187.55	149.238
1187.68	149.392
1187.8	149.505
1187.93	149.572
1188.06	149.604
1188.19	149.604
1188.32	149.58
1188.45	149.52
1188.58	149.433
1188.71	149.33
1188.84	149.194
1188.96	149.017
1189.09	148.807
1189.22	148.583
1189.35	148.336
1189.48	148.058
1189.61	147.741
1189.74	147.398
1189.87	147.039
1189.99	146.645
1190.12	146.229
1190.25	145.808
1190.38	145.391
1190.51	144.975
1190.64	144.559
1190.77	144.141
1190.9	143.73
1191.02	143.342
1191.15	143
1191.28	142.706
1191.41	142.458
1191.54	142.254
1191.67	142.102
1191.8	142.002
1191.92	141.961
1192.05	141.985
1192.18	142.062
1192.31	142.199
1192.44	142.414
1192.57	142.697
1192.7	143.047
1192.83	143.456
1192.95	143.915
1193.08	144.393
1193.21	144.894
1193.34	145.422
1193.47	145.966
1193.6	146.506
1193.72	147.036
1193.85	147.557
1193.98	148.087
1194.11	148.609
1194.24	149.118
1194.37	149.601
1194.5	150.072
1194.62	150.524
1194.75	150.937
1194.88	151.324
1195.01	151.676
1195.14	151.986
1195.27	152.257
1195.4	152.486
1195.52	152.68
1195.54	152.718
1195.67	152.852
1195.8	152.95
1195.93	153.015
1196.06	153.044
1196.19	153.041
1196.32	153.005
1196.45	152.937
1196.58	152.813
1196.7	152.655
1196.83	152.485
1196.96	152.299
1197.09	152.079
1197.22	151.817
1197.35	151.528
1197.48	151.223
1197.61	150.904
1197.74	150.599
1197.87	150.288
1197.99	149.98
1198.12	149.672
1198.25	149.374
1198.38	149.101
1198.51	148.864
1198.64	148.63
1198.77	148.396
1198.9	148.178
1199.03	147.973
1199.15	147.781
1199.28	147.604
1199.41	147.432
1199.54	147.283
1199.67	147.154
1199.8	147.038
1199.93	146.934
1200.06	146.864
1200.19	146.809
1200.31	146.76
1200.44	146.713
1200.57	146.661
1200.7	146.616
1200.83	146.584
1200.96	146.556
1201.09	146.556
1201.22	146.561
1201.34	146.574
1201.47	146.59
1201.6	146.597
1201.73	146.59
1201.86	146.571
1201.99	146.552
1202.12	146.545
1202.24	146.535
1202.37	146.517
1202.5	146.481
1202.63	146.439
1202.76	146.389
1202.89	146.322
1203.02	146.23
1203.15	146.123
1203.27	146.007
1203.4	145.914
1203.53	145.844
1203.66	145.801
1203.79	145.776
1203.92	145.767
1204.04	145.767
1204.17	145.782
1204.3	145.814
1204.43	145.851
1204.56	145.887
1204.69	145.945
1204.82	146.026
1204.94	146.136
1205.07	146.254
1205.2	146.365
1205.33	146.479
1205.46	146.613
1205.59	146.75
1205.71	146.882
1205.84	147.013
1205.97	147.138
1206.1	147.268
1206.23	147.399
1206.36	147.528
1206.48	147.646
1206.61	147.751
1206.74	147.862
1206.87	147.976
1207	148.091
1207.13	148.203
1207.25	148.327
1207.38	148.464
1207.51	148.612
1207.64	148.779
1207.77	148.963
1207.9	149.151
1208.02	149.325
1208.15	149.482
1208.28	149.621
1208.41	149.75
1208.54	149.867
1208.67	149.965
1208.79	150.051
1208.92	150.099
1209.05	150.14
1209.18	150.159
1209.31	150.162
1209.43	150.143
1209.56	150.108
1209.69	150.035
1209.82	149.938
1209.95	149.826
1210.07	149.685
1210.2	149.524
1210.33	149.337
1210.46	149.137
1210.59	148.932
1210.71	148.725
1210.84	148.521
1210.97	148.316
1211.1	148.133
1211.23	147.955
1211.35	147.793
1211.48	147.65
1211.61	147.52
1211.74	147.409
1211.87	147.338
1211.99	147.291
1212.12	147.294
1212.25	147.336
1212.38	147.428
1212.51	147.571
1212.63	147.749
1212.76	147.954
1212.89	148.184
1213.02	148.445
1213.14	148.738
1213.27	149.049
1213.4	149.372
1213.53	149.695
1213.66	150.026
1213.78	150.352
1213.91	150.659
1214.04	150.939
1214.17	151.186
1214.29	151.397
1214.42	151.592
1214.55	151.763
1214.68	151.899
1214.81	151.999
1214.93	152.055
1215.06	152.072
1215.19	152.053
1215.32	152
1215.44	151.917
1215.57	151.823
1215.7	151.726
1215.83	151.613
1215.95	151.491
1216.08	151.368
1216.21	151.25
1216.34	151.156
1216.46	151.089
1216.59	151.04
1216.72	151.013
1216.85	151.012
1216.97	151.04
1217.1	151.105
1217.23	151.19
1217.36	151.291
1217.49	151.412
1217.61	151.551
1217.74	151.709
1217.87	151.866
1217.99	152.022
1218.12	152.173
1218.25	152.319
1218.38	152.452
1218.5	152.572
1218.63	152.676
1218.76	152.755
1218.89	152.814
1219.01	152.838
1219.14	152.822
1219.27	152.757
1219.4	152.668
1219.52	152.562
1219.65	152.423
1219.78	152.26
1219.91	152.074
1220.03	151.89
1220.16	151.679
1220.29	151.456
1220.41	151.229
1220.54	151.002
1220.67	150.764
1220.8	150.529
1220.92	150.312
1221.05	150.108
1221.18	149.935
1221.3	149.797
1221.34	149.777
1221.46	149.682
1221.59	149.623
1221.72	149.594
1221.85	149.593
1221.98	149.626
1222.1	149.68
1222.23	149.758
1222.36	149.854
1222.49	149.968
1222.62	150.088
1222.74	150.22
1222.87	150.349
1223	150.509
1223.13	150.686
1223.26	150.882
1223.38	151.081
1223.51	151.269
1223.64	151.436
1223.77	151.58
1223.89	151.684
1224.02	151.751
1224.15	151.786
1224.28	151.792
1224.41	151.77
1224.53	151.728
1224.66	151.665
1224.79	151.576
1224.92	151.455
1225.04	151.313
1225.17	151.158
1225.3	150.997
1225.43	150.826
1225.56	150.643
1225.68	150.449
1225.81	150.252
1225.94	150.074
1226.07	149.921
1226.19	149.783
1226.32	149.667
1226.45	149.581
1226.58	149.504
1226.7	149.445
1226.83	149.417
1226.96	149.389
1227.09	149.383
1227.21	149.404
1227.34	149.433
1227.47	149.461
1227.6	149.498
1227.72	149.542
1227.85	149.587
1227.98	149.625
1228.11	149.65
1228.23	149.677
1228.36	149.712
1228.49	149.755
1228.62	149.815
1228.74	149.883
1228.87	149.971
1229	150.062
1229.13	150.145
1229.25	150.213
1229.38	150.272
1229.51	150.319
1229.64	150.369
1229.76	150.415
1229.89	150.442
1230.02	150.457
1230.15	150.463
1230.27	150.476
1230.4	150.482
1230.53	150.468
1230.66	150.436
1230.78	150.391
1230.91	150.341
1231.04	150.271
1231.17	150.18
1231.29	150.066
1231.42	149.916
1231.55	149.735
1231.67	149.538
1231.8	149.339
1231.93	149.15
1232.06	148.991
1232.18	148.851
1232.31	148.736
1232.44	148.645
1232.56	148.577
1232.69	148.515
1232.82	148.456
1232.95	148.398
1233.07	148.341
1233.2	148.284
1233.33	148.232
1233.45	148.191
1233.58	148.145
1233.71	148.107
1233.84	148.093
1233.96	148.112
1234.09	148.153
1234.22	148.21
1234.34	148.279
1234.47	148.377
1234.6	148.498
1234.72	148.635
1234.85	148.779
1234.98	148.941
1235.11	149.132
1235.23	149.351
1235.36	149.591
1235.49	149.839
1235.61	150.095
1235.74	150.349
1235.87	150.6
1235.99	150.853
1236.12	151.091
1236.25	151.299
1236.37	151.475
1236.5	151.632
1236.63	151.758
1236.76	151.871
1236.88	151.981
1237.01	152.082
1237.14	152.149
1237.26	152.198
1237.39	152.235
1237.52	152.253
1237.64	152.268
1237.77	152.265
1237.9	152.257
1238.02	152.257
1238.15	152.265
1238.28	152.265
1238.4	152.263
1238.53	152.268
1238.66	152.276
1238.78	152.287
1238.91	152.284
1239.04	152.267
1239.16	152.252
1239.29	152.226
1239.42	152.215
1239.54	152.216
1239.67	152.23
1239.8	152.268
1239.92	152.297
1240.05	152.318
1240.18	152.324
1240.3	152.319
1240.43	152.299
1240.56	152.273
1240.68	152.23
1240.81	152.177
1240.94	152.136
1241.06	152.116
1241.19	152.105
1241.32	152.093
1241.44	152.089
1241.57	152.086
1241.7	152.103
1241.82	152.122
1241.95	152.134
1242.08	152.119
1242.2	152.084
1242.33	152.022
1242.45	151.935
1242.58	151.825
1242.71	151.708
1242.83	151.609
1242.96	151.516
1243.09	151.419
1243.21	151.345
1243.34	151.289
1243.47	151.229
1243.59	151.177
1243.72	151.136
1243.84	151.11
1243.97	151.1
1244.1	151.1
1244.22	151.127
1244.35	151.176
1244.48	151.24
1244.6	151.327
1244.73	151.424
1244.85	151.53
1244.98	151.645
1245.11	151.762
1245.23	151.887
1245.36	152.036
1245.49	152.179
1245.61	152.334
1245.74	152.497
1245.86	152.668
1245.99	152.856
1246.12	153.056
1246.24	153.262
1246.37	153.468
1246.5	153.686
1246.62	153.893
1246.75	154.093
1246.87	154.277
1247	154.427
1247.13	154.555
1247.25	154.681
1247.38	154.819
1247.5	154.952
1247.63	155.089
1247.66	155.138
1247.79	155.269
1247.91	155.381
1248.04	155.498
1248.17	155.617
1248.29	155.723
1248.42	155.825
1248.55	155.907
1248.67	155.989
1248.8	156.065
1248.93	156.125
1249.05	156.183
1249.18	156.241
1249.31	156.305
1249.43	156.367
1249.56	156.424
1249.69	156.451
1249.82	156.453
1249.94	156.438
1250.07	156.401
1250.2	156.366
1250.32	156.307
1250.45	156.251
1250.58	156.192
1250.7	156.119
1250.83	156.033
1250.96	155.925
1251.08	155.794
1251.21	155.63
1251.33	155.437
1251.46	155.219
1251.59	154.986
1251.71	154.76
1251.84	154.543
1251.97	154.322
1252.09	154.106
1252.22	153.904
1252.35	153.716
1252.47	153.556
1252.6	153.405
1252.73	153.288
1252.85	153.191
1252.98	153.12
1253.11	153.075
1253.23	153.057
1253.36	153.066
1253.49	153.122
1253.61	153.212
1253.74	153.308
1253.86	153.424
1253.99	153.564
1254.12	153.705
1254.24	153.846
1254.37	154.009
1254.5	154.176
1254.62	154.342
1254.75	154.503
1254.88	154.658
1255	154.814
1255.13	154.956
1255.25	155.085
1255.38	155.197
1255.51	155.281
1255.63	155.351
1255.76	155.402
1255.89	155.426
1256.01	155.422
1256.14	155.395
1256.26	155.329
1256.39	155.247
1256.52	155.14
1256.64	155.008
1256.77	154.863
1256.89	154.714
1257.02	154.57
1257.15	154.437
1257.27	154.301
1257.4	154.146
1257.53	153.986
1257.65	153.818
1257.78	153.639
1257.9	153.475
1258.03	153.34
1258.16	153.242
1258.28	153.167
1258.41	153.115
1258.53	153.09
1258.66	153.08
1258.79	153.105
1258.91	153.164
1259.04	153.25
1259.16	153.352
1259.29	153.471
1259.42	153.586
1259.54	153.712
1259.67	153.827
1259.79	153.944
1259.92	154.075
1260.05	154.222
1260.17	154.38
1260.3	154.533
1260.42	154.687
1260.55	154.849
1260.67	155.024
1260.8	155.203
1260.93	155.394
1261.05	155.593
1261.18	155.788
1261.3	155.998
1261.43	156.218
1261.56	156.445
1261.68	156.673
1261.81	156.899
1261.93	157.114
1262.06	157.315
1262.18	157.5
1262.31	157.667
1262.44	157.811
1262.56	157.941
1262.69	158.039
1262.81	158.103
1262.94	158.136
1263.06	158.137
1263.19	158.098
1263.32	158.024
1263.44	157.923
1263.57	157.805
1263.69	157.659
1263.82	157.478
1263.94	157.272
1264.07	157.06
1264.2	156.835
1264.32	156.605
1264.45	156.365
1264.57	156.123
1264.7	155.904
1264.82	155.686
1264.95	155.473
1265.07	155.289
1265.2	155.122
1265.33	154.968
1265.45	154.834
1265.58	154.719
1265.7	154.616
1265.83	154.528
1265.95	154.463
1266.08	154.423
1266.2	154.404
1266.33	154.408
1266.45	154.439
1266.58	154.503
1266.71	154.581
1266.83	154.673
1266.96	154.781
1267.08	154.891
1267.21	155.005
1267.33	155.121
1267.46	155.243
1267.58	155.371
1267.71	155.513
1267.83	155.667
1267.96	155.819
1268.08	155.949
1268.21	156.059
1268.33	156.156
1268.46	156.211
1268.59	156.233
1268.71	156.238
1268.84	156.221
1268.96	156.188
1269.09	156.134
1269.21	156.066
1269.34	156
1269.46	155.934
1269.59	155.889
1269.71	155.849
1269.84	155.818
1269.96	155.783
1270.09	155.747
1270.21	155.701
1270.34	155.654
1270.46	155.594
1270.59	155.538
1270.71	155.475
1270.84	155.409
1270.96	155.326
1271.09	155.233
1271.21	155.149
1271.34	155.073
1271.46	154.997
1271.59	154.914
1271.71	154.837
1271.84	154.759
1271.96	154.676
1272.09	154.599
1272.21	154.531
1272.34	154.464
1272.46	154.411
1272.59	154.371
1272.71	154.353
1272.84	154.362
1272.96	154.383
1273.09	154.421
1273.21	154.47
1273.34	154.529
1273.46	154.602
1273.59	154.698
1273.71	154.82
1273.84	154.961
1273.96	155.121
1274.08	155.299
1274.2	155.525
1274.33	155.778
1274.46	156.04
1274.58	156.299
1274.71	156.561
1274.83	156.811
1274.96	157.024
1275.08	157.222
1275.21	157.414
1275.33	157.6
1275.46	157.771
1275.59	157.9
1275.71	158.003
1275.84	158.078
1275.96	158.116
1276.09	158.119
1276.21	158.095
1276.34	158.033
1276.46	157.93
1276.59	157.797
1276.72	157.648
1276.84	157.471
1276.97	157.275
1277.09	157.057
1277.22	156.827
1277.34	156.591
1277.47	156.334
1277.59	156.074
1277.72	155.818
1277.84	155.565
1277.97	155.331
1278.09	155.119
1278.22	154.939
1278.35	154.787
1278.47	154.666
1278.6	154.575
1278.72	154.518
1278.85	154.499
1278.97	154.514
1279.1	154.573
1279.22	154.639
1279.35	154.728
1279.47	154.853
1279.6	154.986
1279.72	155.136
1279.85	155.307
1279.97	155.516
1280.1	155.762
1280.22	156.029
1280.35	156.316
1280.48	156.604
1280.6	156.89
1280.72	157.163
1280.85	157.42
1280.98	157.64
1281.1	157.833
1281.23	157.997
1281.35	158.116
1281.48	158.18
1281.6	158.194
1281.73	158.159
1281.85	158.081
1281.98	157.955
1282.1	157.769
1282.23	157.535
1282.35	157.263
1282.48	156.96
1282.6	156.615
1282.73	156.23
1282.85	155.824
1282.98	155.392
1283.1	154.941
1283.23	154.497
1283.35	154.06
1283.48	153.648
1283.6	153.246
1283.73	152.848
1283.85	152.468
1283.98	152.116
1284.1	151.793
1284.23	151.507
1284.35	151.247
1284.48	151.036
1284.6	150.86
1284.73	150.731
1284.85	150.653
1284.98	150.629
1285.1	150.656
1285.22	150.725
1285.35	150.844
1285.47	150.995
1285.6	151.168
1285.72	151.36
1285.85	151.598
1285.97	151.88
1286.1	152.179
1286.22	152.486
1286.35	152.79
1286.47	153.113
1286.6	153.437
1286.72	153.762
1286.85	154.064
1286.97	154.372
1287.1	154.667
1287.22	154.935
1287.35	155.199
1287.47	155.444
1287.59	155.67
1287.72	155.872
1287.84	156.043
1287.97	156.19
1288.09	156.318
1288.22	156.425
1288.34	156.536
1288.47	156.639
1288.59	156.745
1288.72	156.86
1288.84	156.976
1288.96	157.107
1289.09	157.23
1289.21	157.338
1289.34	157.429
1289.46	157.524
1289.59	157.607
1289.71	157.677
1289.84	157.732
1289.96	157.752
1290.09	157.757
1290.21	157.737
1290.33	157.675
1290.46	157.589
1290.58	157.49
1290.71	157.377
1290.83	157.242
1290.96	157.083
1291.08	156.909
1291.2	156.726
1291.33	156.523
1291.45	156.303
1291.58	156.054
1291.7	155.789
1291.83	155.528
1291.95	155.268
1292.08	154.993
1292.2	154.716
1292.32	154.458
1292.45	154.215
1292.57	153.985
1292.7	153.77
1292.82	153.572
1292.95	153.407
1293.07	153.273
1293.19	153.168
1293.32	153.082
1293.44	153.025
1293.57	153
1293.69	153.004
1293.81	153.041
1293.94	153.105
1294.06	153.195
1294.19	153.299
1294.31	153.405
1294.44	153.518
1294.56	153.65
1294.68	153.816
1294.81	153.995
1294.93	154.174
1295.06	154.356
1295.18	154.546
1295.3	154.716
1295.43	154.874
1295.55	155.007
1295.68	155.118
1295.8	155.2
1295.92	155.251
1296.05	155.291
1296.17	155.307
1296.3	155.295
1296.42	155.252
1296.54	155.198
1296.67	155.128
1296.79	155.026
1296.92	154.909
1297.04	154.787
1297.16	154.666
1297.29	154.535
1297.41	154.399
1297.54	154.272
1297.66	154.174
1297.78	154.077
1297.91	153.976
1298.03	153.894
1298.16	153.823
1298.28	153.76
1298.4	153.7
1298.53	153.651
1298.65	153.615
1298.77	153.595
1298.9	153.598
1299.02	153.617
1299.15	153.636
1299.27	153.676
1299.39	153.733
1299.52	153.818
1299.64	153.937
1299.76	154.065
1299.89	154.196
1299.97	154.282
1300.09	154.438
1300.22	154.596
1300.34	154.768
1300.46	154.945
1300.59	155.134
1300.71	155.335
1300.84	155.521
1300.96	155.702
1301.09	155.88
1301.21	156.055
1301.34	156.223
1301.46	156.384
1301.58	156.542
1301.71	156.713
1301.83	156.883
1301.96	157.031
1302.08	157.156
1302.21	157.247
1302.33	157.322
1302.45	157.371
1302.58	157.375
1302.7	157.324
1302.83	157.246
1302.95	157.149
1303.08	157.027
1303.2	156.874
1303.32	156.698
1303.45	156.496
1303.57	156.277
1303.7	156.036
1303.82	155.779
1303.94	155.507
1304.07	155.226
1304.19	154.934
1304.32	154.643
1304.44	154.343
1304.57	154.041
1304.69	153.738
1304.81	153.427
1304.94	153.124
1305.06	152.834
1305.19	152.575
1305.31	152.353
1305.43	152.148
1305.56	151.968
1305.68	151.831
1305.81	151.721
1305.93	151.637
1306.05	151.587
1306.18	151.549
1306.3	151.527
1306.43	151.529
1306.55	151.573
1306.67	151.662
1306.8	151.768
1306.92	151.883
1307.05	152.017
1307.17	152.185
1307.29	152.362
1307.42	152.534
1307.54	152.701
1307.67	152.859
1307.79	153.011
1307.91	153.16
1308.04	153.304
1308.16	153.452
1308.29	153.583
1308.41	153.677
1308.53	153.75
1308.66	153.822
1308.78	153.884
1308.9	153.924
1309.03	153.952
1309.15	153.98
1309.28	154.015
1309.4	154.055
1309.52	154.098
1309.65	154.125
1309.77	154.146
1309.9	154.176
1310.02	154.207
1310.14	154.245
1310.27	154.288
1310.39	154.334
1310.51	154.374
1310.64	154.422
1310.76	154.469
1310.88	154.519
1311.01	154.578
1311.13	154.624
1311.26	154.665
1311.38	154.677
1311.5	154.648
1311.63	154.578
1311.75	154.466
1311.87	154.331
1312	154.172
1312.12	153.996
1312.24	153.813
1312.37	153.634
1312.49	153.443
1312.61	153.242
1312.74	153.036
1312.86	152.823
1312.99	152.607
1313.11	152.381
1313.23	152.139
1313.36	151.89
1313.48	151.652
1313.6	151.423
1313.73	151.204
1313.85	151.002
1313.97	150.833
1314.1	150.693
1314.22	150.585
1314.34	150.505
1314.47	150.461
1314.59	150.45
1314.71	150.481
1314.84	150.541
1314.96	150.635
1315.08	150.77
1315.21	150.948
1315.33	151.163
1315.45	151.432
1315.58	151.755
1315.7	152.111
1315.82	152.496
1315.95	152.917
1316.07	153.365
1316.19	153.828
1316.32	154.301
1316.44	154.771
1316.56	155.235
1316.69	155.664
1316.81	156.046
1316.93	156.387
1317.06	156.702
1317.18	156.982
1317.3	157.208
1317.43	157.37
1317.55	157.48
1317.67	157.56
1317.79	157.583
1317.92	157.549
1318.04	157.449
1318.16	157.286
1318.29	157.082
1318.41	156.84
1318.53	156.562
1318.66	156.266
1318.78	155.954
1318.9	155.607
1319.03	155.241
1319.15	154.878
1319.27	154.524
1319.4	154.162
1319.52	153.802
1319.64	153.446
1319.76	153.109
1319.89	152.798
1320.01	152.519
1320.13	152.27
1320.26	152.055
1320.38	151.871
1320.5	151.718
1320.63	151.581
1320.75	151.472
1320.87	151.399
1320.99	151.374
1321.12	151.385
1321.24	151.446
1321.36	151.543
1321.48	151.692
1321.61	151.889
1321.73	152.094
1321.85	152.327
1321.98	152.556
1322.1	152.801
1322.22	153.035
1322.35	153.276
1322.47	153.521
1322.59	153.756
1322.71	153.991
1322.84	154.209
1322.96	154.402
1323.08	154.566
1323.2	154.701
1323.33	154.815
1323.45	154.914
1323.57	154.997
1323.7	155.07
1323.82	155.123
1323.94	155.154
1324.06	155.174
1324.19	155.186
1324.31	155.19
1324.43	155.197
1324.55	155.21
1324.68	155.217
1324.8	155.224
1324.92	155.227
1325.04	155.227
1325.14	155.224
1325.27	155.209
1325.39	155.175
1325.51	155.118
1325.64	155.051
1325.76	154.97
1325.88	154.882
1326.01	154.802
1326.13	154.707
1326.25	154.581
1326.38	154.452
1326.5	154.335
1326.62	154.216
1326.75	154.08
1326.87	153.946
1326.99	153.832
1327.12	153.717
1327.24	153.598
1327.36	153.497
1327.49	153.414
1327.61	153.369
1327.73	153.349
1327.86	153.358
1327.98	153.383
1328.1	153.447
1328.22	153.54
1328.35	153.639
1328.47	153.756
1328.59	153.876
1328.72	154.005
1328.84	154.15
1328.96	154.297
1329.09	154.462
1329.21	154.651
1329.33	154.85
1329.46	155.052
1329.58	155.262
1329.7	155.474
1329.82	155.68
1329.95	155.862
1330.07	156.03
1330.19	156.157
1330.32	156.266
1330.44	156.36
1330.56	156.428
1330.69	156.473
1330.81	156.478
1330.93	156.445
1331.05	156.374
1331.18	156.256
1331.3	156.11
1331.42	155.93
1331.55	155.73
1331.67	155.505
1331.79	155.257
1331.91	154.991
1332.04	154.719
1332.16	154.434
1332.28	154.135
1332.41	153.847
1332.53	153.574
1332.65	153.348
1332.77	153.157
1332.9	153.019
1333.02	152.918
1333.14	152.862
1333.27	152.847
1333.39	152.861
1333.51	152.901
1333.63	152.963
1333.76	153.048
1333.88	153.172
1334	153.341
1334.13	153.536
1334.25	153.755
1334.37	153.982
1334.49	154.223
1334.62	154.482
1334.74	154.735
1334.86	154.988
1334.98	155.253
1335.11	155.506
1335.23	155.747
1335.35	155.975
1335.47	156.188
1335.6	156.384
1335.72	156.56
1335.84	156.706
1335.96	156.823
1336.09	156.9
1336.21	156.965
1336.33	157.011
1336.45	157.029
1336.58	157.014
1336.7	156.973
1336.82	156.903
1336.95	156.816
1337.07	156.702
1337.19	156.549
1337.31	156.35
1337.43	156.123
1337.56	155.871
1337.68	155.577
1337.8	155.254
1337.92	154.921
1338.05	154.585
1338.17	154.249
1338.29	153.926
1338.41	153.608
1338.54	153.288
1338.66	152.99
1338.78	152.685
1338.9	152.379
1339.03	152.067
1339.15	151.762
1339.27	151.469
1339.39	151.184
1339.52	150.912
1339.64	150.674
1339.76	150.459
1339.88	150.282
1340	150.151
1340.13	150.046
1340.25	149.976
1340.37	149.943
1340.49	149.934
1340.62	149.976
1340.74	150.072
1340.86	150.229
1340.98	150.435
1341.1	150.67
1341.23	150.95
1341.35	151.274
1341.47	151.657
1341.59	152.073
1341.71	152.514
1341.84	152.979
1341.96	153.454
1342.08	153.936
1342.2	154.415
1342.33	154.893
1342.45	155.356
1342.57	155.806
1342.69	156.232
1342.81	156.63
1342.94	157.012
1343.06	157.376
1343.18	157.728
1343.3	158.056
1343.42	158.355
1343.55	158.61
1343.67	158.823
1343.79	158.987
1343.91	159.105
1344.03	159.169
1344.16	159.186
1344.28	159.157
1344.4	159.1
1344.52	159.01
1344.64	158.886
1344.77	158.741
1344.89	158.568
1345.01	158.37
1345.13	158.148
1345.25	157.912
1345.37	157.695
1345.5	157.477
1345.62	157.246
1345.74	157.022
1345.86	156.815
1345.98	156.629
1346.11	156.47
1346.23	156.334
1346.35	156.219
1346.47	156.12
1346.59	156.042
1346.71	156
1346.84	155.979
1346.96	155.975
1347.08	155.99
1347.2	156.047
1347.32	156.13
1347.45	156.245
1347.57	156.383
1347.69	156.545
1347.81	156.709
1347.93	156.869
1348.05	157.023
1348.18	157.152
1348.3	157.253
1348.42	157.342
1348.54	157.409
1348.66	157.445
1348.78	157.47
1348.9	157.466
1349.03	157.439
1349.15	157.398
1349.27	157.319
1349.39	157.211
1349.51	157.077
1349.63	156.921
1349.76	156.74
1349.88	156.533
1350	156.301
1350.12	156.063
1350.24	155.812
1350.36	155.566
1350.48	155.309
1350.61	155.037
1350.61	155.041
1350.73	154.758
1350.85	154.474
1350.98	154.235
1351.1	154.031
1351.22	153.85
1351.34	153.683
1351.47	153.538
1351.59	153.447
1351.71	153.416
1351.83	153.431
1351.95	153.462
1352.08	153.528
1352.2	153.621
1352.32	153.734
1352.44	153.855
1352.56	153.985
1352.69	154.124
1352.81	154.266
1352.93	154.405
1353.05	154.528
1353.17	154.633
1353.3	154.733
1353.42	154.829
1353.54	154.915
1353.66	154.995
1353.78	155.064
1353.91	155.101
1354.03	155.119
1354.15	155.13
1354.27	155.125
1354.39	155.101
1354.52	155.065
1354.64	154.999
1354.76	154.935
1354.88	154.866
1355	154.805
1355.13	154.763
1355.25	154.707
1355.37	154.639
1355.49	154.594
1355.61	154.579
1355.73	154.602
1355.86	154.64
1355.98	154.647
1356.1	154.678
1356.22	154.738
1356.34	154.806
1356.47	154.887
1356.59	154.97
1356.71	155.055
1356.83	155.131
1356.95	155.201
1357.07	155.282
1357.2	155.356
1357.32	155.416
1357.44	155.44
1357.56	155.459
1357.68	155.465
1357.8	155.481
1357.93	155.511
1358.05	155.558
1358.17	155.608
1358.29	155.659
1358.41	155.719
1358.53	155.768
1358.66	155.806
1358.78	155.852
1358.9	155.9
1359.02	155.942
1359.14	155.983
1359.26	156.025
1359.39	156.072
1359.51	156.146
1359.63	156.225
1359.75	156.315
1359.87	156.421
1359.99	156.532
1360.11	156.645
1360.24	156.766
1360.36	156.89
1360.48	157.027
1360.6	157.17
1360.72	157.308
1360.84	157.428
1360.96	157.528
1361.09	157.606
1361.21	157.666
1361.33	157.695
1361.45	157.712
1361.57	157.704
1361.69	157.677
1361.81	157.627
1361.94	157.563
1362.06	157.5
1362.18	157.427
1362.3	157.33
1362.42	157.224
1362.54	157.121
1362.66	157.02
1362.78	156.932
1362.91	156.843
1363.03	156.775
1363.15	156.734
1363.27	156.711
1363.39	156.707
1363.51	156.718
1363.63	156.748
1363.76	156.798
1363.88	156.876
1364	156.966
1364.12	157.077
1364.24	157.189
1364.36	157.304
1364.48	157.448
1364.6	157.596
1364.72	157.73
1364.85	157.859
1364.97	157.967
1365.09	158.033
1365.21	158.089
1365.33	158.126
1365.45	158.157
1365.57	158.172
1365.69	158.148
1365.81	158.105
1365.94	158.071
1366.06	158.033
1366.18	157.989
1366.3	157.923
1366.42	157.855
1366.54	157.81
1366.66	157.758
1366.78	157.681
1366.9	157.599
1367.02	157.51
1367.15	157.431
1367.27	157.356
1367.39	157.294
1367.51	157.259
1367.63	157.229
1367.75	157.208
1367.87	157.17
1367.99	157.144
1368.11	157.134
1368.23	157.159
1368.35	157.219
1368.48	157.303
1368.6	157.413
1368.72	157.541
1368.84	157.689
1368.96	157.843
1369.08	158.01
1369.2	158.197
1369.32	158.378
1369.44	158.55
1369.56	158.712
1369.68	158.861
1369.8	158.999
1369.92	159.139
1370.05	159.247
1370.17	159.333
1370.29	159.398
1370.41	159.441
1370.53	159.466
1370.65	159.485
1370.77	159.5
1370.89	159.52
1371.01	159.542
1371.13	159.564
1371.25	159.578
1371.37	159.575
1371.49	159.552
1371.61	159.522
1371.73	159.477
1371.86	159.42
1371.98	159.352
1372.1	159.287
1372.22	159.216
1372.34	159.15
1372.46	159.081
1372.58	158.991
1372.7	158.88
1372.82	158.758
1372.94	158.601
1373.06	158.428
1373.18	158.236
1373.3	158.023
1373.42	157.818
1373.54	157.616
1373.66	157.414
1373.78	157.223
1373.9	157.035
1374.02	156.852
1374.15	156.669
1374.27	156.497
1374.39	156.334
1374.51	156.19
1374.55	156.131
1374.68	156.015
1374.8	155.924
1374.92	155.832
1375.04	155.755
1375.16	155.688
1375.28	155.602
1375.4	155.501
1375.52	155.411
1375.65	155.33
1375.77	155.251
1375.89	155.168
1376.01	155.076
1376.13	154.991
1376.25	154.925
1376.37	154.873
1376.49	154.822
1376.61	154.789
1376.73	154.797
1376.86	154.821
1376.98	154.843
1377.1	154.87
1377.22	154.912
1377.34	154.948
1377.46	154.987
1377.58	155.022
1377.7	155.05
1377.82	155.071
1377.94	155.067
1378.06	155.048
1378.19	154.982
1378.31	154.9
1378.43	154.81
1378.55	154.701
1378.67	154.58
1378.79	154.437
1378.91	154.29
1379.03	154.126
1379.15	153.961
1379.27	153.789
1379.39	153.614
1379.52	153.445
1379.64	153.273
1379.76	153.116
1379.88	152.966
1380	152.809
1380.12	152.652
1380.24	152.5
1380.36	152.348
1380.48	152.213
1380.6	152.084
1380.72	151.969
1380.84	151.865
1380.96	151.785
1381.08	151.743
1381.21	151.735
1381.33	151.762
1381.45	151.818
1381.57	151.909
1381.69	152.032
1381.81	152.189
1381.93	152.377
1382.05	152.58
1382.17	152.801
1382.29	153.034
1382.41	153.298
1382.53	153.575
1382.65	153.876
1382.77	154.192
1382.89	154.51
1383.01	154.83
1383.14	155.136
1383.26	155.409
1383.38	155.673
1383.5	155.909
1383.62	156.116
1383.74	156.313
1383.86	156.485
1383.98	156.618
1384.1	156.709
1384.22	156.751
1384.34	156.756
1384.46	156.719
1384.58	156.645
1384.7	156.532
1384.82	156.392
1384.94	156.233
1385.06	156.07
1385.18	155.902
1385.3	155.728
1385.42	155.543
1385.54	155.357
1385.66	155.163
1385.78	154.967
1385.91	154.79
1386.03	154.619
1386.15	154.452
1386.27	154.292
1386.39	154.14
1386.51	154.01
1386.63	153.896
1386.75	153.797
1386.87	153.715
1386.99	153.672
1387.11	153.67
1387.23	153.687
1387.35	153.739
1387.47	153.82
1387.59	153.927
1387.71	154.059
1387.83	154.232
1387.95	154.432
1388.07	154.642
1388.19	154.848
1388.31	155.04
1388.43	155.233
1388.55	155.417
1388.67	155.602
1388.79	155.777
1388.91	155.942
1389.03	156.101
1389.15	156.242
1389.27	156.376
1389.39	156.491
1389.51	156.599
1389.63	156.685
1389.75	156.759
1389.87	156.845
1389.99	156.936
1390.11	157.03
1390.23	157.11
1390.35	157.174
1390.47	157.226
1390.59	157.272
1390.71	157.309
1390.83	157.342
1390.95	157.355
1391.07	157.355
1391.19	157.338
1391.31	157.314
1391.43	157.288
1391.55	157.254
1391.67	157.231
1391.79	157.222
1391.91	157.236
1392.03	157.253
1392.15	157.274
1392.27	157.304
1392.39	157.335
1392.51	157.366
1392.63	157.393
1392.75	157.432
1392.87	157.458
1392.99	157.479
1393.11	157.497
1393.23	157.493
1393.35	157.487
1393.47	157.456
1393.59	157.427
1393.71	157.413
1393.83	157.4
1393.94	157.391
1394.06	157.4
1394.18	157.409
1394.3	157.417
1394.42	157.432
1394.54	157.457
1394.66	157.504
1394.78	157.553
1394.9	157.606
1395.02	157.672
1395.14	157.752
1395.26	157.847
1395.38	157.961
1395.5	158.094
1395.62	158.234
1395.74	158.371
1395.86	158.528
1395.98	158.675
1396.1	158.814
1396.22	158.95
1396.34	159.067
1396.46	159.165
1396.58	159.25
1396.7	159.321
1396.82	159.384
1396.93	159.44
1397.05	159.496
1397.17	159.541
1397.29	159.563
1397.41	159.567
1397.53	159.551
1397.65	159.541
1397.77	159.524
1397.89	159.511
1398.01	159.508
1398.13	159.528
1398.25	159.551
1398.37	159.571
1398.49	159.579
1398.61	159.577
1398.73	159.589
1398.85	159.607
1398.96	159.626
1399.08	159.655
1399.2	159.701
1399.32	159.735
1399.44	159.763
1399.56	159.779
1399.68	159.786
1399.8	159.781
1399.92	159.759
1400.04	159.746
1400.16	159.759
1400.28	159.777
1400.4	159.818
1400.52	159.875
1400.64	159.929
1400.76	159.987
1400.88	160.042
1401	160.093
1401.12	160.138
1401.24	160.172
1401.36	160.197
1401.48	160.199
1401.6	160.187
1401.72	160.15
1401.84	160.1
1401.96	160.042
1402.08	159.961
1402.2	159.846
1402.32	159.698
1402.44	159.533
1402.56	159.36
1402.67	159.179
1402.79	158.996
1402.91	158.813
1403.03	158.646
1403.15	158.455
1403.27	158.258
1403.39	158.053
1403.51	157.84
1403.63	157.642
1403.75	157.438
1403.87	157.255
1403.99	157.072
1404.11	156.882
1404.23	156.682
1404.35	156.473
1404.47	156.25
1404.59	156.029
1404.71	155.806
1404.83	155.586
1404.95	155.38
1405.07	155.172
1405.19	154.988
1405.31	154.832
1405.43	154.69
1405.55	154.57
1405.67	154.485
1405.79	154.431
1405.91	154.408
1406.03	154.413
1406.15	154.455
1406.26	154.512
1406.38	154.589
1406.5	154.669
1406.62	154.755
1406.74	154.852
1406.86	154.973
1406.98	155.102
1407.1	155.248
1407.22	155.41
1407.34	155.578
1407.46	155.742
1407.58	155.895
1407.7	156.046
1407.82	156.2
1407.94	156.358
1408.06	156.5
1408.18	156.635
1408.3	156.772
1408.42	156.917
1408.53	157.054
1408.65	157.183
1408.77	157.296
1408.89	157.406
1409.01	157.529
1409.13	157.657
1409.25	157.806
1409.37	157.978
1409.49	158.158
1409.61	158.333
1409.73	158.517
1409.85	158.684
1409.97	158.845
1410.09	158.984
1410.2	159.116
1410.32	159.243
1410.44	159.35
1410.56	159.436
1410.68	159.519
1410.8	159.572
1410.92	159.591
1411.04	159.592
1411.16	159.546
1411.28	159.465
1411.4	159.355
1411.52	159.239
1411.64	159.113
1411.75	158.974
1411.87	158.831
1411.99	158.679
1412.11	158.526
1412.23	158.374
1412.35	158.223
1412.47	158.05
1412.59	157.872
1412.71	157.708
1412.83	157.552
1412.94	157.408
1413.06	157.268
1413.18	157.127
1413.3	157.003
1413.42	156.882
1413.54	156.787
1413.66	156.727
1413.78	156.7
1413.9	156.721
1414.02	156.794
1414.14	156.916
1414.25	157.067
1414.37	157.255
1414.49	157.456
1414.61	157.671
1414.73	157.9
1414.85	158.127
1414.97	158.347
1415.09	158.558
1415.21	158.753
1415.32	158.934
1415.44	159.108
1415.56	159.268
1415.68	159.414
1415.8	159.535
1415.92	159.648
1416.04	159.747
1416.16	159.842
1416.27	159.933
1416.39	160.021
1416.51	160.101
1416.63	160.162
1416.75	160.196
1416.87	160.218
1416.99	160.249
1417.11	160.272
1417.22	160.271
1417.34	160.266
1417.46	160.255
1417.58	160.24
1417.7	160.222
1417.82	160.197
1417.94	160.18
1418.05	160.159
1418.17	160.139
1418.29	160.12
1418.41	160.104
1418.53	160.081
1418.65	160.043
1418.77	160.002
1418.89	159.929
1419	159.836
1419.12	159.738
1419.24	159.621
1419.36	159.492
1419.48	159.37
1419.6	159.234
1419.72	159.088
1419.83	158.959
1419.95	158.838
1420.07	158.724
1420.19	158.638
1420.31	158.569
1420.43	158.531
1420.54	158.507
1420.66	158.495
1420.78	158.51
1420.9	158.542
1421.02	158.581
1421.14	158.63
1421.26	158.682
1421.37	158.706
1421.49	158.725
1421.61	158.751
1421.73	158.788
1421.85	158.815
1421.97	158.825
1422.08	158.813
1422.2	158.806
1422.32	158.798
1422.44	158.803
1422.56	158.8
1422.67	158.786
1422.79	158.799
1422.91	158.827
1423.03	158.835
1423.15	158.809
1423.27	158.729
1423.39	158.615
1423.5	158.485
1423.62	158.32
1423.74	158.121
1423.74	158.123
1423.86	157.893
1423.98	157.659
1424.1	157.435
1424.22	157.219
1424.34	157.015
1424.46	156.826
1424.58	156.649
1424.69	156.495
1424.81	156.363
1424.93	156.24
1425.05	156.132
1425.17	156.041
1425.29	155.977
1425.41	155.937
1425.53	155.917
1425.65	155.918
1425.76	155.935
1425.88	155.965
1426	156.027
1426.12	156.109
1426.24	156.213
1426.36	156.348
1426.48	156.504
1426.6	156.672
1426.71	156.844
1426.83	157.019
1426.95	157.207
1427.07	157.418
1427.19	157.621
1427.31	157.816
1427.43	158.021
1427.54	158.22
1427.66	158.424
1427.78	158.631
1427.9	158.841
1428.02	159.076
1428.14	159.331
1428.26	159.617
1428.38	159.911
1428.49	160.201
1428.61	160.486
1428.73	160.757
1428.85	161.02
1428.97	161.265
1429.09	161.486
1429.21	161.683
1429.32	161.838
1429.44	161.968
1429.56	162.063
1429.68	162.093
1429.8	162.072
1429.92	162.025
1430.04	161.929
1430.15	161.809
1430.27	161.667
1430.39	161.493
1430.51	161.292
1430.63	161.074
1430.75	160.847
1430.86	160.616
1430.98	160.375
1431.1	160.142
1431.22	159.919
1431.34	159.7
1431.46	159.496
1431.57	159.316
1431.69	159.153
1431.81	159.004
1431.93	158.864
1432.05	158.724
1432.17	158.588
1432.28	158.484
1432.4	158.403
1432.52	158.349
1432.64	158.323
1432.76	158.348
1432.88	158.433
1432.99	158.543
1433.11	158.663
1433.23	158.786
1433.35	158.915
1433.47	159.064
1433.59	159.212
1433.7	159.336
1433.82	159.45
1433.94	159.549
1434.06	159.616
1434.18	159.665
1434.29	159.696
1434.41	159.713
1434.53	159.71
1434.65	159.686
1434.77	159.645
1434.89	159.58
1435	159.489
1435.12	159.372
1435.24	159.239
1435.36	159.093
1435.48	158.934
1435.59	158.761
1435.71	158.576
1435.83	158.392
1435.95	158.207
1436.07	158.051
1436.18	157.923
1436.3	157.825
1436.42	157.767
1436.54	157.752
1436.66	157.763
1436.77	157.798
1436.89	157.859
1437.01	157.944
1437.13	158.048
1437.25	158.165
1437.36	158.277
1437.48	158.37
1437.6	158.45
1437.72	158.515
1437.84	158.576
1437.95	158.622
1438.07	158.638
1438.19	158.657
1438.31	158.67
1438.43	158.671
1438.54	158.663
1438.66	158.664
1438.78	158.655
1438.9	158.625
1439.01	158.588
1439.13	158.558
1439.25	158.525
1439.37	158.507
1439.49	158.501
1439.6	158.504
1439.72	158.5
1439.84	158.49
1439.96	158.483
1440.07	158.488
1440.19	158.486
1440.31	158.512
1440.43	158.55
1440.54	158.592
1440.66	158.65
1440.78	158.729
1440.9	158.831
1441.02	158.954
1441.13	159.105
1441.25	159.29
1441.37	159.491
1441.49	159.699
1441.6	159.935
1441.72	160.174
1441.84	160.407
1441.96	160.645
1442.07	160.87
1442.19	161.061
1442.31	161.225
1442.43	161.374
1442.54	161.49
1442.66	161.564
1442.78	161.602
1442.9	161.615
1443.01	161.61
1443.13	161.574
1443.25	161.506
1443.37	161.407
1443.48	161.286
1443.6	161.144
1443.72	160.987
1443.84	160.814
1443.95	160.633
1444.07	160.431
1444.19	160.228
1444.31	160.041
1444.42	159.871
1444.54	159.73
1444.66	159.623
1444.78	159.538
1444.89	159.477
1445.01	159.438
1445.13	159.41
1445.24	159.402
1445.36	159.394
1445.48	159.378
1445.6	159.348
1445.71	159.304
1445.83	159.237
1445.95	159.154
1446.07	159.045
1446.18	158.938
1446.3	158.835
1446.42	158.729
1446.53	158.614
1446.65	158.489
1446.77	158.35
1446.89	158.222
1447	158.102
1447.12	157.974
1447.24	157.839
1447.36	157.703
1447.42	157.648
1447.53	157.5
1447.65	157.358
1447.77	157.233
1447.89	157.128
1448	157.025
1448.12	156.919
1448.24	156.827
1448.36	156.75
1448.48	156.701
1448.59	156.696
1448.71	156.712
1448.83	156.733
1448.95	156.782
1449.06	156.863
1449.18	156.983
1449.3	157.134
1449.42	157.321
1449.54	157.547
1449.65	157.799
1449.77	158.075
1449.89	158.37
1450.01	158.657
1450.13	158.934
1450.24	159.183
1450.36	159.423
1450.48	159.635
1450.6	159.811
1450.71	159.952
1450.83	160.05
1450.95	160.11
1451.07	160.133
1451.18	160.118
1451.3	160.059
1451.42	159.937
1451.54	159.757
1451.65	159.545
1451.77	159.281
1451.89	158.99
1452.01	158.685
1452.12	158.353
1452.24	157.994
1452.36	157.64
1452.48	157.287
1452.6	156.932
1452.71	156.58
1452.83	156.262
1452.95	155.987
1453.07	155.755
1453.18	155.551
1453.3	155.377
1453.42	155.248
1453.54	155.166
1453.65	155.129
1453.77	155.134
1453.89	155.175
1454.01	155.245
1454.12	155.345
1454.24	155.499
1454.36	155.707
1454.47	155.963
1454.59	156.266
1454.71	156.597
1454.83	156.949
1454.94	157.323
1455.06	157.716
1455.18	158.109
1455.3	158.496
1455.41	158.858
1455.53	159.195
1455.65	159.505
1455.77	159.782
1455.88	160.016
1456	160.219
1456.12	160.373
1456.23	160.499
1456.35	160.581
1456.47	160.614
1456.59	160.603
1456.7	160.557
1456.82	160.47
1456.94	160.361
1457.06	160.209
1457.17	160.008
1457.29	159.778
1457.41	159.523
1457.52	159.246
1457.64	158.95
1457.76	158.662
1457.88	158.386
1457.99	158.114
1458.11	157.85
1458.23	157.596
1458.34	157.36
1458.46	157.164
1458.58	157.018
1458.69	156.904
1458.81	156.826
1458.93	156.796
1459.05	156.81
1459.16	156.844
1459.28	156.902
1459.4	156.995
1459.51	157.119
1459.63	157.28
1459.75	157.468
1459.87	157.685
1459.98	157.909
1460.1	158.114
1460.22	158.307
1460.33	158.482
1460.45	158.658
1460.57	158.82
1460.68	158.968
1460.8	159.097
1460.92	159.21
1461.04	159.308
1461.15	159.393
1461.27	159.467
1461.39	159.519
1461.5	159.536
1461.62	159.522
1461.74	159.486
1461.85	159.426
1461.97	159.36
1462.09	159.28
1462.2	159.186
1462.32	159.093
1462.44	159.007
1462.55	158.924
1462.67	158.836
1462.79	158.766
1462.9	158.725
1463.02	158.701
1463.14	158.678
1463.25	158.652
1463.37	158.631
1463.49	158.621
1463.6	158.616
1463.72	158.612
1463.84	158.604
1463.95	158.595
1464.07	158.585
1464.19	158.584
1464.3	158.602
1464.42	158.633
1464.54	158.67
1464.65	158.704
1464.77	158.728
1464.89	158.76
1465	158.797
1465.12	158.84
1465.24	158.884
1465.35	158.924
1465.47	158.957
1465.59	159.001
1465.7	159.053
1465.82	159.11
1465.94	159.163
1466.05	159.22
1466.17	159.28
1466.29	159.358
1466.4	159.438
1466.52	159.531
1466.64	159.638
1466.75	159.749
1466.87	159.866
1466.98	159.994
1467.1	160.137
1467.22	160.291
1467.33	160.458
1467.45	160.63
1467.57	160.814
1467.68	161.013
1467.8	161.221
1467.92	161.42
1468.03	161.607
1468.15	161.776
1468.26	161.917
1468.38	162.039
1468.5	162.151
1468.61	162.249
1468.73	162.333
1468.85	162.416
1468.96	162.473
1469.08	162.504
1469.2	162.497
1469.31	162.467
1469.43	162.424
1469.54	162.364
1469.66	162.286
1469.78	162.193
1469.89	162.074
1470.01	161.914
1470.13	161.713
1470.24	161.483
1470.36	161.236
1470.47	160.98
1470.59	160.698
1470.71	160.412
1470.82	160.125
1470.94	159.829
1471.05	159.537
1471.17	159.258
1471.29	158.978
1471.4	158.7
1471.49	158.49
1471.61	158.213
1471.73	157.932
1471.84	157.651
1471.96	157.377
1472.08	157.112
1472.19	156.874
1472.31	156.669
1472.43	156.49
1472.54	156.346
1472.66	156.229
1472.78	156.155
1472.89	156.122
1473.01	156.114
1473.13	156.12
1473.24	156.152
1473.36	156.206
1473.48	156.284
1473.59	156.392
1473.71	156.528
1473.83	156.687
1473.94	156.874
1474.06	157.086
1474.18	157.311
1474.29	157.529
1474.41	157.731
1474.53	157.919
1474.64	158.07
1474.76	158.187
1474.88	158.281
1475	158.346
1475.11	158.382
1475.23	158.398
1475.34	158.385
1475.46	158.345
1475.58	158.299
1475.69	158.233
1475.81	158.15
1475.93	158.052
1476.04	157.95
1476.16	157.864
1476.28	157.779
1476.39	157.675
1476.51	157.56
1476.63	157.447
1476.74	157.33
1476.86	157.221
1476.98	157.114
1477.09	157.034
1477.21	156.974
1477.33	156.934
1477.44	156.915
1477.56	156.931
1477.68	156.983
1477.79	157.054
1477.91	157.144
1478.02	157.242
1478.14	157.347
1478.26	157.463
1478.37	157.599
1478.49	157.76
1478.61	157.935
1478.72	158.131
1478.84	158.339
1478.95	158.55
1479.07	158.769
1479.19	158.983
1479.3	159.208
1479.42	159.431
1479.54	159.644
1479.65	159.842
1479.77	160.021
1479.89	160.172
1480	160.295
1480.12	160.387
1480.23	160.448
1480.35	160.486
1480.47	160.495
1480.58	160.475
1480.7	160.442
1480.82	160.393
1480.93	160.33
1481.05	160.262
1481.16	160.174
1481.28	160.06
1481.4	159.939
1481.51	159.798
1481.63	159.632
1481.74	159.437
1481.86	159.227
1481.98	159.013
1482.09	158.807
1482.21	158.606
1482.33	158.411
1482.44	158.218
1482.56	158.025
1482.67	157.836
1482.79	157.644
1482.9	157.439
1483.02	157.214
1483.14	156.98
1483.25	156.734
1483.37	156.487
1483.49	156.252
1483.6	156.042
1483.72	155.865
1483.83	155.71
1483.95	155.589
1484.06	155.508
1484.18	155.456
1484.3	155.426
1484.41	155.417
1484.53	155.427
1484.64	155.442
1484.76	155.47
1484.88	155.509
1484.99	155.558
1485.11	155.628
1485.22	155.725
1485.34	155.817
1485.46	155.905
1485.57	156.008
1485.69	156.121
1485.8	156.256
1485.92	156.413
1486.03	156.59
1486.15	156.789
1486.27	156.984
1486.38	157.18
1486.5	157.394
1486.61	157.631
1486.73	157.868
1486.84	158.12
1486.96	158.386
1487.08	158.652
1487.19	158.929
1487.31	159.216
1487.42	159.493
1487.54	159.75
1487.65	159.988
1487.77	160.179
1487.89	160.329
1488	160.439
1488.12	160.511
1488.23	160.548
1488.35	160.546
1488.46	160.515
1488.58	160.455
1488.69	160.362
1488.81	160.246
1488.93	160.108
1489.04	159.938
1489.16	159.74
1489.27	159.526
1489.39	159.288
1489.5	159.038
1489.62	158.781
1489.73	158.513
1489.85	158.257
1489.97	158.005
1490.08	157.758
1490.2	157.523
1490.31	157.305
1490.43	157.101
1490.54	156.921
1490.66	156.773
1490.77	156.652
1490.89	156.561
1491	156.491
1491.12	156.436
1491.24	156.401
1491.35	156.388
1491.47	156.398
1491.58	156.427
1491.7	156.48
1491.81	156.563
1491.93	156.674
1492.04	156.801
1492.16	156.948
1492.27	157.113
1492.39	157.289
1492.5	157.469
1492.62	157.633
1492.73	157.785
1492.85	157.933
1492.96	158.078
1493.08	158.214
1493.2	158.332
1493.31	158.443
1493.43	158.555
1493.54	158.676
1493.66	158.806
1493.77	158.925
1493.89	159.054
1494	159.203
1494.12	159.37
1494.23	159.527
1494.35	159.665
1494.46	159.771
1494.58	159.851
1494.69	159.901
1494.81	159.935
1494.92	159.953
1495.04	159.891
1495.15	159.823
1495.27	159.725
1495.38	159.71
1495.5	159.683
1495.61	159.634
1495.73	159.559
1495.84	159.449
1495.96	159.301
1496.07	159.116
1496.19	158.902
1496.3	158.661
1496.31	158.626
1496.43	158.351
1496.54	158.064
1496.66	157.754
1496.77	157.433
1496.89	157.115
1497.01	156.763
1497.12	156.388
1497.24	156.022
1497.35	155.687
1497.47	155.375
1497.59	155.119
1497.7	154.908
1497.82	154.749
1497.93	154.645
1498.05	154.586
1498.16	154.557
1498.28	154.538
1498.39	154.519
1498.51	154.481
1498.63	154.42
1498.74	154.315
1498.86	154.13
1498.97	153.861
1499.09	153.514
1499.2	153.118
1499.32	152.75
1499.43	152.553
1499.55	152.793
1499.67	153.832
1499.78	156.197
1499.9	160.581
1499.95	163.739
1499.99	166.324
