1060.01	151.167
1060.14	148.658
1060.28	147.327
1060.41	146.685
1060.55	146.402
1060.68	146.319
1060.82	146.308
1060.95	146.299
1061.09	146.259
1061.22	146.19
1061.36	146.075
1061.49	145.948
1061.63	145.811
1061.76	145.689
1061.9	145.602
1062.03	145.556
1062.17	145.555
1062.3	145.597
1062.44	145.675
1062.57	145.79
1062.71	145.932
1062.84	146.112
1062.98	146.316
1063.11	146.543
1063.25	146.783
1063.38	147.039
1063.52	147.285
1063.65	147.516
1063.79	147.739
1063.92	147.944
1064.06	148.1
1064.19	148.214
1064.33	148.289
1064.46	148.327
1064.6	148.326
1064.73	148.281
1064.87	148.193
1065	148.067
1065.14	147.908
1065.27	147.714
1065.41	147.485
1065.54	147.23
1065.68	146.942
1065.81	146.63
1065.95	146.398
1066.08	146.094
1066.22	145.758
1066.35	145.402
1066.49	145.036
1066.62	144.687
1066.76	144.373
1066.89	144.089
1067.02	143.839
1067.16	143.618
1067.29	143.425
1067.43	143.257
1067.56	143.127
1067.7	143.044
1067.83	143.007
1067.97	143.015
1068.1	143.053
1068.24	143.108
1068.37	143.191
1068.51	143.304
1068.64	143.451
1068.78	143.621
1068.91	143.812
1069.05	144.028
1069.18	144.273
1069.31	144.538
1069.45	144.81
1069.58	145.087
1069.72	145.372
1069.85	145.66
1069.99	145.95
1070.12	146.236
1070.26	146.518
1070.39	146.802
1070.52	147.094
1070.66	147.393
1070.79	147.698
1070.93	148.009
1071.06	148.313
1071.2	148.589
1071.33	148.841
1071.47	149.071
1071.6	149.293
1071.73	149.487
1071.87	149.672
1072	149.835
1072.14	149.99
1072.27	150.122
1072.41	150.237
1072.54	150.353
1072.68	150.454
1072.81	150.542
1072.94	150.606
1073.08	150.665
1073.21	150.696
1073.35	150.7
1073.48	150.687
1073.61	150.643
1073.75	150.57
1073.88	150.482
1074.02	150.37
1074.15	150.231
1074.29	150.086
1074.42	149.919
1074.55	149.742
1074.69	149.561
1074.82	149.367
1074.96	149.153
1075.09	148.951
1075.23	148.738
1075.36	148.515
1075.49	148.3
1075.63	148.116
1075.76	147.942
1075.9	147.782
1076.03	147.636
1076.16	147.512
1076.3	147.422
1076.43	147.376
1076.57	147.38
1076.7	147.411
1076.83	147.462
1076.97	147.543
1077.1	147.653
1077.24	147.769
1077.37	147.903
1077.5	148.063
1077.64	148.24
1077.77	148.439
1077.91	148.642
1078.04	148.839
1078.17	149.056
1078.31	149.282
1078.44	149.504
1078.58	149.722
1078.71	149.935
1078.84	150.142
1078.98	150.335
1079.11	150.527
1079.24	150.71
1079.38	150.875
1079.51	151.025
1079.65	151.138
1079.78	151.216
1079.91	151.302
1080.05	151.371
1080.18	151.421
1080.32	151.443
1080.45	151.43
1080.58	151.384
1080.72	151.313
1080.85	151.217
1080.98	151.103
1081.12	150.977
1081.25	150.829
1081.39	150.66
1081.52	150.472
1081.65	150.263
1081.79	150.039
1081.92	149.817
1082.05	149.612
1082.19	149.427
1082.32	149.266
1082.45	149.117
1082.59	148.967
1082.72	148.818
1082.85	148.685
1082.99	148.566
1083.12	148.467
1083.26	148.382
1083.39	148.311
1083.52	148.241
1083.66	148.178
1083.79	148.121
1083.92	148.079
1084.06	148.057
1084.19	148.043
1084.32	148.045
1084.46	148.068
1084.59	148.124
1084.72	148.185
1084.86	148.265
1084.99	148.361
1085.12	148.445
1085.26	148.523
1085.39	148.597
1085.52	148.661
1085.66	148.728
1085.79	148.803
1085.92	148.862
1086.06	148.917
1086.19	148.976
1086.32	149.02
1086.46	149.049
1086.59	149.076
1086.72	149.08
1086.86	149.074
1086.99	149.051
1087.12	149.006
1087.26	148.925
1087.39	148.818
1087.52	148.687
1087.66	148.543
1087.79	148.386
1087.92	148.223
1088.06	148.063
1088.19	147.895
1088.32	147.724
1088.46	147.555
1088.59	147.384
1088.72	147.205
1088.79	147.112
1088.92	146.947
1089.06	146.795
1089.19	146.666
1089.33	146.553
1089.46	146.449
1089.59	146.37
1089.73	146.3
1089.86	146.245
1090	146.209
1090.13	146.189
1090.26	146.186
1090.4	146.189
1090.53	146.208
1090.67	146.231
1090.8	146.272
1090.93	146.334
1091.07	146.414
1091.2	146.528
1091.33	146.682
1091.47	146.844
1091.6	147.018
1091.73	147.189
1091.87	147.351
1092	147.509
1092.14	147.664
1092.27	147.837
1092.4	148.027
1092.54	148.238
1092.67	148.452
1092.8	148.65
1092.94	148.82
1093.07	148.953
1093.21	149.066
1093.34	149.158
1093.47	149.245
1093.61	149.311
1093.74	149.361
1093.87	149.378
1094.01	149.37
1094.14	149.343
1094.27	149.3
1094.41	149.238
1094.54	149.168
1094.67	149.087
1094.81	148.99
1094.94	148.879
1095.07	148.76
1095.21	148.626
1095.34	148.502
1095.47	148.386
1095.61	148.279
1095.74	148.19
1095.87	148.125
1096.01	148.083
1096.14	148.06
1096.28	148.067
1096.41	148.093
1096.54	148.121
1096.68	148.164
1096.81	148.222
1096.94	148.288
1097.08	148.377
1097.21	148.473
1097.34	148.571
1097.47	148.684
1097.61	148.817
1097.74	148.966
1097.88	149.115
1098.01	149.278
1098.14	149.457
1098.27	149.643
1098.41	149.815
1098.54	149.971
1098.67	150.108
1098.81	150.218
1098.94	150.303
1099.07	150.365
1099.21	150.399
1099.34	150.398
1099.47	150.381
1099.61	150.339
1099.74	150.268
1099.87	150.167
1100.01	150.032
1100.14	149.865
1100.27	149.674
1100.4	149.467
1100.54	149.264
1100.67	149.067
1100.8	148.87
1100.94	148.682
1101.07	148.509
1101.2	148.354
1101.34	148.225
1101.47	148.118
1101.6	148.029
1101.73	147.953
1101.87	147.898
1102	147.872
1102.13	147.861
1102.27	147.886
1102.4	147.934
1102.53	148.019
1102.67	148.13
1102.8	148.26
1102.93	148.398
1103.06	148.537
1103.2	148.657
1103.33	148.763
1103.46	148.87
1103.6	148.976
1103.73	149.102
1103.86	149.221
1103.99	149.34
1104.13	149.441
1104.26	149.509
1104.39	149.545
1104.53	149.554
1104.66	149.531
1104.79	149.489
1104.92	149.442
1105.06	149.361
1105.19	149.267
1105.32	149.147
1105.45	149.007
1105.59	148.849
1105.72	148.678
1105.85	148.487
1105.98	148.292
1106.12	148.093
1106.25	147.904
1106.38	147.724
1106.52	147.548
1106.65	147.382
1106.78	147.26
1106.91	147.166
1107.05	147.106
1107.18	147.081
1107.31	147.091
1107.44	147.133
1107.58	147.209
1107.71	147.318
1107.84	147.46
1107.97	147.629
1108.11	147.824
1108.24	148.031
1108.37	148.246
1108.5	148.482
1108.64	148.718
1108.77	148.958
1108.9	149.201
1109.03	149.454
1109.17	149.708
1109.3	149.949
1109.43	150.205
1109.56	150.464
1109.7	150.703
1109.83	150.921
1109.96	151.13
1110.09	151.319
1110.22	151.478
1110.36	151.616
1110.49	151.727
1110.62	151.815
1110.75	151.875
1110.89	151.921
1111.02	151.944
1111.15	151.946
1111.28	151.926
1111.42	151.885
1111.55	151.825
1111.68	151.752
1111.81	151.665
1111.94	151.578
1112.08	151.489
1112.21	151.405
1112.34	151.338
1112.47	151.272
1112.6	151.215
1112.74	151.169
1112.87	151.125
1113	151.081
1113.13	151.043
1113.27	151.017
1113.4	150.986
1113.53	150.938
1113.66	150.904
1113.79	150.868
1113.93	150.833
1114.06	150.781
1114.19	150.728
1114.32	150.654
1114.45	150.563
1114.59	150.458
1114.72	150.36
1114.85	150.271
1114.98	150.185
1115.11	150.109
1115.25	150.013
1115.38	149.925
1115.51	149.84
1115.64	149.754
1115.77	149.679
1115.91	149.621
1116.03	149.576
1116.16	149.556
1116.3	149.557
1116.43	149.568
1116.56	149.603
1116.7	149.645
1116.83	149.692
1116.96	149.744
1117.09	149.798
1117.23	149.841
1117.36	149.888
1117.49	149.951
1117.62	150.021
1117.76	150.087
1117.89	150.146
1118.02	150.212
1118.15	150.296
1118.29	150.385
1118.42	150.472
1118.55	150.562
1118.68	150.642
1118.82	150.704
1118.95	150.753
1119.08	150.794
1119.21	150.84
1119.35	150.873
1119.48	150.884
1119.61	150.868
1119.74	150.835
1119.88	150.789
1120.01	150.722
1120.14	150.645
1120.27	150.549
1120.41	150.442
1120.54	150.327
1120.67	150.217
1120.8	150.112
1120.94	150.004
1121.07	149.888
1121.2	149.781
1121.33	149.696
1121.46	149.618
1121.6	149.55
1121.73	149.501
1121.86	149.46
1121.99	149.432
1122.13	149.413
1122.26	149.404
1122.39	149.396
1122.52	149.376
1122.66	149.349
1122.79	149.321
1122.92	149.274
1123.05	149.194
1123.18	149.088
1123.32	148.974
1123.45	148.846
1123.58	148.721
1123.71	148.585
1123.84	148.442
1123.98	148.301
1124.11	148.176
1124.24	148.063
1124.37	147.973
1124.5	147.905
1124.64	147.85
1124.77	147.805
1124.9	147.783
1125.03	147.811
1125.16	147.87
1125.3	147.961
1125.43	148.072
1125.56	148.214
1125.69	148.363
1125.82	148.534
1125.96	148.739
1126.09	148.975
1126.22	149.227
1126.35	149.499
1126.48	149.77
1126.62	150.027
1126.75	150.292
1126.88	150.544
1127.01	150.781
1127.14	151.02
1127.28	151.255
1127.41	151.468
1127.54	151.661
1127.67	151.823
1127.8	151.955
1127.94	152.06
1128.07	152.126
1128.2	152.15
1128.33	152.131
1128.46	152.071
1128.59	151.972
1128.73	151.835
1128.86	151.672
1128.99	151.47
1129.12	151.236
1129.25	150.977
1129.38	150.713
1129.52	150.454
1129.65	150.198
1129.78	149.943
1129.91	149.698
1130.04	149.454
1130.17	149.226
1130.31	149.037
1130.44	148.887
1130.57	148.781
1130.7	148.723
1130.83	148.712
1130.96	148.753
1131.1	148.849
1131.23	148.997
1131.36	149.198
1131.49	149.443
1131.62	149.711
1131.75	150.022
1131.89	150.371
1132.02	150.75
1132.15	151.127
1132.28	151.492
1132.41	151.842
1132.54	152.188
1132.67	152.529
1132.81	152.843
1132.94	153.134
1133.07	153.407
1133.2	153.644
1133.33	153.846
1133.46	154.016
1133.59	154.149
1133.73	154.231
1133.86	154.269
1133.99	154.283
1134.12	154.271
1134.25	154.211
1134.38	154.112
1134.51	153.994
1134.64	153.85
1134.78	153.682
1134.91	153.512
1135.04	153.321
1135.17	153.125
1135.3	152.925
1135.43	152.742
1135.56	152.565
1135.69	152.411
1135.83	152.259
1135.96	152.12
1136.09	152.014
1136.22	151.943
1136.35	151.91
1136.48	151.899
1136.61	151.911
1136.74	151.945
1136.88	151.994
1137.01	152.047
1137.14	152.101
1137.27	152.176
1137.4	152.257
1137.53	152.343
1137.66	152.446
1137.79	152.535
1137.92	152.62
1138.06	152.693
1138.19	152.751
1138.32	152.791
1138.45	152.826
1138.58	152.845
1138.71	152.826
1138.84	152.78
1138.97	152.704
1139.1	152.609
1139.23	152.497
1139.37	152.359
1139.5	152.202
1139.63	152.045
1139.76	151.89
1139.89	151.721
1140.02	151.529
1140.15	151.334
1140.28	151.13
1140.41	150.923
1140.54	150.724
1140.67	150.544
1140.81	150.385
1140.94	150.242
1141.07	150.123
1141.2	150.009
1141.33	149.9
1141.46	149.807
1141.59	149.737
1141.72	149.676
1141.85	149.628
1141.98	149.6
1142.11	149.571
1142.24	149.553
1142.37	149.538
1142.51	149.523
1142.55	149.517
1142.68	149.508
1142.81	149.506
1142.94	149.523
1143.08	149.542
1143.21	149.548
1143.34	149.533
1143.47	149.509
1143.6	149.485
1143.73	149.457
1143.86	149.422
1144	149.367
1144.13	149.316
1144.26	149.273
1144.39	149.232
1144.52	149.194
1144.65	149.159
1144.78	149.112
1144.92	149.054
1145.05	148.997
1145.18	148.952
1145.31	148.926
1145.44	148.911
1145.57	148.909
1145.7	148.927
1145.83	148.954
1145.97	149.007
1146.1	149.082
1146.23	149.155
1146.36	149.23
1146.49	149.312
1146.62	149.396
1146.75	149.475
1146.88	149.557
1147.02	149.641
1147.15	149.732
1147.28	149.833
1147.41	149.925
1147.54	150.01
1147.67	150.097
1147.8	150.182
1147.93	150.261
1148.06	150.32
1148.19	150.352
1148.33	150.368
1148.46	150.385
1148.59	150.376
1148.72	150.364
1148.85	150.354
1148.98	150.325
1149.11	150.296
1149.24	150.251
1149.37	150.219
1149.51	150.174
1149.64	150.13
1149.77	150.076
1149.9	150.014
1150.03	149.955
1150.16	149.897
1150.29	149.837
1150.42	149.785
1150.55	149.753
1150.68	149.756
1150.81	149.792
1150.95	149.838
1151.08	149.885
1151.21	149.937
1151.34	150.012
1151.47	150.085
1151.6	150.16
1151.73	150.244
1151.86	150.331
1151.99	150.432
1152.12	150.537
1152.25	150.65
1152.38	150.73
1152.52	150.802
1152.65	150.866
1152.78	150.922
1152.91	150.955
1153.04	150.961
1153.17	150.948
1153.3	150.894
1153.43	150.816
1153.56	150.701
1153.69	150.552
1153.82	150.391
1153.95	150.221
1154.08	150.047
1154.21	149.874
1154.34	149.695
1154.48	149.51
1154.61	149.345
1154.74	149.197
1154.87	149.054
1155	148.9
1155.13	148.752
1155.26	148.613
1155.39	148.512
1155.52	148.45
1155.65	148.428
1155.78	148.433
1155.91	148.452
1156.04	148.481
1156.17	148.528
1156.3	148.578
1156.43	148.637
1156.56	148.73
1156.69	148.843
1156.82	148.967
1156.96	149.113
1157.09	149.275
1157.22	149.457
1157.35	149.644
1157.48	149.83
1157.61	150.013
1157.74	150.195
1157.87	150.361
1158	150.516
1158.13	150.666
1158.26	150.8
1158.39	150.912
1158.52	151.01
1158.65	151.079
1158.78	151.127
1158.91	151.173
1159.04	151.207
1159.17	151.229
1159.3	151.241
1159.43	151.233
1159.56	151.214
1159.69	151.189
1159.82	151.146
1159.95	151.109
1160.08	151.07
1160.21	151.028
1160.34	150.991
1160.47	150.969
1160.6	150.966
1160.73	150.956
1160.86	150.959
1160.99	150.977
1161.12	151.01
1161.25	151.033
1161.38	151.057
1161.51	151.077
1161.64	151.127
1161.77	151.204
1161.9	151.289
1162.03	151.378
1162.16	151.481
1162.29	151.586
1162.42	151.683
1162.55	151.781
1162.68	151.867
1162.81	151.961
1162.94	152.053
1163.07	152.149
1163.2	152.258
1163.33	152.366
1163.46	152.476
1163.59	152.572
1163.72	152.678
1163.85	152.797
1163.98	152.928
1164.11	153.06
1164.24	153.195
1164.37	153.328
1164.5	153.449
1164.63	153.549
1164.76	153.629
1164.89	153.697
1165.02	153.765
1165.15	153.83
1165.28	153.886
1165.41	153.943
1165.54	153.994
1165.67	154.046
1165.8	154.105
1165.93	154.145
1166.06	154.148
1166.19	154.125
1166.32	154.088
1166.45	154.035
1166.58	153.98
1166.71	153.913
1166.84	153.832
1166.97	153.738
1167.1	153.63
1167.23	153.513
1167.36	153.376
1167.49	153.202
1167.62	153.012
1167.75	152.825
1167.88	152.628
1168.01	152.409
1168.14	152.187
1168.27	151.961
1168.39	151.738
1168.49	151.583
1168.62	151.354
1168.75	151.124
1168.88	150.893
1169.01	150.662
1169.14	150.439
1169.27	150.219
1169.4	150
1169.53	149.794
1169.66	149.601
1169.79	149.407
1169.92	149.22
1170.05	149.063
1170.18	148.932
1170.31	148.817
1170.44	148.729
1170.57	148.671
1170.7	148.644
1170.83	148.641
1170.96	148.663
1171.09	148.706
1171.22	148.767
1171.35	148.851
1171.48	148.959
1171.61	149.097
1171.74	149.244
1171.87	149.401
1172	149.587
1172.13	149.787
1172.26	149.989
1172.39	150.186
1172.52	150.399
1172.65	150.62
1172.78	150.881
1172.91	151.145
1173.04	151.404
1173.17	151.683
1173.3	151.982
1173.43	152.27
1173.56	152.547
1173.69	152.827
1173.82	153.108
1173.95	153.391
1174.08	153.642
1174.21	153.871
1174.34	154.081
1174.47	154.259
1174.6	154.408
1174.73	154.536
1174.86	154.649
1174.99	154.757
1175.12	154.849
1175.25	154.915
1175.38	154.949
1175.51	154.952
1175.64	154.914
1175.77	154.837
1175.9	154.745
1176.03	154.636
1176.16	154.516
1176.29	154.382
1176.42	154.227
1176.55	154.071
1176.68	153.917
1176.81	153.764
1176.94	153.605
1177.07	153.43
1177.2	153.252
1177.33	153.088
1177.46	152.931
1177.59	152.774
1177.72	152.617
1177.85	152.457
1177.98	152.305
1178.11	152.166
1178.24	152.045
1178.37	151.939
1178.5	151.842
1178.63	151.757
1178.75	151.684
1178.88	151.612
1179.01	151.543
1179.14	151.475
1179.27	151.41
1179.4	151.354
1179.53	151.304
1179.66	151.259
1179.79	151.219
1179.92	151.197
1180.05	151.182
1180.18	151.186
1180.31	151.211
1180.44	151.247
1180.57	151.308
1180.7	151.384
1180.83	151.46
1180.96	151.53
1181.09	151.609
1181.22	151.707
1181.35	151.815
1181.48	151.929
1181.6	152.066
1181.73	152.217
1181.86	152.374
1181.99	152.542
1182.12	152.723
1182.25	152.913
1182.38	153.114
1182.51	153.321
1182.64	153.537
1182.77	153.752
1182.9	153.948
1183.03	154.135
1183.16	154.314
1183.29	154.472
1183.41	154.622
1183.54	154.76
1183.67	154.878
1183.8	154.981
1183.93	155.087
1184.06	155.161
1184.19	155.216
1184.32	155.275
1184.45	155.329
1184.58	155.371
1184.71	155.41
1184.84	155.458
1184.97	155.495
1185.09	155.506
1185.22	155.483
1185.35	155.452
1185.48	155.414
1185.61	155.362
1185.74	155.293
1185.87	155.213
1186	155.123
1186.13	155.04
1186.26	154.957
1186.39	154.853
1186.51	154.73
1186.64	154.593
1186.77	154.447
1186.9	154.302
1187.03	154.157
1187.16	154.006
1187.29	153.85
1187.42	153.695
1187.55	153.537
1187.68	153.374
1187.8	153.199
1187.93	153.007
1188.06	152.799
1188.19	152.585
1188.32	152.377
1188.45	152.186
1188.58	151.99
1188.71	151.801
1188.84	151.62
1188.96	151.436
1189.09	151.268
1189.22	151.108
1189.35	150.974
1189.48	150.866
1189.61	150.797
1189.74	150.767
1189.87	150.755
1189.99	150.755
1190.12	150.785
1190.25	150.842
1190.38	150.919
1190.51	151.023
1190.64	151.122
1190.77	151.228
1190.9	151.334
1191.02	151.444
1191.15	151.54
1191.28	151.641
1191.41	151.725
1191.54	151.8
1191.67	151.856
1191.8	151.876
1191.92	151.864
1192.05	151.821
1192.18	151.768
1192.31	151.711
1192.44	151.643
1192.57	151.568
1192.7	151.485
1192.83	151.387
1192.95	151.286
1193.08	151.199
1193.21	151.136
1193.34	151.104
1193.47	151.102
1193.6	151.13
1193.72	151.197
1193.85	151.281
1193.98	151.388
1194.11	151.517
1194.24	151.659
1194.37	151.81
1194.5	151.98
1194.62	152.162
1194.75	152.349
1194.88	152.552
1195.01	152.766
1195.14	152.975
1195.27	153.189
1195.4	153.42
1195.52	153.65
1195.54	153.656
1195.67	153.888
1195.8	154.123
1195.93	154.326
1196.06	154.507
1196.19	154.673
1196.32	154.823
1196.45	154.942
1196.58	155.017
1196.7	155.043
1196.83	155.033
1196.96	155.003
1197.09	154.945
1197.22	154.856
1197.35	154.727
1197.48	154.577
1197.61	154.417
1197.74	154.256
1197.87	154.073
1197.99	153.879
1198.12	153.685
1198.25	153.51
1198.38	153.354
1198.51	153.206
1198.64	153.05
1198.77	152.907
1198.9	152.777
1199.03	152.659
1199.15	152.553
1199.28	152.469
1199.41	152.413
1199.54	152.383
1199.67	152.389
1199.8	152.41
1199.93	152.438
1200.06	152.48
1200.19	152.521
1200.31	152.563
1200.44	152.602
1200.57	152.635
1200.7	152.66
1200.83	152.662
1200.96	152.656
1201.09	152.664
1201.22	152.677
1201.34	152.691
1201.47	152.697
1201.6	152.695
1201.73	152.697
1201.86	152.701
1201.99	152.711
1202.12	152.727
1202.24	152.766
1202.37	152.81
1202.5	152.878
1202.63	152.955
1202.76	153.037
1202.89	153.124
1203.02	153.215
1203.15	153.323
1203.27	153.449
1203.4	153.585
1203.53	153.712
1203.66	153.824
1203.79	153.922
1203.92	154.012
1204.04	154.1
1204.17	154.199
1204.3	154.308
1204.43	154.421
1204.56	154.536
1204.69	154.654
1204.82	154.767
1204.94	154.878
1205.07	154.969
1205.2	155.032
1205.33	155.06
1205.46	155.076
1205.59	155.073
1205.71	155.043
1205.84	155
1205.97	154.948
1206.1	154.888
1206.23	154.817
1206.36	154.752
1206.48	154.682
1206.61	154.616
1206.74	154.564
1206.87	154.536
1207	154.505
1207.13	154.495
1207.25	154.498
1207.38	154.499
1207.51	154.497
1207.64	154.483
1207.77	154.474
1207.9	154.475
1208.02	154.479
1208.15	154.468
1208.28	154.461
1208.41	154.452
1208.54	154.451
1208.67	154.462
1208.79	154.462
1208.92	154.435
1209.05	154.405
1209.18	154.371
1209.31	154.333
1209.43	154.28
1209.56	154.215
1209.69	154.125
1209.82	154.03
1209.95	153.907
1210.07	153.748
1210.2	153.54
1210.33	153.302
1210.46	153.047
1210.59	152.786
1210.71	152.527
1210.84	152.259
1210.97	152.009
1211.1	151.774
1211.23	151.543
1211.35	151.31
1211.48	151.085
1211.61	150.873
1211.74	150.674
1211.87	150.495
1211.99	150.358
1212.12	150.276
1212.25	150.226
1212.38	150.204
1212.51	150.214
1212.63	150.261
1212.76	150.338
1212.89	150.452
1213.02	150.601
1213.14	150.772
1213.27	150.986
1213.4	151.234
1213.53	151.513
1213.66	151.803
1213.78	152.099
1213.91	152.386
1214.04	152.676
1214.17	152.972
1214.29	153.266
1214.42	153.542
1214.55	153.78
1214.68	153.997
1214.81	154.186
1214.93	154.343
1215.06	154.476
1215.19	154.59
1215.32	154.681
1215.44	154.752
1215.57	154.809
1215.7	154.857
1215.83	154.898
1215.95	154.916
1216.08	154.915
1216.21	154.893
1216.34	154.851
1216.46	154.797
1216.59	154.728
1216.72	154.637
1216.85	154.548
1216.97	154.45
1217.1	154.335
1217.23	154.197
1217.36	154.081
1217.49	153.971
1217.61	153.872
1217.74	153.785
1217.87	153.713
1217.99	153.641
1218.12	153.596
1218.25	153.557
1218.38	153.527
1218.5	153.491
1218.63	153.459
1218.76	153.445
1218.89	153.427
1219.01	153.401
1219.14	153.355
1219.27	153.304
1219.4	153.232
1219.52	153.163
1219.65	153.084
1219.78	152.996
1219.91	152.898
1220.03	152.797
1220.16	152.68
1220.29	152.563
1220.41	152.457
1220.54	152.36
1220.67	152.263
1220.8	152.177
1220.92	152.086
1221.05	151.984
1221.18	151.87
1221.3	151.766
1221.34	151.729
1221.46	151.631
1221.59	151.55
1221.72	151.488
1221.85	151.458
1221.98	151.447
1222.1	151.442
1222.23	151.438
1222.36	151.436
1222.49	151.435
1222.62	151.42
1222.74	151.404
1222.87	151.392
1223	151.373
1223.13	151.338
1223.26	151.28
1223.38	151.21
1223.51	151.119
1223.64	151.017
1223.77	150.903
1223.89	150.755
1224.02	150.573
1224.15	150.389
1224.28	150.185
1224.41	149.951
1224.53	149.686
1224.66	149.398
1224.79	149.09
1224.92	148.776
1225.04	148.448
1225.17	148.103
1225.3	147.757
1225.43	147.425
1225.56	147.116
1225.68	146.817
1225.81	146.534
1225.94	146.274
1226.07	146.05
1226.19	145.859
1226.32	145.706
1226.45	145.6
1226.58	145.547
1226.7	145.556
1226.83	145.616
1226.96	145.713
1227.09	145.861
1227.21	146.061
1227.34	146.304
1227.47	146.597
1227.6	146.916
1227.72	147.266
1227.85	147.627
1227.98	147.992
1228.11	148.372
1228.23	148.772
1228.36	149.177
1228.49	149.581
1228.62	149.977
1228.74	150.365
1228.87	150.737
1229	151.102
1229.13	151.448
1229.25	151.779
1229.38	152.082
1229.51	152.379
1229.64	152.655
1229.76	152.878
1229.89	153.051
1230.02	153.174
1230.15	153.257
1230.27	153.3
1230.4	153.324
1230.53	153.323
1230.66	153.316
1230.78	153.287
1230.91	153.236
1231.04	153.165
1231.17	153.094
1231.29	153.029
1231.42	152.964
1231.55	152.899
1231.67	152.835
1231.8	152.764
1231.93	152.69
1232.06	152.617
1232.18	152.539
1232.31	152.453
1232.44	152.377
1232.56	152.309
1232.69	152.25
1232.82	152.203
1232.95	152.162
1233.07	152.11
1233.2	152.043
1233.33	151.97
1233.45	151.896
1233.58	151.819
1233.71	151.745
1233.84	151.671
1233.96	151.596
1234.09	151.537
1234.22	151.498
1234.34	151.496
1234.47	151.528
1234.6	151.598
1234.72	151.679
1234.85	151.775
1234.98	151.903
1235.11	152.068
1235.23	152.259
1235.36	152.478
1235.49	152.717
1235.61	152.978
1235.74	153.256
1235.87	153.539
1235.99	153.802
1236.12	154.059
1236.25	154.334
1236.37	154.616
1236.5	154.893
1236.63	155.162
1236.76	155.422
1236.88	155.671
1237.01	155.911
1237.14	156.126
1237.26	156.317
1237.39	156.491
1237.52	156.64
1237.64	156.758
1237.77	156.85
1237.9	156.941
1238.02	157.023
1238.15	157.107
1238.28	157.178
1238.4	157.255
1238.53	157.316
1238.66	157.367
1238.78	157.396
1238.91	157.409
1239.04	157.416
1239.16	157.401
1239.29	157.372
1239.42	157.332
1239.54	157.283
1239.67	157.22
1239.8	157.146
1239.92	157.079
1240.05	157.004
1240.18	156.941
1240.3	156.88
1240.43	156.817
1240.56	156.736
1240.68	156.627
1240.81	156.5
1240.94	156.35
1241.06	156.174
1241.19	155.98
1241.32	155.775
1241.44	155.557
1241.57	155.332
1241.7	155.089
1241.82	154.825
1241.95	154.56
1242.08	154.31
1242.2	154.069
1242.33	153.832
1242.45	153.614
1242.58	153.414
1242.71	153.248
1242.83	153.119
1242.96	153.025
1243.09	152.981
1243.21	152.997
1243.34	153.071
1243.47	153.191
1243.59	153.365
1243.72	153.584
1243.84	153.842
1243.97	154.119
1244.1	154.413
1244.22	154.729
1244.35	155.065
1244.48	155.405
1244.6	155.73
1244.73	156.043
1244.85	156.334
1244.98	156.609
1245.11	156.867
1245.23	157.086
1245.36	157.259
1245.49	157.383
1245.61	157.453
1245.74	157.473
1245.86	157.447
1245.99	157.379
1246.12	157.275
1246.24	157.126
1246.37	156.931
1246.5	156.703
1246.62	156.457
1246.75	156.173
1246.87	155.844
1247	155.498
1247.13	155.165
1247.25	154.846
1247.38	154.543
1247.5	154.251
1247.63	153.976
1247.66	153.923
1247.79	153.707
1247.91	153.539
1248.04	153.416
1248.17	153.317
1248.29	153.239
1248.42	153.18
1248.55	153.161
1248.67	153.185
1248.8	153.244
1248.93	153.347
1249.05	153.478
1249.18	153.659
1249.31	153.865
1249.43	154.098
1249.56	154.335
1249.69	154.579
1249.82	154.82
1249.94	155.054
1250.07	155.282
1250.2	155.504
1250.32	155.718
1250.45	155.908
1250.58	156.088
1250.7	156.268
1250.83	156.426
1250.96	156.577
1251.08	156.71
1251.21	156.833
1251.33	156.954
1251.46	157.069
1251.59	157.172
1251.71	157.254
1251.84	157.329
1251.97	157.402
1252.09	157.463
1252.22	157.519
1252.35	157.565
1252.47	157.593
1252.6	157.596
1252.73	157.602
1252.85	157.604
1252.98	157.582
1253.11	157.547
1253.23	157.487
1253.36	157.416
1253.49	157.347
1253.61	157.263
1253.74	157.179
1253.86	157.101
1253.99	157.022
1254.12	156.935
1254.24	156.839
1254.37	156.741
1254.5	156.64
1254.62	156.538
1254.75	156.434
1254.88	156.325
1255	156.212
1255.13	156.106
1255.25	156.013
1255.38	155.926
1255.51	155.862
1255.63	155.797
1255.76	155.738
1255.89	155.685
1256.01	155.628
1256.14	155.583
1256.26	155.555
1256.39	155.54
1256.52	155.531
1256.64	155.547
1256.77	155.584
1256.89	155.627
1257.02	155.671
1257.15	155.722
1257.27	155.786
1257.4	155.87
1257.53	155.937
1257.65	155.998
1257.78	156.073
1257.9	156.154
1258.03	156.231
1258.16	156.284
1258.28	156.319
1258.41	156.353
1258.53	156.402
1258.66	156.462
1258.79	156.538
1258.91	156.602
1259.04	156.64
1259.16	156.669
1259.29	156.68
1259.42	156.695
1259.54	156.71
1259.67	156.725
1259.79	156.742
1259.92	156.76
1260.05	156.791
1260.17	156.822
1260.3	156.849
1260.42	156.851
1260.55	156.858
1260.67	156.857
1260.8	156.863
1260.93	156.855
1261.05	156.828
1261.18	156.798
1261.3	156.744
1261.43	156.683
1261.56	156.603
1261.68	156.509
1261.81	156.398
1261.93	156.282
1262.06	156.167
1262.18	156.057
1262.31	155.946
1262.44	155.838
1262.56	155.732
1262.69	155.636
1262.81	155.544
1262.94	155.461
1263.06	155.392
1263.19	155.328
1263.32	155.27
1263.44	155.22
1263.57	155.184
1263.69	155.153
1263.82	155.125
1263.94	155.118
1264.07	155.124
1264.2	155.158
1264.32	155.204
1264.45	155.256
1264.57	155.321
1264.7	155.398
1264.82	155.49
1264.95	155.597
1265.07	155.704
1265.2	155.825
1265.33	155.961
1265.45	156.116
1265.58	156.261
1265.7	156.39
1265.83	156.508
1265.95	156.64
1266.08	156.785
1266.2	156.933
1266.33	157.075
1266.45	157.199
1266.58	157.31
1266.71	157.406
1266.83	157.488
1266.96	157.561
1267.08	157.628
1267.21	157.678
1267.33	157.721
1267.46	157.773
1267.58	157.819
1267.71	157.843
1267.83	157.851
1267.96	157.857
1268.08	157.866
1268.21	157.886
1268.33	157.894
1268.46	157.919
1268.59	157.949
1268.71	157.976
1268.84	158.005
1268.96	158.034
1269.09	158.072
1269.21	158.116
1269.34	158.165
1269.46	158.211
1269.59	158.259
1269.71	158.279
1269.84	158.291
1269.96	158.285
1270.09	158.26
1270.21	158.227
1270.34	158.181
1270.46	158.111
1270.59	158.006
1270.71	157.866
1270.84	157.698
1270.96	157.507
1271.09	157.284
1271.21	157.037
1271.34	156.79
1271.46	156.54
1271.59	156.296
1271.71	156.04
1271.84	155.798
1271.96	155.571
1272.09	155.338
1272.21	155.122
1272.34	154.915
1272.46	154.74
1272.59	154.577
1272.71	154.457
1272.84	154.374
1272.96	154.34
1273.09	154.347
1273.21	154.404
1273.34	154.496
1273.46	154.624
1273.59	154.796
1273.71	155.014
1273.84	155.274
1273.96	155.562
1274.08	155.847
1274.2	156.169
1274.33	156.508
1274.46	156.861
1274.58	157.222
1274.71	157.581
1274.83	157.933
1274.96	158.278
1275.08	158.602
1275.21	158.9
1275.33	159.153
1275.46	159.364
1275.59	159.53
1275.71	159.649
1275.84	159.718
1275.96	159.739
1276.09	159.714
1276.21	159.636
1276.34	159.487
1276.46	159.296
1276.59	159.076
1276.72	158.851
1276.84	158.606
1276.97	158.352
1277.09	158.082
1277.22	157.817
1277.34	157.547
1277.47	157.281
1277.59	157.028
1277.72	156.801
1277.84	156.602
1277.97	156.424
1278.09	156.29
1278.22	156.205
1278.35	156.157
1278.47	156.132
1278.6	156.147
1278.72	156.209
1278.85	156.312
1278.97	156.443
1279.1	156.596
1279.22	156.777
1279.35	156.969
1279.47	157.177
1279.6	157.398
1279.72	157.624
1279.85	157.848
1279.97	158.056
1280.1	158.246
1280.22	158.413
1280.35	158.57
1280.48	158.711
1280.6	158.85
1280.72	158.967
1280.85	159.076
1280.98	159.18
1281.1	159.27
1281.23	159.33
1281.35	159.354
1281.48	159.348
1281.6	159.32
1281.73	159.268
1281.85	159.188
1281.98	159.09
1282.1	158.987
1282.23	158.884
1282.35	158.776
1282.48	158.671
1282.6	158.574
1282.73	158.477
1282.85	158.384
1282.98	158.302
1283.1	158.221
1283.23	158.167
1283.35	158.129
1283.48	158.125
1283.6	158.152
1283.73	158.213
1283.85	158.304
1283.98	158.428
1284.1	158.566
1284.23	158.719
1284.35	158.888
1284.48	159.078
1284.6	159.271
1284.73	159.455
1284.85	159.632
1284.98	159.806
1285.1	159.975
1285.22	160.125
1285.35	160.249
1285.47	160.352
1285.6	160.456
1285.72	160.558
1285.85	160.648
1285.97	160.725
1286.1	160.77
1286.22	160.795
1286.35	160.795
1286.47	160.77
1286.6	160.709
1286.72	160.605
1286.85	160.465
1286.97	160.277
1287.1	160.059
1287.22	159.837
1287.35	159.612
1287.47	159.39
1287.59	159.148
1287.72	158.898
1287.84	158.647
1287.97	158.409
1288.09	158.181
1288.22	157.959
1288.34	157.763
1288.47	157.589
1288.59	157.427
1288.72	157.279
1288.84	157.162
1288.96	157.071
1289.09	156.994
1289.21	156.932
1289.34	156.902
1289.46	156.901
1289.59	156.92
1289.71	156.965
1289.84	157.031
1289.96	157.112
1290.09	157.208
1290.21	157.316
1290.33	157.422
1290.46	157.527
1290.58	157.618
1290.71	157.689
1290.83	157.741
1290.96	157.776
1291.08	157.805
1291.2	157.826
1291.33	157.833
1291.45	157.829
1291.58	157.813
1291.7	157.789
1291.83	157.757
1291.95	157.715
1292.08	157.665
1292.2	157.604
1292.32	157.545
1292.45	157.492
1292.57	157.44
1292.7	157.392
1292.82	157.36
1292.95	157.332
1293.07	157.307
1293.19	157.294
1293.32	157.281
1293.44	157.282
1293.57	157.289
1293.69	157.296
1293.81	157.303
1293.94	157.32
1294.06	157.341
1294.19	157.382
1294.31	157.442
1294.44	157.52
1294.56	157.616
1294.68	157.725
1294.81	157.836
1294.93	157.947
1295.06	158.067
1295.18	158.202
1295.3	158.334
1295.43	158.464
1295.55	158.603
1295.68	158.746
1295.8	158.882
1295.92	159.019
1296.05	159.149
1296.17	159.289
1296.3	159.45
1296.42	159.616
1296.54	159.789
1296.67	159.969
1296.79	160.145
1296.92	160.327
1297.04	160.507
1297.16	160.678
1297.29	160.842
1297.41	160.98
1297.54	161.098
1297.66	161.194
1297.78	161.285
1297.91	161.377
1298.03	161.446
1298.16	161.484
1298.28	161.473
1298.4	161.428
1298.53	161.372
1298.65	161.295
1298.77	161.194
1298.9	161.073
1299.02	160.941
1299.15	160.78
1299.27	160.601
1299.39	160.406
1299.52	160.195
1299.64	159.963
1299.76	159.715
1299.89	159.463
1299.97	159.317
1300.09	159.087
1300.22	158.865
1300.34	158.672
1300.46	158.503
1300.59	158.364
1300.71	158.263
1300.84	158.185
1300.96	158.136
1301.09	158.13
1301.21	158.158
1301.34	158.217
1301.46	158.297
1301.58	158.414
1301.71	158.566
1301.83	158.737
1301.96	158.927
1302.08	159.13
1302.21	159.328
1302.33	159.531
1302.45	159.739
1302.58	159.942
1302.7	160.132
1302.83	160.306
1302.95	160.479
1303.08	160.639
1303.2	160.782
1303.32	160.911
1303.45	161.017
1303.57	161.08
1303.7	161.112
1303.82	161.109
1303.94	161.071
1304.07	161.016
1304.19	160.927
1304.32	160.812
1304.44	160.676
1304.57	160.526
1304.69	160.374
1304.81	160.232
1304.94	160.096
1305.06	159.967
1305.19	159.842
1305.31	159.72
1305.43	159.606
1305.56	159.509
1305.68	159.436
1305.81	159.376
1305.93	159.322
1306.05	159.278
1306.18	159.252
1306.3	159.237
1306.43	159.236
1306.55	159.244
1306.67	159.256
1306.8	159.294
1306.92	159.351
1307.05	159.398
1307.17	159.441
1307.29	159.481
1307.42	159.507
1307.54	159.52
1307.67	159.519
1307.79	159.503
1307.91	159.477
1308.04	159.412
1308.16	159.333
1308.29	159.228
1308.41	159.111
1308.53	158.986
1308.66	158.832
1308.78	158.67
1308.9	158.483
1309.03	158.296
1309.15	158.114
1309.28	157.916
1309.4	157.719
1309.52	157.54
1309.65	157.36
1309.77	157.176
1309.9	157.005
1310.02	156.837
1310.14	156.678
1310.27	156.522
1310.39	156.38
1310.51	156.261
1310.64	156.175
1310.76	156.109
1310.88	156.05
1311.01	156.003
1311.13	155.968
1311.26	155.953
1311.38	155.954
1311.5	155.963
1311.63	155.991
1311.75	156.04
1311.87	156.105
1312	156.181
1312.12	156.257
1312.24	156.347
1312.37	156.441
1312.49	156.531
1312.61	156.627
1312.74	156.721
1312.86	156.803
1312.99	156.874
1313.11	156.926
1313.23	156.966
1313.36	157.001
1313.48	157.038
1313.6	157.08
1313.73	157.126
1313.85	157.187
1313.97	157.256
1314.1	157.314
1314.22	157.357
1314.34	157.398
1314.47	157.429
1314.59	157.46
1314.71	157.49
1314.84	157.512
1314.96	157.529
1315.08	157.552
1315.21	157.573
1315.33	157.596
1315.45	157.624
1315.58	157.661
1315.7	157.697
1315.82	157.732
1315.95	157.768
1316.07	157.809
1316.19	157.863
1316.32	157.917
1316.44	157.957
1316.56	157.984
1316.69	158.006
1316.81	158.029
1316.93	158.046
1317.06	158.071
1317.18	158.099
1317.3	158.157
1317.43	158.239
1317.55	158.324
1317.67	158.402
1317.79	158.488
1317.92	158.583
1318.04	158.678
1318.16	158.773
1318.29	158.864
1318.41	158.953
1318.53	159.037
1318.66	159.105
1318.78	159.159
1318.9	159.199
1319.03	159.247
1319.15	159.302
1319.27	159.357
1319.4	159.421
1319.52	159.472
1319.64	159.528
1319.76	159.576
1319.89	159.615
1320.01	159.655
1320.13	159.681
1320.26	159.677
1320.38	159.652
1320.5	159.608
1320.63	159.541
1320.75	159.456
1320.87	159.342
1320.99	159.231
1321.12	159.118
1321.24	159.002
1321.36	158.865
1321.48	158.696
1321.61	158.504
1321.73	158.312
1321.85	158.113
1321.98	157.906
1322.1	157.691
1322.22	157.469
1322.35	157.255
1322.47	157.052
1322.59	156.857
1322.71	156.659
1322.84	156.476
1322.96	156.308
1323.08	156.158
1323.2	156.038
1323.33	155.942
1323.45	155.848
1323.57	155.753
1323.7	155.664
1323.82	155.61
1323.94	155.592
1324.06	155.603
1324.19	155.641
1324.31	155.711
1324.43	155.807
1324.55	155.907
1324.68	156.003
1324.8	156.095
1324.92	156.187
1325.04	156.276
1325.14	156.345
1325.27	156.428
1325.39	156.503
1325.51	156.567
1325.64	156.633
1325.76	156.691
1325.88	156.742
1326.01	156.789
1326.13	156.843
1326.25	156.909
1326.38	156.996
1326.5	157.094
1326.62	157.197
1326.75	157.312
1326.87	157.421
1326.99	157.521
1327.12	157.609
1327.24	157.699
1327.36	157.792
1327.49	157.883
1327.61	157.981
1327.73	158.086
1327.86	158.211
1327.98	158.342
1328.1	158.489
1328.22	158.65
1328.35	158.835
1328.47	159.036
1328.59	159.249
1328.72	159.462
1328.84	159.672
1328.96	159.874
1329.09	160.058
1329.21	160.219
1329.33	160.354
1329.46	160.481
1329.58	160.603
1329.7	160.707
1329.82	160.783
1329.95	160.828
1330.07	160.846
1330.19	160.849
1330.32	160.828
1330.44	160.772
1330.56	160.688
1330.69	160.576
1330.81	160.44
1330.93	160.279
1331.05	160.083
1331.18	159.856
1331.3	159.61
1331.42	159.345
1331.55	159.079
1331.67	158.808
1331.79	158.521
1331.91	158.223
1332.04	157.923
1332.16	157.636
1332.28	157.374
1332.41	157.123
1332.53	156.896
1332.65	156.704
1332.77	156.538
1332.9	156.418
1333.02	156.343
1333.14	156.314
1333.27	156.316
1333.39	156.353
1333.51	156.423
1333.63	156.517
1333.76	156.634
1333.88	156.753
1334	156.869
1334.13	157.006
1334.25	157.166
1334.37	157.363
1334.49	157.589
1334.62	157.858
1334.74	158.168
1334.86	158.507
1334.98	158.868
1335.11	159.226
1335.23	159.589
1335.35	159.937
1335.47	160.287
1335.6	160.623
1335.72	160.94
1335.84	161.222
1335.96	161.48
1336.09	161.703
1336.21	161.9
1336.33	162.06
1336.45	162.177
1336.58	162.245
1336.7	162.297
1336.82	162.346
1336.95	162.388
1337.07	162.409
1337.19	162.404
1337.31	162.381
1337.43	162.34
1337.56	162.279
1337.68	162.203
1337.8	162.126
1337.92	162.036
1338.05	161.933
1338.17	161.818
1338.29	161.698
1338.41	161.57
1338.54	161.451
1338.66	161.352
1338.78	161.266
1338.9	161.203
1339.03	161.157
1339.15	161.141
1339.27	161.145
1339.39	161.167
1339.52	161.199
1339.64	161.234
1339.76	161.279
1339.88	161.329
1340	161.375
1340.13	161.425
1340.25	161.461
1340.37	161.479
1340.49	161.483
1340.62	161.468
1340.74	161.438
1340.86	161.382
1340.98	161.307
1341.1	161.227
1341.23	161.146
1341.35	161.052
1341.47	160.938
1341.59	160.806
1341.71	160.674
1341.84	160.542
1341.96	160.405
1342.08	160.27
1342.2	160.136
1342.33	159.975
1342.45	159.823
1342.57	159.674
1342.69	159.522
1342.81	159.369
1342.94	159.224
1343.06	159.103
1343.18	159.013
1343.3	158.942
1343.42	158.904
1343.55	158.904
1343.67	158.949
1343.79	159.036
1343.91	159.159
1344.03	159.302
1344.16	159.442
1344.28	159.588
1344.4	159.732
1344.52	159.893
1344.64	160.065
1344.77	160.231
1344.89	160.415
1345.01	160.618
1345.13	160.847
1345.25	161.084
1345.37	161.324
1345.5	161.561
1345.62	161.79
1345.74	162.002
1345.86	162.194
1345.98	162.379
1346.11	162.519
1346.23	162.612
1346.35	162.656
1346.47	162.661
1346.59	162.623
1346.71	162.539
1346.84	162.408
1346.96	162.221
1347.08	161.984
1347.2	161.741
1347.32	161.479
1347.45	161.184
1347.57	160.857
1347.69	160.507
1347.81	160.143
1347.93	159.767
1348.05	159.37
1348.18	158.981
1348.3	158.608
1348.42	158.239
1348.54	157.885
1348.66	157.531
1348.78	157.181
1348.9	156.846
1349.03	156.538
1349.15	156.262
1349.27	156.027
1349.39	155.825
1349.51	155.669
1349.63	155.569
1349.76	155.527
1349.88	155.538
1350	155.593
1350.12	155.687
1350.24	155.821
1350.36	155.984
1350.48	156.183
1350.61	156.423
1350.61	156.406
1350.73	156.664
1350.85	156.946
1350.98	157.244
1351.1	157.564
1351.22	157.876
1351.34	158.197
1351.47	158.519
1351.59	158.832
1351.71	159.121
1351.83	159.381
1351.95	159.616
1352.08	159.836
1352.2	160.023
1352.32	160.176
1352.44	160.295
1352.56	160.366
1352.69	160.382
1352.81	160.373
1352.93	160.316
1353.05	160.205
1353.17	160.057
1353.3	159.892
1353.42	159.709
1353.54	159.511
1353.66	159.288
1353.78	159.061
1353.91	158.842
1354.03	158.63
1354.15	158.433
1354.27	158.242
1354.39	158.047
1354.52	157.848
1354.64	157.667
1354.76	157.5
1354.88	157.356
1355	157.227
1355.13	157.117
1355.25	157.053
1355.37	157.01
1355.49	156.995
1355.61	157.005
1355.73	157.053
1355.86	157.139
1355.98	157.226
1356.1	157.33
1356.22	157.456
1356.34	157.587
1356.47	157.7
1356.59	157.815
1356.71	157.923
1356.83	158.033
1356.95	158.135
1357.07	158.232
1357.2	158.33
1357.32	158.425
1357.44	158.524
1357.56	158.628
1357.68	158.714
1357.8	158.765
1357.93	158.811
1358.05	158.855
1358.17	158.889
1358.29	158.905
1358.41	158.925
1358.53	158.963
1358.66	159.009
1358.78	159.055
1358.9	159.088
1359.02	159.097
1359.14	159.099
1359.26	159.094
1359.39	159.089
1359.51	159.105
1359.63	159.126
1359.75	159.147
1359.87	159.176
1359.99	159.227
1360.11	159.294
1360.24	159.369
1360.36	159.444
1360.48	159.515
1360.6	159.583
1360.72	159.645
1360.84	159.701
1360.96	159.732
1361.09	159.74
1361.21	159.735
1361.33	159.721
1361.45	159.692
1361.57	159.638
1361.69	159.547
1361.81	159.451
1361.94	159.348
1362.06	159.235
1362.18	159.117
1362.3	158.997
1362.42	158.88
1362.54	158.782
1362.66	158.689
1362.78	158.594
1362.91	158.498
1363.03	158.409
1363.15	158.329
1363.27	158.261
1363.39	158.198
1363.51	158.146
1363.63	158.122
1363.76	158.131
1363.88	158.166
1364	158.24
1364.12	158.349
1364.24	158.483
1364.36	158.627
1364.48	158.76
1364.6	158.909
1364.72	159.058
1364.85	159.204
1364.97	159.342
1365.09	159.466
1365.21	159.591
1365.33	159.702
1365.45	159.811
1365.57	159.901
1365.69	159.983
1365.81	160.024
1365.94	160.052
1366.06	160.057
1366.18	160.05
1366.3	160.024
1366.42	159.968
1366.54	159.883
1366.66	159.766
1366.78	159.616
1366.9	159.445
1367.02	159.254
1367.15	159.03
1367.27	158.804
1367.39	158.579
1367.51	158.356
1367.63	158.153
1367.75	157.974
1367.87	157.808
1367.99	157.642
1368.11	157.483
1368.23	157.325
1368.35	157.202
1368.48	157.106
1368.6	157.04
1368.72	157.007
1368.84	157.02
1368.96	157.074
1369.08	157.17
1369.2	157.293
1369.32	157.429
1369.44	157.574
1369.56	157.731
1369.68	157.898
1369.8	158.086
1369.92	158.289
1370.05	158.478
1370.17	158.653
1370.29	158.819
1370.41	158.984
1370.53	159.132
1370.65	159.286
1370.77	159.428
1370.89	159.549
1371.01	159.644
1371.13	159.703
1371.25	159.718
1371.37	159.694
1371.49	159.647
1371.61	159.569
1371.73	159.449
1371.86	159.293
1371.98	159.12
1372.1	158.936
1372.22	158.75
1372.34	158.557
1372.46	158.372
1372.58	158.216
1372.7	158.084
1372.82	157.988
1372.94	157.934
1373.06	157.903
1373.18	157.888
1373.3	157.907
1373.42	157.962
1373.54	158.036
1373.66	158.144
1373.78	158.28
1373.9	158.447
1374.02	158.651
1374.15	158.886
1374.27	159.167
1374.39	159.493
1374.51	159.836
1374.55	159.965
1374.68	160.302
1374.8	160.626
1374.92	160.943
1375.04	161.231
1375.16	161.496
1375.28	161.721
1375.4	161.912
1375.52	162.072
1375.65	162.176
1375.77	162.248
1375.89	162.273
1376.01	162.258
1376.13	162.192
1376.25	162.1
1376.37	161.969
1376.49	161.811
1376.61	161.615
1376.73	161.385
1376.86	161.128
1376.98	160.85
1377.1	160.556
1377.22	160.25
1377.34	159.925
1377.46	159.596
1377.58	159.296
1377.7	159.014
1377.82	158.744
1377.94	158.51
1378.06	158.307
1378.19	158.107
1378.31	157.909
1378.43	157.725
1378.55	157.555
1378.67	157.406
1378.79	157.267
1378.91	157.137
1379.03	157.021
1379.15	156.919
1379.27	156.839
1379.39	156.772
1379.52	156.696
1379.64	156.607
1379.76	156.494
1379.88	156.384
1380	156.269
1380.12	156.153
1380.24	156.02
1380.36	155.875
1380.48	155.732
1380.6	155.607
1380.72	155.51
1380.84	155.451
1380.96	155.443
1381.08	155.464
1381.21	155.522
1381.33	155.625
1381.45	155.755
1381.57	155.913
1381.69	156.102
1381.81	156.319
1381.93	156.555
1382.05	156.817
1382.17	157.111
1382.29	157.443
1382.41	157.788
1382.53	158.14
1382.65	158.504
1382.77	158.873
1382.89	159.244
1383.01	159.609
1383.14	159.967
1383.26	160.293
1383.38	160.577
1383.5	160.824
1383.62	161.026
1383.74	161.174
1383.86	161.254
1383.98	161.287
1384.1	161.253
1384.22	161.159
1384.34	161.006
1384.46	160.786
1384.58	160.526
1384.7	160.225
1384.82	159.891
1384.94	159.527
1385.06	159.136
1385.18	158.733
1385.3	158.313
1385.42	157.888
1385.54	157.473
1385.66	157.073
1385.78	156.69
1385.91	156.325
1386.03	155.986
1386.15	155.683
1386.27	155.416
1386.39	155.182
1386.51	154.983
1386.63	154.825
1386.75	154.717
1386.87	154.665
1386.99	154.656
1387.11	154.695
1387.23	154.771
1387.35	154.87
1387.47	154.995
1387.59	155.142
1387.71	155.314
1387.83	155.519
1387.95	155.765
1388.07	156.031
1388.19	156.309
1388.31	156.596
1388.43	156.872
1388.55	157.122
1388.67	157.371
1388.79	157.613
1388.91	157.843
1389.03	158.043
1389.15	158.217
1389.27	158.38
1389.39	158.533
1389.51	158.676
1389.63	158.804
1389.75	158.919
1389.87	159.021
1389.99	159.123
1390.11	159.205
1390.23	159.278
1390.35	159.344
1390.47	159.393
1390.59	159.424
1390.71	159.449
1390.83	159.479
1390.95	159.528
1391.07	159.595
1391.19	159.671
1391.31	159.746
1391.43	159.833
1391.55	159.935
1391.67	160.049
1391.79	160.156
1391.91	160.26
1392.03	160.348
1392.15	160.436
1392.27	160.526
1392.39	160.62
1392.51	160.715
1392.63	160.812
1392.75	160.889
1392.87	160.961
1392.99	161.024
1393.11	161.068
1393.23	161.1
1393.35	161.13
1393.47	161.142
1393.59	161.137
1393.71	161.13
1393.83	161.121
1393.94	161.104
1394.06	161.081
1394.18	161.041
1394.3	161.006
1394.42	160.945
1394.54	160.854
1394.66	160.725
1394.78	160.552
1394.9	160.354
1395.02	160.135
1395.14	159.913
1395.26	159.663
1395.38	159.401
1395.5	159.133
1395.62	158.853
1395.74	158.566
1395.86	158.294
1395.98	158.032
1396.1	157.771
1396.22	157.522
1396.34	157.29
1396.46	157.055
1396.58	156.818
1396.7	156.585
1396.82	156.357
1396.93	156.15
1397.05	155.982
1397.17	155.843
1397.29	155.724
1397.41	155.614
1397.53	155.511
1397.65	155.42
1397.77	155.347
1397.89	155.295
1398.01	155.267
1398.13	155.266
1398.25	155.307
1398.37	155.371
1398.49	155.448
1398.61	155.545
1398.73	155.66
1398.85	155.812
1398.96	156.019
1399.08	156.256
1399.2	156.509
1399.32	156.762
1399.44	157.05
1399.56	157.35
1399.68	157.653
1399.8	157.954
1399.92	158.245
1400.04	158.528
1400.16	158.802
1400.28	159.054
1400.4	159.262
1400.52	159.45
1400.64	159.605
1400.76	159.717
1400.88	159.799
1401	159.866
1401.12	159.922
1401.24	159.972
1401.36	160.005
1401.48	160
1401.6	159.971
1401.72	159.939
1401.84	159.895
1401.96	159.852
1402.08	159.81
1402.2	159.764
1402.32	159.702
1402.44	159.654
1402.56	159.622
1402.67	159.606
1402.79	159.593
1402.91	159.576
1403.03	159.553
1403.15	159.534
1403.27	159.519
1403.39	159.498
1403.51	159.478
1403.63	159.462
1403.75	159.432
1403.87	159.395
1403.99	159.37
1404.11	159.356
1404.23	159.35
1404.35	159.349
1404.47	159.349
1404.59	159.357
1404.71	159.337
1404.83	159.301
1404.95	159.242
1405.07	159.159
1405.19	159.056
1405.31	158.945
1405.43	158.822
1405.55	158.676
1405.67	158.535
1405.79	158.387
1405.91	158.239
1406.03	158.077
1406.15	157.924
1406.26	157.766
1406.38	157.605
1406.5	157.46
1406.62	157.315
1406.74	157.168
1406.86	157.024
1406.98	156.92
1407.1	156.847
1407.22	156.828
1407.34	156.858
1407.46	156.926
1407.58	157.036
1407.7	157.193
1407.82	157.404
1407.94	157.649
1408.06	157.919
1408.18	158.198
1408.3	158.489
1408.42	158.792
1408.53	159.097
1408.65	159.379
1408.77	159.628
1408.89	159.865
1409.01	160.079
1409.13	160.287
1409.25	160.487
1409.37	160.663
1409.49	160.811
1409.61	160.95
1409.73	161.071
1409.85	161.166
1409.97	161.249
1410.09	161.309
1410.2	161.35
1410.32	161.367
1410.44	161.358
1410.56	161.314
1410.68	161.243
1410.8	161.156
1410.92	161.056
1411.04	160.94
1411.16	160.821
1411.28	160.712
1411.4	160.614
1411.52	160.525
1411.64	160.438
1411.75	160.338
1411.87	160.246
1411.99	160.165
1412.11	160.094
1412.23	160.05
1412.35	160.033
1412.47	160.028
1412.59	160.04
1412.71	160.083
1412.83	160.158
1412.94	160.259
1413.06	160.364
1413.18	160.464
1413.3	160.564
1413.42	160.67
1413.54	160.794
1413.66	160.917
1413.78	161.045
1413.9	161.17
1414.02	161.284
1414.14	161.382
1414.25	161.487
1414.37	161.596
1414.49	161.694
1414.61	161.778
1414.73	161.847
1414.85	161.899
1414.97	161.929
1415.09	161.952
1415.21	161.966
1415.32	161.955
1415.44	161.927
1415.56	161.906
1415.68	161.899
1415.8	161.918
1415.92	161.964
1416.04	162.031
1416.16	162.107
1416.27	162.178
1416.39	162.263
1416.51	162.345
1416.63	162.427
1416.75	162.506
1416.87	162.562
1416.99	162.61
1417.11	162.659
1417.22	162.731
1417.34	162.802
1417.46	162.888
1417.58	162.975
1417.7	163.071
1417.82	163.197
1417.94	163.347
1418.05	163.502
1418.17	163.649
1418.29	163.792
1418.41	163.931
1418.53	164.073
1418.65	164.209
1418.77	164.333
1418.89	164.432
1419	164.513
1419.12	164.583
1419.24	164.617
1419.36	164.633
1419.48	164.63
1419.6	164.608
1419.72	164.577
1419.83	164.548
1419.95	164.498
1420.07	164.435
1420.19	164.374
1420.31	164.306
1420.43	164.242
1420.54	164.165
1420.66	164.078
1420.78	163.98
1420.9	163.89
1421.02	163.794
1421.14	163.706
1421.26	163.599
1421.37	163.503
1421.49	163.431
1421.61	163.386
1421.73	163.357
1421.85	163.335
1421.97	163.291
1422.08	163.254
1422.2	163.218
1422.32	163.189
1422.44	163.172
1422.56	163.16
1422.67	163.14
1422.79	163.122
1422.91	163.119
1423.03	163.131
1423.15	163.147
1423.27	163.143
1423.39	163.119
1423.5	163.089
1423.62	163.062
1423.74	163.036
1423.74	163.033
1423.86	163.003
1423.98	162.962
1424.1	162.917
1424.22	162.851
1424.34	162.774
1424.46	162.686
1424.58	162.573
1424.69	162.441
1424.81	162.282
1424.93	162.1
1425.05	161.891
1425.17	161.657
1425.29	161.403
1425.41	161.12
1425.53	160.839
1425.65	160.575
1425.76	160.338
1425.88	160.138
1426	159.964
1426.12	159.821
1426.24	159.694
1426.36	159.593
1426.48	159.518
1426.6	159.448
1426.71	159.395
1426.83	159.351
1426.95	159.304
1427.07	159.279
1427.19	159.278
1427.31	159.302
1427.43	159.33
1427.54	159.382
1427.66	159.444
1427.78	159.528
1427.9	159.646
1428.02	159.766
1428.14	159.876
1428.26	159.986
1428.38	160.101
1428.49	160.224
1428.61	160.353
1428.73	160.474
1428.85	160.594
1428.97	160.717
1429.09	160.838
1429.21	160.944
1429.32	161.023
1429.44	161.095
1429.56	161.158
1429.68	161.206
1429.8	161.245
1429.92	161.275
1430.04	161.276
1430.15	161.267
1430.27	161.254
1430.39	161.239
1430.51	161.208
1430.63	161.154
1430.75	161.085
1430.86	161.006
1430.98	160.921
1431.1	160.803
1431.22	160.678
1431.34	160.542
1431.46	160.421
1431.57	160.309
1431.69	160.221
1431.81	160.143
1431.93	160.071
1432.05	160.005
1432.17	159.974
1432.28	159.967
1432.4	159.988
1432.52	160.035
1432.64	160.097
1432.76	160.168
1432.88	160.252
1432.99	160.36
1433.11	160.486
1433.23	160.63
1433.35	160.782
1433.47	160.946
1433.59	161.132
1433.7	161.325
1433.82	161.531
1433.94	161.751
1434.06	161.982
1434.18	162.232
1434.29	162.487
1434.41	162.74
1434.53	162.996
1434.65	163.276
1434.77	163.563
1434.89	163.85
1435	164.119
1435.12	164.355
1435.24	164.545
1435.36	164.698
1435.48	164.818
1435.59	164.902
1435.71	164.953
1435.83	164.97
1435.95	164.966
1436.07	164.95
1436.18	164.908
1436.3	164.843
1436.42	164.754
1436.54	164.653
1436.66	164.526
1436.77	164.37
1436.89	164.201
1437.01	164.027
1437.13	163.837
1437.25	163.652
1437.36	163.472
1437.48	163.281
1437.6	163.09
1437.72	162.922
1437.84	162.777
1437.95	162.66
1438.07	162.581
1438.19	162.512
1438.31	162.457
1438.43	162.432
1438.54	162.429
1438.66	162.457
1438.78	162.519
1438.9	162.593
1439.01	162.69
1439.13	162.787
1439.25	162.889
1439.37	162.989
1439.49	163.09
1439.6	163.203
1439.72	163.312
1439.84	163.415
1439.96	163.513
1440.07	163.592
1440.19	163.65
1440.31	163.698
1440.43	163.734
1440.54	163.766
1440.66	163.766
1440.78	163.753
1440.9	163.727
1441.02	163.696
1441.13	163.641
1441.25	163.56
1441.37	163.474
1441.49	163.376
1441.6	163.263
1441.72	163.117
1441.84	162.97
1441.96	162.802
1442.07	162.625
1442.19	162.442
1442.31	162.266
1442.43	162.1
1442.54	161.951
1442.66	161.807
1442.78	161.671
1442.9	161.533
1443.01	161.408
1443.13	161.311
1443.25	161.243
1443.37	161.201
1443.48	161.179
1443.6	161.181
1443.72	161.209
1443.84	161.243
1443.95	161.289
1444.07	161.342
1444.19	161.387
1444.31	161.43
1444.42	161.468
1444.54	161.522
1444.66	161.588
1444.78	161.675
1444.89	161.764
1445.01	161.838
1445.13	161.902
1445.24	161.938
1445.36	161.945
1445.48	161.928
1445.6	161.879
1445.71	161.811
1445.83	161.72
1445.95	161.611
1446.07	161.495
1446.18	161.368
1446.3	161.221
1446.42	161.069
1446.53	160.931
1446.65	160.801
1446.77	160.659
1446.89	160.513
1447	160.376
1447.12	160.267
1447.24	160.168
1447.36	160.07
1447.42	160.024
1447.53	159.901
1447.65	159.801
1447.77	159.723
1447.89	159.656
1448	159.585
1448.12	159.523
1448.24	159.465
1448.36	159.413
1448.48	159.374
1448.59	159.349
1448.71	159.349
1448.83	159.356
1448.95	159.34
1449.06	159.315
1449.18	159.271
1449.3	159.225
1449.42	159.183
1449.54	159.143
1449.65	159.116
1449.77	159.087
1449.89	159.058
1450.01	159.019
1450.13	158.969
1450.24	158.914
1450.36	158.855
1450.48	158.78
1450.6	158.716
1450.71	158.619
1450.83	158.524
1450.95	158.439
1451.07	158.376
1451.18	158.318
1451.3	158.28
1451.42	158.272
1451.54	158.301
1451.65	158.359
1451.77	158.424
1451.89	158.525
1452.01	158.632
1452.12	158.759
1452.24	158.914
1452.36	159.093
1452.48	159.293
1452.6	159.506
1452.71	159.723
1452.83	159.953
1452.95	160.181
1453.07	160.409
1453.18	160.625
1453.3	160.822
1453.42	160.991
1453.54	161.137
1453.65	161.264
1453.77	161.357
1453.89	161.395
1454.01	161.385
1454.12	161.33
1454.24	161.23
1454.36	161.099
1454.47	160.94
1454.59	160.755
1454.71	160.546
1454.83	160.328
1454.94	160.083
1455.06	159.818
1455.18	159.554
1455.3	159.285
1455.41	159.008
1455.53	158.732
1455.65	158.457
1455.77	158.209
1455.88	157.974
1456	157.76
1456.12	157.565
1456.23	157.385
1456.35	157.221
1456.47	157.098
1456.59	157.005
1456.7	156.931
1456.82	156.86
1456.94	156.808
1457.06	156.781
1457.17	156.784
1457.29	156.81
1457.41	156.836
1457.52	156.872
1457.64	156.922
1457.76	157.003
1457.88	157.076
1457.99	157.136
1458.11	157.169
1458.23	157.213
1458.34	157.271
1458.46	157.326
1458.58	157.395
1458.69	157.478
1458.81	157.566
1458.93	157.635
1459.05	157.672
1459.16	157.705
1459.28	157.732
1459.4	157.757
1459.51	157.779
1459.63	157.795
1459.75	157.828
1459.87	157.864
1459.98	157.916
1460.1	157.986
1460.22	158.076
1460.33	158.164
1460.45	158.261
1460.57	158.353
1460.68	158.454
1460.8	158.517
1460.92	158.579
1461.04	158.642
1461.15	158.704
1461.27	158.757
1461.39	158.809
1461.5	158.861
1461.62	158.916
1461.74	158.957
1461.85	158.969
1461.97	158.959
1462.09	158.906
1462.2	158.831
1462.32	158.731
1462.44	158.597
1462.55	158.45
1462.67	158.315
1462.79	158.179
1462.9	158.059
1463.02	157.943
1463.14	157.831
1463.25	157.725
1463.37	157.646
1463.49	157.592
1463.6	157.564
1463.72	157.568
1463.84	157.596
1463.95	157.651
1464.07	157.744
1464.19	157.896
1464.3	158.092
1464.42	158.309
1464.54	158.551
1464.65	158.808
1464.77	159.083
1464.89	159.372
1465	159.647
1465.12	159.923
1465.24	160.207
1465.35	160.487
1465.47	160.746
1465.59	160.984
1465.7	161.197
1465.82	161.397
1465.94	161.574
1466.05	161.731
1466.17	161.85
1466.29	161.93
1466.4	161.988
1466.52	162.034
1466.64	162.045
1466.75	162.025
1466.87	161.975
1466.98	161.906
1467.1	161.82
1467.22	161.731
1467.33	161.64
1467.45	161.536
1467.57	161.425
1467.68	161.304
1467.8	161.179
1467.92	161.026
1468.03	160.857
1468.15	160.672
1468.26	160.5
1468.38	160.335
1468.5	160.164
1468.61	160.002
1468.73	159.855
1468.85	159.703
1468.96	159.548
1469.08	159.404
1469.2	159.281
1469.31	159.155
1469.43	159.02
1469.54	158.871
1469.66	158.722
1469.78	158.597
1469.89	158.482
1470.01	158.387
1470.13	158.304
1470.24	158.224
1470.36	158.129
1470.47	158.041
1470.59	157.948
1470.71	157.862
1470.82	157.762
1470.94	157.667
1471.05	157.581
1471.17	157.517
1471.29	157.463
1471.4	157.427
1471.49	157.402
1471.61	157.406
1471.73	157.445
1471.84	157.503
1471.96	157.568
1472.08	157.642
1472.19	157.732
1472.31	157.841
1472.43	157.955
1472.54	158.08
1472.66	158.217
1472.78	158.349
1472.89	158.481
1473.01	158.589
1473.13	158.678
1473.24	158.756
1473.36	158.824
1473.48	158.857
1473.59	158.852
1473.71	158.831
1473.83	158.79
1473.94	158.742
1474.06	158.695
1474.18	158.662
1474.29	158.623
1474.41	158.574
1474.53	158.542
1474.64	158.5
1474.76	158.463
1474.88	158.441
1475	158.43
1475.11	158.443
1475.23	158.478
1475.34	158.531
1475.46	158.583
1475.58	158.65
1475.69	158.722
1475.81	158.801
1475.93	158.868
1476.04	158.927
1476.16	158.963
1476.28	158.973
1476.39	158.973
1476.51	158.954
1476.63	158.912
1476.74	158.844
1476.86	158.753
1476.98	158.643
1477.09	158.527
1477.21	158.399
1477.33	158.25
1477.44	158.081
1477.56	157.896
1477.68	157.707
1477.79	157.525
1477.91	157.331
1478.02	157.136
1478.14	156.949
1478.26	156.766
1478.37	156.575
1478.49	156.374
1478.61	156.187
1478.72	156.024
1478.84	155.879
1478.95	155.774
1479.07	155.717
1479.19	155.696
1479.3	155.705
1479.42	155.746
1479.54	155.818
1479.65	155.933
1479.77	156.105
1479.89	156.307
1480	156.539
1480.12	156.803
1480.23	157.09
1480.35	157.378
1480.47	157.677
1480.58	157.982
1480.7	158.297
1480.82	158.604
1480.93	158.907
1481.05	159.195
1481.16	159.466
1481.28	159.689
1481.4	159.884
1481.51	160.047
1481.63	160.184
1481.74	160.281
1481.86	160.32
1481.98	160.32
1482.09	160.294
1482.21	160.245
1482.33	160.184
1482.44	160.09
1482.56	159.981
1482.67	159.865
1482.79	159.743
1482.9	159.611
1483.02	159.47
1483.14	159.341
1483.25	159.226
1483.37	159.112
1483.49	158.984
1483.6	158.864
1483.72	158.758
1483.83	158.653
1483.95	158.568
1484.06	158.493
1484.18	158.425
1484.3	158.364
1484.41	158.309
1484.53	158.266
1484.64	158.216
1484.76	158.19
1484.88	158.179
1484.99	158.172
1485.11	158.175
1485.22	158.189
1485.34	158.215
1485.46	158.245
1485.57	158.286
1485.69	158.333
1485.8	158.387
1485.92	158.434
1486.03	158.494
1486.15	158.545
1486.27	158.577
1486.38	158.603
1486.5	158.625
1486.61	158.644
1486.73	158.655
1486.84	158.653
1486.96	158.649
1487.08	158.649
1487.19	158.633
1487.31	158.6
1487.42	158.575
1487.54	158.556
1487.65	158.564
1487.77	158.593
1487.89	158.625
1488	158.673
1488.12	158.741
1488.23	158.796
1488.35	158.829
1488.46	158.861
1488.58	158.904
1488.69	158.95
1488.81	158.998
1488.93	159.053
1489.04	159.118
1489.16	159.195
1489.27	159.281
1489.39	159.364
1489.5	159.438
1489.62	159.512
1489.73	159.583
1489.85	159.639
1489.97	159.69
1490.08	159.736
1490.2	159.762
1490.31	159.757
1490.43	159.727
1490.54	159.677
1490.66	159.618
1490.77	159.546
1490.89	159.463
1491	159.365
1491.12	159.258
1491.24	159.139
1491.35	159.019
1491.47	158.887
1491.58	158.739
1491.7	158.574
1491.81	158.396
1491.93	158.214
1492.04	158.031
1492.16	157.847
1492.27	157.665
1492.39	157.483
1492.5	157.305
1492.62	157.135
1492.73	156.975
1492.85	156.829
1492.96	156.702
1493.08	156.603
1493.2	156.525
1493.31	156.468
1493.43	156.432
1493.54	156.428
1493.66	156.443
1493.77	156.473
1493.89	156.524
1494	156.579
1494.12	156.631
1494.23	156.68
1494.35	156.724
1494.46	156.783
1494.58	156.852
1494.69	156.922
1494.81	156.976
1494.92	156.983
1495.04	156.922
1495.15	156.902
1495.27	156.921
1495.38	157.03
1495.5	157.15
1495.61	157.285
1495.73	157.429
1495.84	157.584
1495.96	157.748
1496.07	157.922
1496.19	158.108
1496.3	158.305
1496.31	158.291
1496.43	158.486
1496.54	158.689
1496.66	158.906
1496.77	159.13
1496.89	159.361
1497.01	159.612
1497.12	159.872
1497.24	160.114
1497.35	160.338
1497.47	160.513
1497.59	160.635
1497.7	160.693
1497.82	160.661
1497.93	160.538
1498.05	160.326
1498.16	159.998
1498.28	159.538
1498.39	158.943
1498.51	158.198
1498.63	157.302
1498.74	156.266
1498.86	155.132
1498.97	153.966
1499.09	152.843
1499.2	151.884
1499.32	151.288
1499.43	151.326
1499.55	152.364
1499.67	154.864
1499.78	159.383
1499.9	166.673
1499.95	171.596
1499.99	175.571
