1060.01	146
1060.14	149.662
1060.28	150.982
1060.41	150.754
1060.55	149.578
1060.68	147.939
1060.82	146.139
1060.95	144.455
1061.09	143.032
1061.22	141.97
1061.36	141.281
1061.49	140.93
1061.63	140.891
1061.76	141.114
1061.9	141.552
1062.03	142.182
1062.17	142.946
1062.3	143.805
1062.44	144.731
1062.57	145.682
1062.71	146.66
1062.84	147.625
1062.98	148.563
1063.11	149.462
1063.25	150.29
1063.38	151.047
1063.52	151.723
1063.65	152.317
1063.79	152.82
1063.92	153.232
1064.06	153.556
1064.19	153.796
1064.33	153.946
1064.46	154.012
1064.6	153.998
1064.73	153.907
1064.87	153.749
1065	153.537
1065.14	153.281
1065.27	152.991
1065.41	152.678
1065.54	152.348
1065.68	152.003
1065.81	151.647
1065.95	151.113
1066.08	150.646
1066.22	150.228
1066.35	149.836
1066.49	149.479
1066.62	149.167
1066.76	148.895
1066.89	148.655
1067.02	148.443
1067.16	148.255
1067.29	148.082
1067.43	147.923
1067.56	147.786
1067.7	147.671
1067.83	147.576
1067.97	147.499
1068.1	147.445
1068.24	147.416
1068.37	147.409
1068.51	147.428
1068.64	147.476
1068.78	147.554
1068.91	147.661
1069.05	147.79
1069.18	147.938
1069.31	148.097
1069.45	148.271
1069.58	148.452
1069.72	148.627
1069.85	148.799
1069.99	148.958
1070.12	149.108
1070.26	149.242
1070.39	149.357
1070.52	149.464
1070.66	149.554
1070.79	149.623
1070.93	149.676
1071.06	149.714
1071.2	149.746
1071.33	149.766
1071.47	149.782
1071.6	149.799
1071.73	149.82
1071.87	149.84
1072	149.847
1072.14	149.851
1072.27	149.834
1072.41	149.812
1072.54	149.786
1072.68	149.758
1072.81	149.737
1072.94	149.722
1073.08	149.7
1073.21	149.679
1073.35	149.649
1073.48	149.611
1073.61	149.58
1073.75	149.563
1073.88	149.548
1074.02	149.536
1074.15	149.529
1074.29	149.525
1074.42	149.538
1074.55	149.564
1074.69	149.607
1074.82	149.664
1074.96	149.731
1075.09	149.812
1075.23	149.901
1075.36	149.999
1075.49	150.097
1075.63	150.187
1075.76	150.26
1075.9	150.326
1076.03	150.366
1076.16	150.381
1076.3	150.382
1076.43	150.373
1076.57	150.334
1076.7	150.278
1076.83	150.213
1076.97	150.135
1077.1	150.046
1077.24	149.952
1077.37	149.849
1077.5	149.736
1077.64	149.621
1077.77	149.517
1077.91	149.421
1078.04	149.326
1078.17	149.233
1078.31	149.148
1078.44	149.065
1078.58	148.985
1078.71	148.916
1078.84	148.852
1078.98	148.798
1079.11	148.749
1079.24	148.706
1079.38	148.668
1079.51	148.624
1079.65	148.578
1079.78	148.525
1079.91	148.464
1080.05	148.409
1080.18	148.353
1080.32	148.306
1080.45	148.268
1080.58	148.236
1080.72	148.214
1080.85	148.21
1080.98	148.218
1081.12	148.224
1081.25	148.232
1081.39	148.243
1081.52	148.255
1081.65	148.281
1081.79	148.307
1081.92	148.341
1082.05	148.392
1082.19	148.445
1082.32	148.508
1082.45	148.588
1082.59	148.678
1082.72	148.783
1082.85	148.889
1082.99	149.013
1083.12	149.134
1083.26	149.261
1083.39	149.385
1083.52	149.508
1083.66	149.638
1083.79	149.775
1083.92	149.914
1084.06	150.048
1084.19	150.194
1084.32	150.352
1084.46	150.516
1084.59	150.688
1084.72	150.855
1084.86	151.024
1084.99	151.192
1085.12	151.362
1085.26	151.53
1085.39	151.67
1085.52	151.79
1085.66	151.88
1085.79	151.975
1085.92	152.058
1086.06	152.133
1086.19	152.199
1086.32	152.256
1086.46	152.311
1086.59	152.366
1086.72	152.42
1086.86	152.469
1086.99	152.522
1087.12	152.577
1087.26	152.638
1087.39	152.705
1087.52	152.766
1087.66	152.831
1087.79	152.891
1087.92	152.951
1088.06	153.002
1088.19	153.059
1088.32	153.105
1088.46	153.149
1088.59	153.201
1088.72	153.257
1088.79	153.285
1088.92	153.322
1089.06	153.362
1089.19	153.403
1089.33	153.423
1089.46	153.422
1089.59	153.406
1089.73	153.374
1089.86	153.33
1090	153.274
1090.13	153.218
1090.26	153.155
1090.4	153.092
1090.53	153.008
1090.67	152.907
1090.8	152.786
1090.93	152.645
1091.07	152.487
1091.2	152.309
1091.33	152.123
1091.47	151.946
1091.6	151.765
1091.73	151.596
1091.87	151.428
1092	151.269
1092.14	151.134
1092.27	151.009
1092.4	150.889
1092.54	150.774
1092.67	150.664
1092.8	150.559
1092.94	150.452
1093.07	150.348
1093.21	150.242
1093.34	150.136
1093.47	150.041
1093.61	149.96
1093.74	149.904
1093.87	149.875
1094.01	149.87
1094.14	149.886
1094.27	149.92
1094.41	149.973
1094.54	150.024
1094.67	150.084
1094.81	150.159
1094.94	150.247
1095.07	150.347
1095.21	150.462
1095.34	150.575
1095.47	150.7
1095.61	150.847
1095.74	151.003
1095.87	151.173
1096.01	151.363
1096.14	151.563
1096.28	151.791
1096.41	152.047
1096.54	152.316
1096.68	152.58
1096.81	152.835
1096.94	153.081
1097.08	153.323
1097.21	153.578
1097.34	153.815
1097.47	154.049
1097.61	154.277
1097.74	154.492
1097.88	154.694
1098.01	154.868
1098.14	155.021
1098.27	155.155
1098.41	155.276
1098.54	155.371
1098.67	155.454
1098.81	155.507
1098.94	155.527
1099.07	155.517
1099.21	155.475
1099.34	155.404
1099.47	155.304
1099.61	155.173
1099.74	154.997
1099.87	154.806
1100.01	154.599
1100.14	154.374
1100.27	154.127
1100.4	153.859
1100.54	153.579
1100.67	153.291
1100.8	152.991
1100.94	152.693
1101.07	152.396
1101.2	152.104
1101.34	151.83
1101.47	151.576
1101.6	151.358
1101.73	151.165
1101.87	151.01
1102	150.878
1102.13	150.779
1102.27	150.708
1102.4	150.671
1102.53	150.65
1102.67	150.659
1102.8	150.704
1102.93	150.783
1103.06	150.901
1103.2	151.045
1103.33	151.2
1103.46	151.383
1103.6	151.591
1103.73	151.797
1103.86	152.01
1103.99	152.226
1104.13	152.439
1104.26	152.64
1104.39	152.832
1104.53	153.007
1104.66	153.156
1104.79	153.28
1104.92	153.393
1105.06	153.488
1105.19	153.565
1105.32	153.635
1105.45	153.69
1105.59	153.733
1105.72	153.775
1105.85	153.809
1105.98	153.833
1106.12	153.852
1106.25	153.874
1106.38	153.884
1106.52	153.881
1106.65	153.873
1106.78	153.853
1106.91	153.827
1107.05	153.794
1107.18	153.746
1107.31	153.693
1107.44	153.646
1107.58	153.607
1107.71	153.578
1107.84	153.564
1107.97	153.558
1108.11	153.569
1108.24	153.594
1108.37	153.627
1108.5	153.681
1108.64	153.762
1108.77	153.849
1108.9	153.946
1109.03	154.052
1109.17	154.158
1109.3	154.254
1109.43	154.333
1109.56	154.406
1109.7	154.484
1109.83	154.552
1109.96	154.604
1110.09	154.644
1110.22	154.656
1110.36	154.646
1110.49	154.626
1110.62	154.595
1110.75	154.549
1110.89	154.491
1111.02	154.408
1111.15	154.306
1111.28	154.197
1111.42	154.075
1111.55	153.954
1111.68	153.818
1111.81	153.661
1111.94	153.49
1112.08	153.322
1112.21	153.16
1112.34	153.009
1112.47	152.845
1112.6	152.674
1112.74	152.498
1112.87	152.322
1113	152.152
1113.13	151.982
1113.27	151.834
1113.4	151.687
1113.53	151.556
1113.66	151.428
1113.79	151.305
1113.93	151.165
1114.06	151.03
1114.19	150.897
1114.32	150.772
1114.45	150.656
1114.59	150.524
1114.72	150.402
1114.85	150.295
1114.98	150.176
1115.11	150.046
1115.25	149.924
1115.38	149.804
1115.51	149.684
1115.64	149.552
1115.77	149.424
1115.91	149.303
1116.03	149.184
1116.16	149.055
1116.3	148.923
1116.43	148.773
1116.56	148.607
1116.7	148.437
1116.83	148.266
1116.96	148.115
1117.09	147.984
1117.23	147.86
1117.36	147.752
1117.49	147.664
1117.62	147.607
1117.76	147.581
1117.89	147.592
1118.02	147.637
1118.15	147.712
1118.29	147.818
1118.42	147.956
1118.55	148.112
1118.68	148.297
1118.82	148.512
1118.95	148.749
1119.08	149.004
1119.21	149.287
1119.35	149.593
1119.48	149.918
1119.61	150.241
1119.74	150.565
1119.88	150.903
1120.01	151.249
1120.14	151.587
1120.27	151.924
1120.41	152.259
1120.54	152.572
1120.67	152.856
1120.8	153.113
1120.94	153.348
1121.07	153.571
1121.2	153.759
1121.33	153.904
1121.46	154.008
1121.6	154.061
1121.73	154.074
1121.86	154.059
1121.99	154.015
1122.13	153.943
1122.26	153.854
1122.39	153.735
1122.52	153.597
1122.66	153.452
1122.79	153.317
1122.92	153.178
1123.05	153.026
1123.18	152.866
1123.32	152.712
1123.45	152.574
1123.58	152.45
1123.71	152.333
1123.84	152.213
1123.98	152.106
1124.11	152
1124.24	151.905
1124.37	151.822
1124.5	151.763
1124.64	151.722
1124.77	151.702
1124.9	151.711
1125.03	151.73
1125.16	151.756
1125.3	151.788
1125.43	151.847
1125.56	151.932
1125.69	152.031
1125.82	152.129
1125.96	152.234
1126.09	152.362
1126.22	152.488
1126.35	152.611
1126.48	152.746
1126.62	152.881
1126.75	153.013
1126.88	153.133
1127.01	153.237
1127.14	153.356
1127.28	153.48
1127.41	153.586
1127.54	153.678
1127.67	153.753
1127.8	153.8
1127.94	153.835
1128.07	153.87
1128.2	153.903
1128.33	153.938
1128.46	153.962
1128.59	153.968
1128.73	153.961
1128.86	153.945
1128.99	153.93
1129.12	153.928
1129.25	153.925
1129.38	153.913
1129.52	153.893
1129.65	153.87
1129.78	153.845
1129.91	153.815
1130.04	153.786
1130.17	153.758
1130.31	153.716
1130.44	153.662
1130.57	153.599
1130.7	153.529
1130.83	153.451
1130.96	153.345
1131.1	153.218
1131.23	153.083
1131.36	152.95
1131.49	152.809
1131.62	152.67
1131.75	152.533
1131.89	152.39
1132.02	152.259
1132.15	152.155
1132.28	152.08
1132.41	152.048
1132.54	152.038
1132.67	152.048
1132.81	152.077
1132.94	152.117
1133.07	152.179
1133.2	152.267
1133.33	152.38
1133.46	152.502
1133.59	152.63
1133.73	152.759
1133.86	152.899
1133.99	153.069
1134.12	153.246
1134.25	153.418
1134.38	153.608
1134.51	153.797
1134.64	153.979
1134.78	154.154
1134.91	154.324
1135.04	154.489
1135.17	154.654
1135.3	154.813
1135.43	154.953
1135.56	155.078
1135.69	155.191
1135.83	155.292
1135.96	155.356
1136.09	155.399
1136.22	155.411
1136.35	155.376
1136.48	155.302
1136.61	155.205
1136.74	155.086
1136.88	154.941
1137.01	154.757
1137.14	154.535
1137.27	154.292
1137.4	154.033
1137.53	153.757
1137.66	153.476
1137.79	153.21
1137.92	152.958
1138.06	152.735
1138.19	152.533
1138.32	152.347
1138.45	152.215
1138.58	152.119
1138.71	152.047
1138.84	151.998
1138.97	151.969
1139.1	151.967
1139.23	152.007
1139.37	152.069
1139.5	152.132
1139.63	152.202
1139.76	152.274
1139.89	152.333
1140.02	152.389
1140.15	152.428
1140.28	152.457
1140.41	152.483
1140.54	152.491
1140.67	152.471
1140.81	152.436
1140.94	152.395
1141.07	152.349
1141.2	152.296
1141.33	152.223
1141.46	152.137
1141.59	152.041
1141.72	151.922
1141.85	151.794
1141.98	151.669
1142.11	151.543
1142.24	151.399
1142.37	151.237
1142.51	151.063
1142.55	151.016
1142.68	150.805
1142.81	150.586
1142.94	150.365
1143.08	150.135
1143.21	149.927
1143.34	149.75
1143.47	149.591
1143.6	149.462
1143.73	149.357
1143.86	149.287
1144	149.256
1144.13	149.268
1144.26	149.331
1144.39	149.44
1144.52	149.588
1144.65	149.762
1144.78	149.953
1144.92	150.171
1145.05	150.421
1145.18	150.708
1145.31	151.002
1145.44	151.315
1145.57	151.646
1145.7	151.954
1145.83	152.251
1145.97	152.535
1146.1	152.798
1146.23	153.044
1146.36	153.277
1146.49	153.491
1146.62	153.679
1146.75	153.841
1146.88	153.985
1147.02	154.113
1147.15	154.216
1147.28	154.301
1147.41	154.374
1147.54	154.436
1147.67	154.498
1147.8	154.553
1147.93	154.599
1148.06	154.637
1148.19	154.658
1148.33	154.673
1148.46	154.659
1148.59	154.618
1148.72	154.547
1148.85	154.461
1148.98	154.376
1149.11	154.278
1149.24	154.162
1149.37	154.024
1149.51	153.87
1149.64	153.736
1149.77	153.589
1149.9	153.436
1150.03	153.294
1150.16	153.166
1150.29	153.059
1150.42	152.972
1150.55	152.89
1150.68	152.807
1150.81	152.733
1150.95	152.67
1151.08	152.612
1151.21	152.562
1151.34	152.493
1151.47	152.421
1151.6	152.354
1151.73	152.274
1151.86	152.171
1151.99	152.08
1152.12	151.997
1152.25	151.916
1152.38	151.851
1152.52	151.796
1152.65	151.761
1152.78	151.733
1152.91	151.698
1153.04	151.676
1153.17	151.679
1153.3	151.706
1153.43	151.735
1153.56	151.772
1153.69	151.808
1153.82	151.844
1153.95	151.89
1154.08	151.939
1154.21	151.985
1154.34	152.022
1154.48	152.071
1154.61	152.12
1154.74	152.148
1154.87	152.169
1155	152.189
1155.13	152.21
1155.26	152.232
1155.39	152.243
1155.52	152.239
1155.65	152.218
1155.78	152.175
1155.91	152.11
1156.04	152.011
1156.17	151.892
1156.3	151.771
1156.43	151.643
1156.56	151.511
1156.69	151.386
1156.82	151.262
1156.96	151.129
1157.09	151.016
1157.22	150.919
1157.35	150.846
1157.48	150.8
1157.61	150.78
1157.74	150.766
1157.87	150.762
1158	150.765
1158.13	150.782
1158.26	150.812
1158.39	150.838
1158.52	150.872
1158.65	150.927
1158.78	150.992
1158.91	151.07
1159.04	151.149
1159.17	151.256
1159.3	151.388
1159.43	151.536
1159.56	151.67
1159.69	151.8
1159.82	151.939
1159.95	152.082
1160.08	152.246
1160.21	152.413
1160.34	152.579
1160.47	152.738
1160.6	152.888
1160.73	153.026
1160.86	153.161
1160.99	153.276
1161.12	153.396
1161.25	153.532
1161.38	153.664
1161.51	153.795
1161.64	153.923
1161.77	154.046
1161.9	154.164
1162.03	154.282
1162.16	154.414
1162.29	154.561
1162.42	154.701
1162.55	154.821
1162.68	154.938
1162.81	155.031
1162.94	155.09
1163.07	155.114
1163.2	155.14
1163.33	155.15
1163.46	155.162
1163.59	155.183
1163.72	155.189
1163.85	155.179
1163.98	155.133
1164.11	155.056
1164.24	154.943
1164.37	154.81
1164.5	154.655
1164.63	154.473
1164.76	154.266
1164.89	154.025
1165.02	153.762
1165.15	153.472
1165.28	153.141
1165.41	152.779
1165.54	152.402
1165.67	152.01
1165.8	151.618
1165.93	151.217
1166.06	150.834
1166.19	150.482
1166.32	150.159
1166.45	149.864
1166.58	149.604
1166.71	149.394
1166.84	149.238
1166.97	149.125
1167.1	149.063
1167.23	149.039
1167.36	149.067
1167.49	149.144
1167.62	149.26
1167.75	149.419
1167.88	149.608
1168.01	149.815
1168.14	150.035
1168.27	150.293
1168.39	150.58
1168.49	150.792
1168.62	151.119
1168.75	151.449
1168.88	151.774
1169.01	152.097
1169.14	152.403
1169.27	152.692
1169.4	152.947
1169.53	153.159
1169.66	153.339
1169.79	153.486
1169.92	153.575
1170.05	153.624
1170.18	153.626
1170.31	153.601
1170.44	153.538
1170.57	153.429
1170.7	153.265
1170.83	153.077
1170.96	152.868
1171.09	152.64
1171.22	152.418
1171.35	152.177
1171.48	151.944
1171.61	151.72
1171.74	151.487
1171.87	151.273
1172	151.085
1172.13	150.945
1172.26	150.852
1172.39	150.811
1172.52	150.8
1172.65	150.831
1172.78	150.894
1172.91	150.998
1173.04	151.144
1173.17	151.327
1173.3	151.548
1173.43	151.813
1173.56	152.09
1173.69	152.375
1173.82	152.67
1173.95	152.941
1174.08	153.181
1174.21	153.39
1174.34	153.584
1174.47	153.743
1174.6	153.881
1174.73	153.983
1174.86	154.043
1174.99	154.068
1175.12	154.036
1175.25	153.958
1175.38	153.83
1175.51	153.661
1175.64	153.457
1175.77	153.218
1175.9	152.947
1176.03	152.664
1176.16	152.386
1176.29	152.099
1176.42	151.81
1176.55	151.534
1176.68	151.287
1176.81	151.063
1176.94	150.87
1177.07	150.691
1177.2	150.549
1177.33	150.437
1177.46	150.355
1177.59	150.289
1177.72	150.264
1177.85	150.282
1177.98	150.331
1178.11	150.405
1178.24	150.512
1178.37	150.653
1178.5	150.822
1178.63	151.008
1178.75	151.2
1178.88	151.386
1179.01	151.561
1179.14	151.712
1179.27	151.832
1179.4	151.942
1179.53	152.04
1179.66	152.119
1179.79	152.177
1179.92	152.204
1180.05	152.2
1180.18	152.165
1180.31	152.103
1180.44	152.023
1180.57	151.904
1180.7	151.747
1180.83	151.579
1180.96	151.402
1181.09	151.232
1181.22	151.073
1181.35	150.921
1181.48	150.787
1181.6	150.669
1181.73	150.564
1181.86	150.49
1181.99	150.463
1182.12	150.472
1182.25	150.515
1182.38	150.6
1182.51	150.706
1182.64	150.847
1182.77	151.028
1182.9	151.213
1183.03	151.437
1183.16	151.683
1183.29	151.964
1183.41	152.242
1183.54	152.521
1183.67	152.78
1183.8	153.043
1183.93	153.304
1184.06	153.56
1184.19	153.791
1184.32	153.991
1184.45	154.173
1184.58	154.342
1184.71	154.487
1184.84	154.608
1184.97	154.706
1185.09	154.763
1185.22	154.784
1185.35	154.779
1185.48	154.752
1185.61	154.707
1185.74	154.645
1185.87	154.579
1186	154.51
1186.13	154.439
1186.26	154.337
1186.39	154.206
1186.51	154.042
1186.64	153.83
1186.77	153.592
1186.9	153.326
1187.03	153.037
1187.16	152.743
1187.29	152.439
1187.42	152.115
1187.55	151.797
1187.68	151.483
1187.8	151.166
1187.93	150.855
1188.06	150.55
1188.19	150.253
1188.32	149.971
1188.45	149.703
1188.58	149.449
1188.71	149.189
1188.84	148.961
1188.96	148.753
1189.09	148.563
1189.22	148.394
1189.35	148.252
1189.48	148.139
1189.61	148.05
1189.74	147.988
1189.87	147.939
1189.99	147.904
1190.12	147.886
1190.25	147.887
1190.38	147.905
1190.51	147.959
1190.64	148.037
1190.77	148.139
1190.9	148.268
1191.02	148.415
1191.15	148.574
1191.28	148.746
1191.41	148.934
1191.54	149.118
1191.67	149.275
1191.8	149.416
1191.92	149.561
1192.05	149.717
1192.18	149.88
1192.31	150.017
1192.44	150.121
1192.57	150.194
1192.7	150.232
1192.83	150.25
1192.95	150.264
1193.08	150.255
1193.21	150.224
1193.34	150.172
1193.47	150.11
1193.6	150.033
1193.72	149.964
1193.85	149.915
1193.98	149.876
1194.11	149.857
1194.24	149.833
1194.37	149.835
1194.5	149.827
1194.62	149.83
1194.75	149.856
1194.88	149.931
1195.01	150.034
1195.14	150.151
1195.27	150.275
1195.4	150.41
1195.52	150.569
1195.54	150.598
1195.67	150.766
1195.8	150.944
1195.93	151.131
1196.06	151.323
1196.19	151.519
1196.32	151.725
1196.45	151.924
1196.58	152.119
1196.7	152.305
1196.83	152.504
1196.96	152.695
1197.09	152.879
1197.22	153.017
1197.35	153.112
1197.48	153.168
1197.61	153.176
1197.74	153.157
1197.87	153.104
1197.99	153.021
1198.12	152.912
1198.25	152.783
1198.38	152.63
1198.51	152.473
1198.64	152.285
1198.77	152.087
1198.9	151.891
1199.03	151.687
1199.15	151.482
1199.28	151.282
1199.41	151.097
1199.54	150.926
1199.67	150.77
1199.8	150.658
1199.93	150.582
1200.06	150.536
1200.19	150.507
1200.31	150.49
1200.44	150.496
1200.57	150.523
1200.7	150.581
1200.83	150.655
1200.96	150.755
1201.09	150.878
1201.22	150.995
1201.34	151.114
1201.47	151.24
1201.6	151.354
1201.73	151.469
1201.86	151.58
1201.99	151.686
1202.12	151.778
1202.24	151.874
1202.37	151.963
1202.5	152.016
1202.63	152.034
1202.76	152.029
1202.89	152.013
1203.02	151.989
1203.15	151.95
1203.27	151.878
1203.4	151.776
1203.53	151.657
1203.66	151.53
1203.79	151.405
1203.92	151.277
1204.04	151.131
1204.17	150.979
1204.3	150.829
1204.43	150.689
1204.56	150.562
1204.69	150.474
1204.82	150.419
1204.94	150.396
1205.07	150.39
1205.2	150.401
1205.33	150.437
1205.46	150.48
1205.59	150.545
1205.71	150.638
1205.84	150.762
1205.97	150.882
1206.1	150.988
1206.23	151.076
1206.36	151.135
1206.48	151.164
1206.61	151.151
1206.74	151.103
1206.87	151.021
1207	150.911
1207.13	150.786
1207.25	150.652
1207.38	150.497
1207.51	150.311
1207.64	150.12
1207.77	149.934
1207.9	149.758
1208.02	149.59
1208.15	149.436
1208.28	149.291
1208.41	149.167
1208.54	149.055
1208.67	148.961
1208.79	148.889
1208.92	148.837
1209.05	148.819
1209.18	148.836
1209.31	148.895
1209.43	148.98
1209.56	149.105
1209.69	149.241
1209.82	149.411
1209.95	149.59
1210.07	149.76
1210.2	149.92
1210.33	150.072
1210.46	150.22
1210.59	150.364
1210.71	150.505
1210.84	150.643
1210.97	150.769
1211.1	150.855
1211.23	150.891
1211.35	150.884
1211.48	150.84
1211.61	150.753
1211.74	150.636
1211.87	150.483
1211.99	150.3
1212.12	150.092
1212.25	149.855
1212.38	149.588
1212.51	149.299
1212.63	148.991
1212.76	148.678
1212.89	148.368
1213.02	148.091
1213.14	147.855
1213.27	147.669
1213.4	147.522
1213.53	147.416
1213.66	147.353
1213.78	147.332
1213.91	147.361
1214.04	147.442
1214.17	147.588
1214.29	147.793
1214.42	148.059
1214.55	148.385
1214.68	148.763
1214.81	149.183
1214.93	149.618
1215.06	150.059
1215.19	150.51
1215.32	150.959
1215.44	151.39
1215.57	151.792
1215.7	152.171
1215.83	152.497
1215.95	152.804
1216.08	153.03
1216.21	153.171
1216.34	153.231
1216.46	153.224
1216.59	153.153
1216.72	153.032
1216.85	152.867
1216.97	152.653
1217.1	152.39
1217.23	152.086
1217.36	151.753
1217.49	151.397
1217.61	151.019
1217.74	150.619
1217.87	150.204
1217.99	149.81
1218.12	149.431
1218.25	149.089
1218.38	148.766
1218.5	148.479
1218.63	148.239
1218.76	148.057
1218.89	147.919
1219.01	147.819
1219.14	147.771
1219.27	147.781
1219.4	147.845
1219.52	147.941
1219.65	148.081
1219.78	148.247
1219.91	148.439
1220.03	148.663
1220.16	148.918
1220.29	149.189
1220.41	149.475
1220.54	149.78
1220.67	150.085
1220.8	150.412
1220.92	150.722
1221.05	151.019
1221.18	151.295
1221.3	151.55
1221.34	151.621
1221.46	151.86
1221.59	152.085
1221.72	152.301
1221.85	152.495
1221.98	152.658
1222.1	152.793
1222.23	152.897
1222.36	152.967
1222.49	152.995
1222.62	153.001
1222.74	152.98
1222.87	152.939
1223	152.874
1223.13	152.791
1223.26	152.69
1223.38	152.583
1223.51	152.464
1223.64	152.334
1223.77	152.202
1223.89	152.096
1224.02	152.013
1224.15	151.936
1224.28	151.868
1224.41	151.8
1224.53	151.706
1224.66	151.587
1224.79	151.446
1224.92	151.292
1225.04	151.148
1225.17	150.997
1225.3	150.84
1225.43	150.675
1225.56	150.511
1225.68	150.344
1225.81	150.176
1225.94	150.012
1226.07	149.864
1226.19	149.721
1226.32	149.587
1226.45	149.466
1226.58	149.363
1226.7	149.273
1226.83	149.209
1226.96	149.169
1227.09	149.144
1227.21	149.143
1227.34	149.155
1227.47	149.168
1227.6	149.195
1227.72	149.24
1227.85	149.311
1227.98	149.398
1228.11	149.512
1228.23	149.647
1228.36	149.794
1228.49	149.934
1228.62	150.066
1228.74	150.196
1228.87	150.325
1229	150.447
1229.13	150.585
1229.25	150.725
1229.38	150.862
1229.51	150.998
1229.64	151.141
1229.76	151.264
1229.89	151.369
1230.02	151.48
1230.15	151.59
1230.27	151.703
1230.4	151.799
1230.53	151.898
1230.66	151.994
1230.78	152.08
1230.91	152.156
1231.04	152.217
1231.17	152.251
1231.29	152.273
1231.42	152.283
1231.55	152.277
1231.67	152.267
1231.8	152.238
1231.93	152.202
1232.06	152.161
1232.18	152.111
1232.31	152.055
1232.44	152.008
1232.56	151.971
1232.69	151.951
1232.82	151.935
1232.95	151.935
1233.07	151.959
1233.2	151.994
1233.33	152.029
1233.45	152.058
1233.58	152.093
1233.71	152.121
1233.84	152.146
1233.96	152.163
1234.09	152.176
1234.22	152.177
1234.34	152.17
1234.47	152.141
1234.6	152.092
1234.72	152.042
1234.85	152.02
1234.98	152.008
1235.11	151.981
1235.23	151.949
1235.36	151.896
1235.49	151.823
1235.61	151.747
1235.74	151.655
1235.87	151.566
1235.99	151.475
1236.12	151.371
1236.25	151.266
1236.37	151.168
1236.5	151.078
1236.63	150.995
1236.76	150.924
1236.88	150.86
1237.01	150.807
1237.14	150.772
1237.26	150.75
1237.39	150.721
1237.52	150.702
1237.64	150.702
1237.77	150.738
1237.9	150.808
1238.02	150.894
1238.15	150.992
1238.28	151.076
1238.4	151.162
1238.53	151.262
1238.66	151.373
1238.78	151.503
1238.91	151.648
1239.04	151.806
1239.16	151.972
1239.29	152.135
1239.42	152.297
1239.54	152.46
1239.67	152.611
1239.8	152.75
1239.92	152.893
1240.05	153.031
1240.18	153.152
1240.3	153.254
1240.43	153.344
1240.56	153.433
1240.68	153.501
1240.81	153.551
1240.94	153.587
1241.06	153.608
1241.19	153.626
1241.32	153.643
1241.44	153.666
1241.57	153.696
1241.7	153.717
1241.82	153.74
1241.95	153.766
1242.08	153.802
1242.2	153.839
1242.33	153.865
1242.45	153.894
1242.58	153.919
1242.71	153.95
1242.83	153.993
1242.96	154.036
1243.09	154.063
1243.21	154.068
1243.34	154.066
1243.47	154.038
1243.59	153.996
1243.72	153.934
1243.84	153.862
1243.97	153.787
1244.1	153.703
1244.22	153.601
1244.35	153.498
1244.48	153.391
1244.6	153.279
1244.73	153.179
1244.85	153.077
1244.98	152.967
1245.11	152.845
1245.23	152.727
1245.36	152.618
1245.49	152.525
1245.61	152.461
1245.74	152.436
1245.86	152.427
1245.99	152.434
1246.12	152.463
1246.24	152.506
1246.37	152.582
1246.5	152.699
1246.62	152.825
1246.75	152.977
1246.87	153.132
1247	153.297
1247.13	153.476
1247.25	153.65
1247.38	153.803
1247.5	153.947
1247.63	154.088
1247.66	154.095
1247.79	154.235
1247.91	154.373
1248.04	154.488
1248.17	154.572
1248.29	154.647
1248.42	154.701
1248.55	154.742
1248.67	154.764
1248.8	154.756
1248.93	154.713
1249.05	154.636
1249.18	154.552
1249.31	154.436
1249.43	154.292
1249.56	154.128
1249.69	153.949
1249.82	153.754
1249.94	153.553
1250.07	153.353
1250.2	153.167
1250.32	152.998
1250.45	152.844
1250.58	152.712
1250.7	152.598
1250.83	152.498
1250.96	152.429
1251.08	152.397
1251.21	152.399
1251.33	152.454
1251.46	152.525
1251.59	152.617
1251.71	152.731
1251.84	152.869
1251.97	153.028
1252.09	153.193
1252.22	153.344
1252.35	153.489
1252.47	153.617
1252.6	153.751
1252.73	153.882
1252.85	154.005
1252.98	154.105
1253.11	154.195
1253.23	154.284
1253.36	154.374
1253.49	154.48
1253.61	154.596
1253.74	154.708
1253.86	154.815
1253.99	154.93
1254.12	155.054
1254.24	155.164
1254.37	155.273
1254.5	155.37
1254.62	155.462
1254.75	155.556
1254.88	155.651
1255	155.751
1255.13	155.868
1255.25	155.985
1255.38	156.114
1255.51	156.26
1255.63	156.394
1255.76	156.524
1255.89	156.642
1256.01	156.765
1256.14	156.882
1256.26	156.981
1256.39	157.068
1256.52	157.15
1256.64	157.214
1256.77	157.259
1256.89	157.281
1257.02	157.281
1257.15	157.271
1257.27	157.253
1257.4	157.21
1257.53	157.156
1257.65	157.082
1257.78	156.988
1257.9	156.873
1258.03	156.728
1258.16	156.553
1258.28	156.367
1258.41	156.172
1258.53	155.965
1258.66	155.739
1258.79	155.527
1258.91	155.325
1259.04	155.12
1259.16	154.936
1259.29	154.76
1259.42	154.606
1259.54	154.473
1259.67	154.365
1259.79	154.277
1259.92	154.229
1260.05	154.208
1260.17	154.2
1260.3	154.226
1260.42	154.272
1260.55	154.338
1260.67	154.417
1260.8	154.517
1260.93	154.619
1261.05	154.72
1261.18	154.811
1261.3	154.881
1261.43	154.927
1261.56	154.951
1261.68	154.962
1261.81	154.962
1261.93	154.951
1262.06	154.924
1262.18	154.9
1262.31	154.858
1262.44	154.816
1262.56	154.769
1262.69	154.719
1262.81	154.656
1262.94	154.566
1263.06	154.454
1263.19	154.334
1263.32	154.207
1263.44	154.085
1263.57	153.953
1263.69	153.828
1263.82	153.714
1263.94	153.609
1264.07	153.507
1264.2	153.426
1264.32	153.37
1264.45	153.345
1264.57	153.35
1264.7	153.396
1264.82	153.481
1264.95	153.582
1265.07	153.696
1265.2	153.824
1265.33	153.96
1265.45	154.1
1265.58	154.248
1265.7	154.407
1265.83	154.571
1265.95	154.739
1266.08	154.897
1266.2	155.063
1266.33	155.229
1266.45	155.387
1266.58	155.536
1266.71	155.67
1266.83	155.795
1266.96	155.897
1267.08	155.97
1267.21	156.041
1267.33	156.111
1267.46	156.164
1267.58	156.209
1267.71	156.245
1267.83	156.272
1267.96	156.292
1268.08	156.309
1268.21	156.319
1268.33	156.328
1268.46	156.34
1268.59	156.364
1268.71	156.411
1268.84	156.478
1268.96	156.557
1269.09	156.649
1269.21	156.746
1269.34	156.846
1269.46	156.947
1269.59	157.079
1269.71	157.221
1269.84	157.355
1269.96	157.5
1270.09	157.639
1270.21	157.768
1270.34	157.877
1270.46	157.958
1270.59	158.011
1270.71	158.049
1270.84	158.071
1270.96	158.088
1271.09	158.097
1271.21	158.088
1271.34	158.062
1271.46	158.013
1271.59	157.946
1271.71	157.837
1271.84	157.69
1271.96	157.498
1272.09	157.285
1272.21	157.044
1272.34	156.779
1272.46	156.495
1272.59	156.191
1272.71	155.883
1272.84	155.565
1272.96	155.253
1273.09	154.947
1273.21	154.663
1273.34	154.4
1273.46	154.16
1273.59	153.934
1273.71	153.729
1273.84	153.545
1273.96	153.382
1274.08	153.249
1274.2	153.121
1274.33	153.013
1274.46	152.95
1274.58	152.897
1274.71	152.851
1274.83	152.817
1274.96	152.811
1275.08	152.834
1275.21	152.893
1275.33	152.975
1275.46	153.087
1275.59	153.22
1275.71	153.364
1275.84	153.521
1275.96	153.689
1276.09	153.869
1276.21	154.05
1276.34	154.245
1276.46	154.444
1276.59	154.644
1276.72	154.836
1276.84	155.022
1276.97	155.213
1277.09	155.4
1277.22	155.589
1277.34	155.764
1277.47	155.925
1277.59	156.07
1277.72	156.194
1277.84	156.293
1277.97	156.389
1278.09	156.461
1278.22	156.512
1278.35	156.555
1278.47	156.587
1278.6	156.607
1278.72	156.604
1278.85	156.579
1278.97	156.531
1279.1	156.46
1279.22	156.382
1279.35	156.31
1279.47	156.251
1279.6	156.182
1279.72	156.115
1279.85	156.04
1279.97	155.955
1280.1	155.882
1280.22	155.813
1280.35	155.764
1280.48	155.713
1280.6	155.655
1280.72	155.607
1280.85	155.56
1280.98	155.508
1281.1	155.445
1281.23	155.359
1281.35	155.26
1281.48	155.178
1281.6	155.116
1281.73	155.066
1281.85	155.021
1281.98	154.99
1282.1	154.962
1282.23	154.943
1282.35	154.946
1282.48	154.962
1282.6	154.996
1282.73	155.041
1282.85	155.111
1282.98	155.185
1283.1	155.27
1283.23	155.368
1283.35	155.473
1283.48	155.584
1283.6	155.693
1283.73	155.808
1283.85	155.934
1283.98	156.069
1284.1	156.221
1284.23	156.384
1284.35	156.558
1284.48	156.742
1284.6	156.935
1284.73	157.126
1284.85	157.313
1284.98	157.505
1285.1	157.707
1285.22	157.925
1285.35	158.12
1285.47	158.308
1285.6	158.499
1285.72	158.692
1285.85	158.887
1285.97	159.072
1286.1	159.239
1286.22	159.397
1286.35	159.533
1286.47	159.63
1286.6	159.699
1286.72	159.749
1286.85	159.763
1286.97	159.753
1287.1	159.723
1287.22	159.666
1287.35	159.577
1287.47	159.451
1287.59	159.309
1287.72	159.157
1287.84	158.99
1287.97	158.823
1288.09	158.649
1288.22	158.477
1288.34	158.291
1288.47	158.107
1288.59	157.924
1288.72	157.754
1288.84	157.588
1288.96	157.45
1289.09	157.347
1289.21	157.286
1289.34	157.257
1289.46	157.254
1289.59	157.278
1289.71	157.311
1289.84	157.362
1289.96	157.444
1290.09	157.549
1290.21	157.678
1290.33	157.825
1290.46	157.997
1290.58	158.178
1290.71	158.379
1290.83	158.612
1290.96	158.856
1291.08	159.122
1291.2	159.385
1291.33	159.651
1291.45	159.93
1291.58	160.212
1291.7	160.484
1291.83	160.731
1291.95	160.952
1292.08	161.168
1292.2	161.391
1292.32	161.596
1292.45	161.762
1292.57	161.883
1292.7	161.958
1292.82	161.988
1292.95	161.983
1293.07	161.942
1293.19	161.861
1293.32	161.733
1293.44	161.55
1293.57	161.325
1293.69	161.059
1293.81	160.767
1293.94	160.459
1294.06	160.129
1294.19	159.783
1294.31	159.419
1294.44	159.045
1294.56	158.665
1294.68	158.291
1294.81	157.929
1294.93	157.578
1295.06	157.246
1295.18	156.928
1295.3	156.64
1295.43	156.362
1295.55	156.106
1295.68	155.876
1295.8	155.68
1295.92	155.512
1296.05	155.354
1296.17	155.231
1296.3	155.154
1296.42	155.126
1296.54	155.144
1296.67	155.198
1296.79	155.3
1296.92	155.443
1297.04	155.615
1297.16	155.813
1297.29	156.051
1297.41	156.32
1297.54	156.602
1297.66	156.927
1297.78	157.285
1297.91	157.664
1298.03	158.049
1298.16	158.431
1298.28	158.832
1298.4	159.228
1298.53	159.606
1298.65	159.965
1298.77	160.303
1298.9	160.589
1299.02	160.814
1299.15	161.001
1299.27	161.143
1299.39	161.237
1299.52	161.286
1299.64	161.31
1299.76	161.32
1299.89	161.316
1299.97	161.308
1300.09	161.264
1300.22	161.198
1300.34	161.095
1300.46	160.987
1300.59	160.867
1300.71	160.72
1300.84	160.566
1300.96	160.412
1301.09	160.254
1301.21	160.103
1301.34	159.969
1301.46	159.851
1301.58	159.748
1301.71	159.661
1301.83	159.579
1301.96	159.503
1302.08	159.438
1302.21	159.372
1302.33	159.301
1302.45	159.238
1302.58	159.203
1302.7	159.206
1302.83	159.232
1302.95	159.271
1303.08	159.31
1303.2	159.36
1303.32	159.416
1303.45	159.476
1303.57	159.523
1303.7	159.561
1303.82	159.596
1303.94	159.61
1304.07	159.602
1304.19	159.569
1304.32	159.513
1304.44	159.444
1304.57	159.36
1304.69	159.25
1304.81	159.098
1304.94	158.913
1305.06	158.709
1305.19	158.49
1305.31	158.263
1305.43	158.013
1305.56	157.758
1305.68	157.497
1305.81	157.231
1305.93	156.969
1306.05	156.709
1306.18	156.454
1306.3	156.219
1306.43	155.994
1306.55	155.776
1306.67	155.567
1306.8	155.379
1306.92	155.197
1307.05	155.03
1307.17	154.872
1307.29	154.737
1307.42	154.619
1307.54	154.516
1307.67	154.425
1307.79	154.35
1307.91	154.288
1308.04	154.236
1308.16	154.2
1308.29	154.192
1308.41	154.203
1308.53	154.228
1308.66	154.28
1308.78	154.359
1308.9	154.473
1309.03	154.593
1309.15	154.718
1309.28	154.843
1309.4	154.961
1309.52	155.043
1309.65	155.114
1309.77	155.169
1309.9	155.199
1310.02	155.205
1310.14	155.194
1310.27	155.189
1310.39	155.174
1310.51	155.136
1310.64	155.076
1310.76	155.01
1310.88	154.936
1311.01	154.84
1311.13	154.743
1311.26	154.632
1311.38	154.508
1311.5	154.381
1311.63	154.258
1311.75	154.156
1311.87	154.082
1312	154.03
1312.12	153.992
1312.24	153.984
1312.37	154.001
1312.49	154.042
1312.61	154.09
1312.74	154.144
1312.86	154.215
1312.99	154.307
1313.11	154.43
1313.23	154.584
1313.36	154.76
1313.48	154.952
1313.6	155.172
1313.73	155.401
1313.85	155.635
1313.97	155.853
1314.1	156.05
1314.22	156.229
1314.34	156.416
1314.47	156.603
1314.59	156.766
1314.71	156.921
1314.84	157.051
1314.96	157.161
1315.08	157.252
1315.21	157.316
1315.33	157.343
1315.45	157.33
1315.58	157.309
1315.7	157.28
1315.82	157.234
1315.95	157.17
1316.07	157.085
1316.19	156.988
1316.32	156.87
1316.44	156.737
1316.56	156.591
1316.69	156.443
1316.81	156.301
1316.93	156.182
1317.06	156.084
1317.18	155.996
1317.3	155.923
1317.43	155.853
1317.55	155.787
1317.67	155.732
1317.79	155.684
1317.92	155.643
1318.04	155.612
1318.16	155.586
1318.29	155.563
1318.41	155.542
1318.53	155.52
1318.66	155.504
1318.78	155.487
1318.9	155.461
1319.03	155.422
1319.15	155.392
1319.27	155.384
1319.4	155.397
1319.52	155.422
1319.64	155.457
1319.76	155.507
1319.89	155.556
1320.01	155.608
1320.13	155.675
1320.26	155.761
1320.38	155.86
1320.5	155.974
1320.63	156.128
1320.75	156.303
1320.87	156.517
1320.99	156.74
1321.12	156.962
1321.24	157.198
1321.36	157.452
1321.48	157.701
1321.61	157.952
1321.73	158.202
1321.85	158.456
1321.98	158.703
1322.1	158.932
1322.22	159.142
1322.35	159.342
1322.47	159.503
1322.59	159.624
1322.71	159.7
1322.84	159.749
1322.96	159.752
1323.08	159.705
1323.2	159.597
1323.33	159.442
1323.45	159.25
1323.57	159.009
1323.7	158.74
1323.82	158.447
1323.94	158.135
1324.06	157.808
1324.19	157.472
1324.31	157.111
1324.43	156.729
1324.55	156.327
1324.68	155.918
1324.8	155.519
1324.92	155.137
1325.04	154.759
1325.14	154.463
1325.27	154.131
1325.39	153.824
1325.51	153.546
1325.64	153.298
1325.76	153.087
1325.88	152.916
1326.01	152.792
1326.13	152.721
1326.25	152.676
1326.38	152.675
1326.5	152.729
1326.62	152.83
1326.75	152.97
1326.87	153.142
1326.99	153.338
1327.12	153.553
1327.24	153.786
1327.36	154.03
1327.49	154.295
1327.61	154.579
1327.73	154.855
1327.86	155.127
1327.98	155.406
1328.1	155.697
1328.22	155.967
1328.35	156.224
1328.47	156.467
1328.59	156.703
1328.72	156.921
1328.84	157.12
1328.96	157.3
1329.09	157.469
1329.21	157.626
1329.33	157.752
1329.46	157.837
1329.58	157.882
1329.7	157.912
1329.82	157.919
1329.95	157.908
1330.07	157.872
1330.19	157.822
1330.32	157.752
1330.44	157.652
1330.56	157.536
1330.69	157.405
1330.81	157.246
1330.93	157.075
1331.05	156.907
1331.18	156.755
1331.3	156.589
1331.42	156.435
1331.55	156.269
1331.67	156.089
1331.79	155.912
1331.91	155.737
1332.04	155.571
1332.16	155.434
1332.28	155.321
1332.41	155.238
1332.53	155.183
1332.65	155.146
1332.77	155.135
1332.9	155.139
1333.02	155.139
1333.14	155.164
1333.27	155.213
1333.39	155.274
1333.51	155.329
1333.63	155.395
1333.76	155.482
1333.88	155.593
1334	155.707
1334.13	155.828
1334.25	155.976
1334.37	156.144
1334.49	156.32
1334.62	156.5
1334.74	156.687
1334.86	156.871
1334.98	157.052
1335.11	157.23
1335.23	157.394
1335.35	157.543
1335.47	157.668
1335.6	157.769
1335.72	157.853
1335.84	157.937
1335.96	158.018
1336.09	158.075
1336.21	158.125
1336.33	158.159
1336.45	158.174
1336.58	158.16
1336.7	158.114
1336.82	158.028
1336.95	157.937
1337.07	157.846
1337.19	157.76
1337.31	157.685
1337.43	157.624
1337.56	157.58
1337.68	157.546
1337.8	157.515
1337.92	157.493
1338.05	157.501
1338.17	157.518
1338.29	157.537
1338.41	157.563
1338.54	157.617
1338.66	157.684
1338.78	157.744
1338.9	157.818
1339.03	157.89
1339.15	157.957
1339.27	158.021
1339.39	158.081
1339.52	158.147
1339.64	158.219
1339.76	158.286
1339.88	158.35
1340	158.406
1340.13	158.451
1340.25	158.486
1340.37	158.514
1340.49	158.546
1340.62	158.589
1340.74	158.636
1340.86	158.683
1340.98	158.722
1341.1	158.757
1341.23	158.778
1341.35	158.795
1341.47	158.83
1341.59	158.87
1341.71	158.908
1341.84	158.934
1341.96	158.973
1342.08	159
1342.2	159.014
1342.33	159.023
1342.45	159.04
1342.57	159.074
1342.69	159.132
1342.81	159.195
1342.94	159.264
1343.06	159.332
1343.18	159.396
1343.3	159.464
1343.42	159.514
1343.55	159.55
1343.67	159.584
1343.79	159.594
1343.91	159.563
1344.03	159.519
1344.16	159.474
1344.28	159.435
1344.4	159.387
1344.52	159.315
1344.64	159.238
1344.77	159.163
1344.89	159.081
1345.01	158.968
1345.13	158.843
1345.25	158.729
1345.37	158.612
1345.5	158.496
1345.62	158.398
1345.74	158.31
1345.86	158.238
1345.98	158.189
1346.11	158.175
1346.23	158.194
1346.35	158.258
1346.47	158.369
1346.59	158.518
1346.71	158.723
1346.84	158.96
1346.96	159.225
1347.08	159.509
1347.2	159.797
1347.32	160.067
1347.45	160.33
1347.57	160.57
1347.69	160.792
1347.81	160.992
1347.93	161.146
1348.05	161.263
1348.18	161.326
1348.3	161.347
1348.42	161.326
1348.54	161.272
1348.66	161.175
1348.78	161.045
1348.9	160.888
1349.03	160.714
1349.15	160.52
1349.27	160.307
1349.39	160.084
1349.51	159.844
1349.63	159.587
1349.76	159.325
1349.88	159.071
1350	158.822
1350.12	158.578
1350.24	158.343
1350.36	158.148
1350.48	157.973
1350.61	157.822
1350.61	157.806
1350.73	157.675
1350.85	157.591
1350.98	157.564
1351.1	157.561
1351.22	157.591
1351.34	157.65
1351.47	157.741
1351.59	157.861
1351.71	158.012
1351.83	158.18
1351.95	158.34
1352.08	158.5
1352.2	158.654
1352.32	158.805
1352.44	158.938
1352.56	159.054
1352.69	159.171
1352.81	159.294
1352.93	159.407
1353.05	159.517
1353.17	159.595
1353.3	159.638
1353.42	159.637
1353.54	159.613
1353.66	159.58
1353.78	159.509
1353.91	159.403
1354.03	159.264
1354.15	159.098
1354.27	158.912
1354.39	158.741
1354.52	158.582
1354.64	158.43
1354.76	158.283
1354.88	158.153
1355	158.062
1355.13	157.994
1355.25	157.935
1355.37	157.872
1355.49	157.831
1355.61	157.811
1355.73	157.781
1355.86	157.755
1355.98	157.735
1356.1	157.706
1356.22	157.671
1356.34	157.626
1356.47	157.57
1356.59	157.501
1356.71	157.422
1356.83	157.337
1356.95	157.241
1357.07	157.141
1357.2	157.037
1357.32	156.932
1357.44	156.831
1357.56	156.728
1357.68	156.621
1357.8	156.532
1357.93	156.444
1358.05	156.363
1358.17	156.284
1358.29	156.19
1358.41	156.096
1358.53	156.007
1358.66	155.939
1358.78	155.897
1358.9	155.89
1359.02	155.907
1359.14	155.932
1359.26	155.984
1359.39	156.065
1359.51	156.164
1359.63	156.294
1359.75	156.458
1359.87	156.651
1359.99	156.864
1360.11	157.093
1360.24	157.343
1360.36	157.598
1360.48	157.846
1360.6	158.101
1360.72	158.372
1360.84	158.629
1360.96	158.869
1361.09	159.098
1361.21	159.318
1361.33	159.542
1361.45	159.754
1361.57	159.941
1361.69	160.113
1361.81	160.272
1361.94	160.421
1362.06	160.561
1362.18	160.686
1362.3	160.77
1362.42	160.804
1362.54	160.804
1362.66	160.767
1362.78	160.691
1362.91	160.587
1363.03	160.469
1363.15	160.359
1363.27	160.234
1363.39	160.105
1363.51	159.979
1363.63	159.833
1363.76	159.682
1363.88	159.517
1364	159.371
1364.12	159.233
1364.24	159.079
1364.36	158.925
1364.48	158.769
1364.6	158.612
1364.72	158.454
1364.85	158.293
1364.97	158.13
1365.09	157.957
1365.21	157.782
1365.33	157.63
1365.45	157.496
1365.57	157.362
1365.69	157.244
1365.81	157.133
1365.94	157.04
1366.06	156.956
1366.18	156.86
1366.3	156.76
1366.42	156.658
1366.54	156.542
1366.66	156.418
1366.78	156.293
1366.9	156.191
1367.02	156.111
1367.15	156.043
1367.27	155.989
1367.39	155.938
1367.51	155.897
1367.63	155.877
1367.75	155.871
1367.87	155.884
1367.99	155.917
1368.11	155.981
1368.23	156.075
1368.35	156.186
1368.48	156.323
1368.6	156.474
1368.72	156.625
1368.84	156.796
1368.96	156.982
1369.08	157.173
1369.2	157.382
1369.32	157.594
1369.44	157.801
1369.56	157.992
1369.68	158.197
1369.8	158.392
1369.92	158.575
1370.05	158.766
1370.17	158.947
1370.29	159.119
1370.41	159.276
1370.53	159.42
1370.65	159.565
1370.77	159.685
1370.89	159.785
1371.01	159.882
1371.13	159.973
1371.25	160.032
1371.37	160.074
1371.49	160.107
1371.61	160.131
1371.73	160.14
1371.86	160.12
1371.98	160.083
1372.1	160.038
1372.22	160.01
1372.34	159.992
1372.46	159.985
1372.58	159.976
1372.7	159.939
1372.82	159.883
1372.94	159.83
1373.06	159.757
1373.18	159.659
1373.3	159.559
1373.42	159.458
1373.54	159.356
1373.66	159.232
1373.78	159.098
1373.9	158.959
1374.02	158.812
1374.15	158.675
1374.27	158.522
1374.39	158.373
1374.51	158.219
1374.55	158.17
1374.68	158.034
1374.8	157.88
1374.92	157.731
1375.04	157.586
1375.16	157.438
1375.28	157.301
1375.4	157.173
1375.52	157.054
1375.65	156.96
1375.77	156.89
1375.89	156.849
1376.01	156.853
1376.13	156.894
1376.25	156.982
1376.37	157.117
1376.49	157.266
1376.61	157.429
1376.73	157.615
1376.86	157.815
1376.98	158.031
1377.1	158.268
1377.22	158.521
1377.34	158.774
1377.46	159.018
1377.58	159.245
1377.7	159.444
1377.82	159.612
1377.94	159.754
1378.06	159.855
1378.19	159.911
1378.31	159.923
1378.43	159.894
1378.55	159.827
1378.67	159.734
1378.79	159.619
1378.91	159.469
1379.03	159.283
1379.15	159.077
1379.27	158.827
1379.39	158.525
1379.52	158.197
1379.64	157.837
1379.76	157.471
1379.88	157.102
1380	156.734
1380.12	156.361
1380.24	155.987
1380.36	155.635
1380.48	155.296
1380.6	154.986
1380.72	154.717
1380.84	154.489
1380.96	154.301
1381.08	154.142
1381.21	154.041
1381.33	153.997
1381.45	153.998
1381.57	154.025
1381.69	154.106
1381.81	154.225
1381.93	154.38
1382.05	154.556
1382.17	154.753
1382.29	154.979
1382.41	155.242
1382.53	155.539
1382.65	155.846
1382.77	156.148
1382.89	156.455
1383.01	156.749
1383.14	157.028
1383.26	157.293
1383.38	157.537
1383.5	157.766
1383.62	157.98
1383.74	158.161
1383.86	158.306
1383.98	158.416
1384.1	158.499
1384.22	158.562
1384.34	158.594
1384.46	158.594
1384.58	158.555
1384.7	158.497
1384.82	158.43
1384.94	158.355
1385.06	158.26
1385.18	158.139
1385.3	158.024
1385.42	157.902
1385.54	157.765
1385.66	157.623
1385.78	157.488
1385.91	157.348
1386.03	157.203
1386.15	157.056
1386.27	156.909
1386.39	156.78
1386.51	156.673
1386.63	156.597
1386.75	156.563
1386.87	156.557
1386.99	156.593
1387.11	156.686
1387.23	156.83
1387.35	157.022
1387.47	157.255
1387.59	157.518
1387.71	157.808
1387.83	158.116
1387.95	158.443
1388.07	158.782
1388.19	159.126
1388.31	159.472
1388.43	159.801
1388.55	160.102
1388.67	160.37
1388.79	160.601
1388.91	160.819
1389.03	161.025
1389.15	161.211
1389.27	161.373
1389.39	161.513
1389.51	161.636
1389.63	161.711
1389.75	161.735
1389.87	161.716
1389.99	161.669
1390.11	161.601
1390.23	161.488
1390.35	161.34
1390.47	161.153
1390.59	160.94
1390.71	160.72
1390.83	160.499
1390.95	160.271
1391.07	160.039
1391.19	159.801
1391.31	159.561
1391.43	159.322
1391.55	159.104
1391.67	158.888
1391.79	158.683
1391.91	158.483
1392.03	158.315
1392.15	158.173
1392.27	158.061
1392.39	157.967
1392.51	157.913
1392.63	157.899
1392.75	157.93
1392.87	157.99
1392.99	158.089
1393.11	158.223
1393.23	158.386
1393.35	158.551
1393.47	158.713
1393.59	158.886
1393.71	159.062
1393.83	159.235
1393.94	159.39
1394.06	159.532
1394.18	159.645
1394.3	159.727
1394.42	159.771
1394.54	159.773
1394.66	159.724
1394.78	159.636
1394.9	159.527
1395.02	159.417
1395.14	159.304
1395.26	159.178
1395.38	159.029
1395.5	158.876
1395.62	158.731
1395.74	158.588
1395.86	158.448
1395.98	158.327
1396.1	158.234
1396.22	158.152
1396.34	158.061
1396.46	157.968
1396.58	157.871
1396.7	157.793
1396.82	157.708
1396.93	157.62
1397.05	157.542
1397.17	157.467
1397.29	157.416
1397.41	157.397
1397.53	157.404
1397.65	157.443
1397.77	157.511
1397.89	157.609
1398.01	157.732
1398.13	157.865
1398.25	158.026
1398.37	158.212
1398.49	158.414
1398.61	158.627
1398.73	158.832
1398.85	159.025
1398.96	159.191
1399.08	159.342
1399.2	159.491
1399.32	159.622
1399.44	159.747
1399.56	159.865
1399.68	159.961
1399.8	160.033
1399.92	160.069
1400.04	160.063
1400.16	160.024
1400.28	159.962
1400.4	159.865
1400.52	159.727
1400.64	159.571
1400.76	159.402
1400.88	159.226
1401	159.064
1401.12	158.928
1401.24	158.811
1401.36	158.713
1401.48	158.642
1401.6	158.587
1401.72	158.542
1401.84	158.531
1401.96	158.523
1402.08	158.539
1402.2	158.556
1402.32	158.574
1402.44	158.589
1402.56	158.585
1402.67	158.564
1402.79	158.546
1402.91	158.511
1403.03	158.47
1403.15	158.441
1403.27	158.429
1403.39	158.419
1403.51	158.398
1403.63	158.353
1403.75	158.306
1403.87	158.269
1403.99	158.238
1404.11	158.22
1404.23	158.218
1404.35	158.221
1404.47	158.204
1404.59	158.189
1404.71	158.171
1404.83	158.15
1404.95	158.132
1405.07	158.115
1405.19	158.122
1405.31	158.148
1405.43	158.174
1405.55	158.185
1405.67	158.183
1405.79	158.187
1405.91	158.211
1406.03	158.257
1406.15	158.323
1406.26	158.418
1406.38	158.549
1406.5	158.706
1406.62	158.876
1406.74	159.068
1406.86	159.264
1406.98	159.463
1407.1	159.644
1407.22	159.806
1407.34	159.945
1407.46	160.049
1407.58	160.132
1407.7	160.191
1407.82	160.228
1407.94	160.247
1408.06	160.24
1408.18	160.206
1408.3	160.128
1408.42	160.013
1408.53	159.88
1408.65	159.72
1408.77	159.545
1408.89	159.351
1409.01	159.133
1409.13	158.908
1409.25	158.685
1409.37	158.467
1409.49	158.274
1409.61	158.102
1409.73	157.97
1409.85	157.882
1409.97	157.83
1410.09	157.816
1410.2	157.848
1410.32	157.919
1410.44	158.031
1410.56	158.175
1410.68	158.337
1410.8	158.525
1410.92	158.73
1411.04	158.933
1411.16	159.135
1411.28	159.355
1411.4	159.6
1411.52	159.86
1411.64	160.112
1411.75	160.365
1411.87	160.612
1411.99	160.852
1412.11	161.101
1412.23	161.328
1412.35	161.55
1412.47	161.737
1412.59	161.896
1412.71	162.031
1412.83	162.139
1412.94	162.229
1413.06	162.309
1413.18	162.371
1413.3	162.423
1413.42	162.477
1413.54	162.514
1413.66	162.547
1413.78	162.557
1413.9	162.533
1414.02	162.498
1414.14	162.449
1414.25	162.375
1414.37	162.281
1414.49	162.17
1414.61	162.039
1414.73	161.893
1414.85	161.739
1414.97	161.579
1415.09	161.413
1415.21	161.255
1415.32	161.11
1415.44	160.971
1415.56	160.819
1415.68	160.648
1415.8	160.456
1415.92	160.257
1416.04	160.07
1416.16	159.902
1416.27	159.739
1416.39	159.573
1416.51	159.412
1416.63	159.266
1416.75	159.135
1416.87	159.022
1416.99	158.93
1417.11	158.841
1417.22	158.765
1417.34	158.701
1417.46	158.646
1417.58	158.6
1417.7	158.552
1417.82	158.519
1417.94	158.512
1418.05	158.534
1418.17	158.578
1418.29	158.633
1418.41	158.699
1418.53	158.76
1418.65	158.836
1418.77	158.932
1418.89	159.013
1419	159.088
1419.12	159.152
1419.24	159.208
1419.36	159.261
1419.48	159.302
1419.6	159.325
1419.72	159.349
1419.83	159.359
1419.95	159.362
1420.07	159.352
1420.19	159.335
1420.31	159.31
1420.43	159.285
1420.54	159.266
1420.66	159.248
1420.78	159.222
1420.9	159.195
1421.02	159.17
1421.14	159.136
1421.26	159.128
1421.37	159.14
1421.49	159.176
1421.61	159.243
1421.73	159.341
1421.85	159.47
1421.97	159.643
1422.08	159.856
1422.2	160.102
1422.32	160.38
1422.44	160.673
1422.56	160.97
1422.67	161.252
1422.79	161.529
1422.91	161.8
1423.03	162.067
1423.15	162.331
1423.27	162.599
1423.39	162.861
1423.5	163.115
1423.62	163.352
1423.74	163.582
1423.74	163.586
1423.86	163.815
1423.98	164.021
1424.1	164.202
1424.22	164.353
1424.34	164.473
1424.46	164.56
1424.58	164.63
1424.69	164.681
1424.81	164.7
1424.93	164.691
1425.05	164.668
1425.17	164.63
1425.29	164.595
1425.41	164.546
1425.53	164.469
1425.65	164.37
1425.76	164.253
1425.88	164.126
1426	164.009
1426.12	163.905
1426.24	163.797
1426.36	163.667
1426.48	163.526
1426.6	163.387
1426.71	163.255
1426.83	163.145
1426.95	163.062
1427.07	163.001
1427.19	162.955
1427.31	162.932
1427.43	162.924
1427.54	162.934
1427.66	162.964
1427.78	163.008
1427.9	163.072
1428.02	163.163
1428.14	163.272
1428.26	163.394
1428.38	163.524
1428.49	163.66
1428.61	163.785
1428.73	163.906
1428.85	163.998
1428.97	164.063
1429.09	164.112
1429.21	164.143
1429.32	164.151
1429.44	164.134
1429.56	164.096
1429.68	164.053
1429.8	164.018
1429.92	163.96
1430.04	163.909
1430.15	163.864
1430.27	163.83
1430.39	163.796
1430.51	163.771
1430.63	163.755
1430.75	163.725
1430.86	163.691
1430.98	163.662
1431.1	163.633
1431.22	163.617
1431.34	163.631
1431.46	163.628
1431.57	163.624
1431.69	163.631
1431.81	163.652
1431.93	163.678
1432.05	163.705
1432.17	163.744
1432.28	163.785
1432.4	163.824
1432.52	163.847
1432.64	163.846
1432.76	163.825
1432.88	163.789
1432.99	163.747
1433.11	163.697
1433.23	163.643
1433.35	163.594
1433.47	163.551
1433.59	163.513
1433.7	163.465
1433.82	163.423
1433.94	163.391
1434.06	163.363
1434.18	163.322
1434.29	163.27
1434.41	163.226
1434.53	163.193
1434.65	163.154
1434.77	163.124
1434.89	163.099
1435	163.075
1435.12	163.06
1435.24	163.052
1435.36	163.05
1435.48	163.065
1435.59	163.095
1435.71	163.142
1435.83	163.2
1435.95	163.268
1436.07	163.353
1436.18	163.456
1436.3	163.565
1436.42	163.653
1436.54	163.717
1436.66	163.77
1436.77	163.804
1436.89	163.814
1437.01	163.816
1437.13	163.78
1437.25	163.712
1437.36	163.597
1437.48	163.429
1437.6	163.208
1437.72	162.954
1437.84	162.673
1437.95	162.365
1438.07	162.018
1438.19	161.664
1438.31	161.314
1438.43	160.981
1438.54	160.662
1438.66	160.351
1438.78	160.045
1438.9	159.753
1439.01	159.48
1439.13	159.233
1439.25	159.022
1439.37	158.865
1439.49	158.739
1439.6	158.656
1439.72	158.629
1439.84	158.656
1439.96	158.737
1440.07	158.857
1440.19	159.039
1440.31	159.258
1440.43	159.502
1440.54	159.754
1440.66	160.028
1440.78	160.312
1440.9	160.597
1441.02	160.89
1441.13	161.178
1441.25	161.455
1441.37	161.722
1441.49	161.969
1441.6	162.175
1441.72	162.374
1441.84	162.555
1441.96	162.697
1442.07	162.814
1442.19	162.905
1442.31	162.981
1442.43	163.026
1442.54	163.024
1442.66	162.991
1442.78	162.94
1442.9	162.864
1443.01	162.773
1443.13	162.673
1443.25	162.553
1443.37	162.422
1443.48	162.299
1443.6	162.188
1443.72	162.081
1443.84	161.975
1443.95	161.875
1444.07	161.779
1444.19	161.688
1444.31	161.591
1444.42	161.508
1444.54	161.453
1444.66	161.419
1444.78	161.394
1444.89	161.401
1445.01	161.435
1445.13	161.48
1445.24	161.534
1445.36	161.596
1445.48	161.678
1445.6	161.772
1445.71	161.877
1445.83	161.976
1445.95	162.065
1446.07	162.136
1446.18	162.193
1446.3	162.238
1446.42	162.28
1446.53	162.296
1446.65	162.303
1446.77	162.308
1446.89	162.31
1447	162.297
1447.12	162.277
1447.24	162.239
1447.36	162.196
1447.42	162.163
1447.53	162.07
1447.65	161.96
1447.77	161.843
1447.89	161.719
1448	161.582
1448.12	161.439
1448.24	161.326
1448.36	161.226
1448.48	161.133
1448.59	161.034
1448.71	160.925
1448.83	160.81
1448.95	160.693
1449.06	160.582
1449.18	160.456
1449.3	160.343
1449.42	160.252
1449.54	160.16
1449.65	160.085
1449.77	160.027
1449.89	159.98
1450.01	159.955
1450.13	159.934
1450.24	159.92
1450.36	159.904
1450.48	159.892
1450.6	159.883
1450.71	159.916
1450.83	159.979
1450.95	160.055
1451.07	160.141
1451.18	160.224
1451.3	160.316
1451.42	160.411
1451.54	160.498
1451.65	160.587
1451.77	160.683
1451.89	160.769
1452.01	160.835
1452.12	160.903
1452.24	160.948
1452.36	160.968
1452.48	160.951
1452.6	160.921
1452.71	160.882
1452.83	160.841
1452.95	160.789
1453.07	160.748
1453.18	160.708
1453.3	160.66
1453.42	160.619
1453.54	160.597
1453.65	160.588
1453.77	160.603
1453.89	160.64
1454.01	160.686
1454.12	160.745
1454.24	160.82
1454.36	160.896
1454.47	160.977
1454.59	161.068
1454.71	161.165
1454.83	161.261
1454.94	161.377
1455.06	161.488
1455.18	161.594
1455.3	161.708
1455.41	161.821
1455.53	161.928
1455.65	162.017
1455.77	162.103
1455.88	162.178
1456	162.238
1456.12	162.268
1456.23	162.273
1456.35	162.27
1456.47	162.26
1456.59	162.217
1456.7	162.173
1456.82	162.122
1456.94	162.054
1457.06	161.961
1457.17	161.866
1457.29	161.774
1457.41	161.675
1457.52	161.558
1457.64	161.431
1457.76	161.305
1457.88	161.171
1457.99	161.044
1458.11	160.938
1458.23	160.861
1458.34	160.821
1458.46	160.792
1458.58	160.785
1458.69	160.788
1458.81	160.804
1458.93	160.839
1459.05	160.884
1459.16	160.941
1459.28	161.001
1459.4	161.083
1459.51	161.184
1459.63	161.282
1459.75	161.397
1459.87	161.513
1459.98	161.623
1460.1	161.717
1460.22	161.783
1460.33	161.833
1460.45	161.868
1460.57	161.886
1460.68	161.895
1460.8	161.913
1460.92	161.911
1461.04	161.883
1461.15	161.843
1461.27	161.783
1461.39	161.728
1461.5	161.673
1461.62	161.627
1461.74	161.609
1461.85	161.615
1461.97	161.632
1462.09	161.654
1462.2	161.689
1462.32	161.721
1462.44	161.749
1462.55	161.773
1462.67	161.795
1462.79	161.817
1462.9	161.851
1463.02	161.909
1463.14	161.979
1463.25	162.043
1463.37	162.104
1463.49	162.157
1463.6	162.195
1463.72	162.221
1463.84	162.246
1463.95	162.259
1464.07	162.264
1464.19	162.276
1464.3	162.272
1464.42	162.238
1464.54	162.184
1464.65	162.115
1464.77	162.023
1464.89	161.905
1465	161.787
1465.12	161.646
1465.24	161.49
1465.35	161.33
1465.47	161.137
1465.59	160.925
1465.7	160.71
1465.82	160.495
1465.94	160.267
1466.05	160.036
1466.17	159.819
1466.29	159.613
1466.4	159.429
1466.52	159.254
1466.64	159.093
1466.75	158.976
1466.87	158.891
1466.98	158.818
1467.1	158.765
1467.22	158.734
1467.33	158.724
1467.45	158.736
1467.57	158.766
1467.68	158.814
1467.8	158.857
1467.92	158.892
1468.03	158.934
1468.15	158.982
1468.26	159.046
1468.38	159.134
1468.5	159.217
1468.61	159.304
1468.73	159.382
1468.85	159.455
1468.96	159.523
1469.08	159.57
1469.2	159.614
1469.31	159.65
1469.43	159.686
1469.54	159.729
1469.66	159.76
1469.78	159.804
1469.89	159.845
1470.01	159.885
1470.13	159.923
1470.24	159.957
1470.36	159.996
1470.47	160.031
1470.59	160.058
1470.71	160.089
1470.82	160.129
1470.94	160.17
1471.05	160.217
1471.17	160.261
1471.29	160.293
1471.4	160.347
1471.49	160.394
1471.61	160.471
1471.73	160.562
1471.84	160.663
1471.96	160.771
1472.08	160.88
1472.19	160.982
1472.31	161.052
1472.43	161.089
1472.54	161.108
1472.66	161.104
1472.78	161.073
1472.89	161.047
1473.01	161.024
1473.13	160.974
1473.24	160.906
1473.36	160.813
1473.48	160.675
1473.59	160.493
1473.71	160.272
1473.83	160.024
1473.94	159.748
1474.06	159.476
1474.18	159.215
1474.29	158.938
1474.41	158.657
1474.53	158.392
1474.64	158.137
1474.76	157.885
1474.88	157.652
1475	157.453
1475.11	157.274
1475.23	157.133
1475.34	157.031
1475.46	156.951
1475.58	156.915
1475.69	156.898
1475.81	156.9
1475.93	156.929
1476.04	156.996
1476.16	157.103
1476.28	157.23
1476.39	157.392
1476.51	157.577
1476.63	157.784
1476.74	158.02
1476.86	158.267
1476.98	158.505
1477.09	158.737
1477.21	158.973
1477.33	159.221
1477.44	159.48
1477.56	159.725
1477.68	159.949
1477.79	160.134
1477.91	160.29
1478.02	160.395
1478.14	160.46
1478.26	160.509
1478.37	160.544
1478.49	160.539
1478.61	160.507
1478.72	160.447
1478.84	160.357
1478.95	160.236
1479.07	160.083
1479.19	159.916
1479.3	159.731
1479.42	159.536
1479.54	159.34
1479.65	159.139
1479.77	158.954
1479.89	158.778
1480	158.617
1480.12	158.452
1480.23	158.286
1480.35	158.114
1480.47	157.928
1480.58	157.736
1480.7	157.563
1480.82	157.42
1480.93	157.295
1481.05	157.188
1481.16	157.094
1481.28	157.006
1481.4	156.939
1481.51	156.879
1481.63	156.83
1481.74	156.8
1481.86	156.784
1481.98	156.777
1482.09	156.771
1482.21	156.754
1482.33	156.719
1482.44	156.684
1482.56	156.653
1482.67	156.624
1482.79	156.601
1482.9	156.605
1483.02	156.633
1483.14	156.675
1483.25	156.734
1483.37	156.792
1483.49	156.843
1483.6	156.881
1483.72	156.913
1483.83	156.942
1483.95	156.976
1484.06	157.029
1484.18	157.088
1484.3	157.142
1484.41	157.206
1484.53	157.274
1484.64	157.332
1484.76	157.386
1484.88	157.436
1484.99	157.488
1485.11	157.526
1485.22	157.573
1485.34	157.619
1485.46	157.66
1485.57	157.699
1485.69	157.71
1485.8	157.728
1485.92	157.751
1486.03	157.77
1486.15	157.789
1486.27	157.818
1486.38	157.858
1486.5	157.898
1486.61	157.936
1486.73	157.981
1486.84	158.027
1486.96	158.065
1487.08	158.124
1487.19	158.202
1487.31	158.293
1487.42	158.404
1487.54	158.528
1487.65	158.673
1487.77	158.834
1487.89	158.995
1488	159.132
1488.12	159.26
1488.23	159.398
1488.35	159.537
1488.46	159.656
1488.58	159.754
1488.69	159.826
1488.81	159.865
1488.93	159.861
1489.04	159.81
1489.16	159.713
1489.27	159.57
1489.39	159.385
1489.5	159.177
1489.62	158.934
1489.73	158.67
1489.85	158.388
1489.97	158.087
1490.08	157.757
1490.2	157.405
1490.31	157.025
1490.43	156.634
1490.54	156.247
1490.66	155.89
1490.77	155.563
1490.89	155.27
1491	155.021
1491.12	154.816
1491.24	154.652
1491.35	154.548
1491.47	154.472
1491.58	154.48
1491.7	154.571
1491.81	154.739
1491.93	154.978
1492.04	155.267
1492.16	155.608
1492.27	156.002
1492.39	156.449
1492.5	156.939
1492.62	157.447
1492.73	157.977
1492.85	158.535
1492.96	159.087
1493.08	159.625
1493.2	160.14
1493.31	160.609
1493.43	161.025
1493.54	161.373
1493.66	161.649
1493.77	161.848
1493.89	161.959
1494	161.97
1494.12	161.882
1494.23	161.706
1494.35	161.458
1494.46	161.138
1494.58	160.76
1494.69	160.322
1494.81	159.803
1494.92	159.23
1495.04	158.61
1495.15	157.959
1495.27	157.276
1495.38	156.621
1495.5	155.976
1495.61	155.349
1495.73	154.764
1495.84	154.227
1495.96	153.75
1496.07	153.342
1496.19	153.01
1496.3	152.756
1496.31	152.734
1496.43	152.566
1496.54	152.476
1496.66	152.467
1496.77	152.537
1496.89	152.668
1497.01	152.877
1497.12	153.152
1497.24	153.46
1497.35	153.79
1497.47	154.112
1497.59	154.419
1497.7	154.71
1497.82	154.963
1497.93	155.137
1498.05	155.202
1498.16	155.153
1498.28	154.985
1498.39	154.695
1498.51	154.297
1498.63	153.814
1498.74	153.264
1498.86	152.682
1498.97	152.12
1499.09	151.643
1499.2	151.337
1499.32	151.306
1499.43	151.661
1499.55	152.557
1499.67	154.153
1499.78	156.679
1499.9	160.501
1499.95	163.028
1499.99	165.072
