1060.01	136.133
1060.14	135.593
1060.28	136.831
1060.41	138.862
1060.55	141.103
1060.68	143.183
1060.82	144.939
1060.95	146.28
1061.09	147.218
1061.22	147.794
1061.36	148.076
1061.49	148.13
1061.63	148.011
1061.76	147.789
1061.9	147.504
1062.03	147.188
1062.17	146.856
1062.3	146.516
1062.44	146.173
1062.57	145.849
1062.71	145.546
1062.84	145.271
1062.98	145.027
1063.11	144.841
1063.25	144.71
1063.38	144.649
1063.52	144.65
1063.65	144.693
1063.79	144.764
1063.92	144.85
1064.06	144.948
1064.19	145.051
1064.33	145.137
1064.46	145.208
1064.6	145.271
1064.73	145.329
1064.87	145.388
1065	145.445
1065.14	145.496
1065.27	145.542
1065.41	145.58
1065.54	145.617
1065.68	145.645
1065.81	145.666
1065.95	145.852
1066.08	145.893
1066.22	145.855
1066.35	145.795
1066.49	145.717
1066.62	145.634
1066.76	145.566
1066.89	145.504
1067.02	145.436
1067.16	145.372
1067.29	145.321
1067.43	145.281
1067.56	145.257
1067.7	145.249
1067.83	145.257
1067.97	145.266
1068.1	145.275
1068.24	145.288
1068.37	145.313
1068.51	145.356
1068.64	145.409
1068.78	145.481
1068.91	145.568
1069.05	145.667
1069.18	145.782
1069.31	145.915
1069.45	146.071
1069.58	146.248
1069.72	146.445
1069.85	146.658
1069.99	146.884
1070.12	147.112
1070.26	147.341
1070.39	147.579
1070.52	147.822
1070.66	148.058
1070.79	148.279
1070.93	148.485
1071.06	148.677
1071.2	148.861
1071.33	149.033
1071.47	149.196
1071.6	149.33
1071.73	149.441
1071.87	149.538
1072	149.63
1072.14	149.716
1072.27	149.792
1072.41	149.854
1072.54	149.895
1072.68	149.917
1072.81	149.923
1072.94	149.903
1073.08	149.846
1073.21	149.74
1073.35	149.601
1073.48	149.424
1073.61	149.217
1073.75	148.978
1073.88	148.724
1074.02	148.461
1074.15	148.194
1074.29	147.949
1074.42	147.71
1074.55	147.491
1074.69	147.281
1074.82	147.095
1074.96	146.914
1075.09	146.748
1075.23	146.602
1075.36	146.473
1075.49	146.365
1075.63	146.263
1075.76	146.177
1075.9	146.139
1076.03	146.137
1076.16	146.164
1076.3	146.229
1076.43	146.304
1076.57	146.391
1076.7	146.509
1076.83	146.638
1076.97	146.786
1077.1	146.955
1077.24	147.132
1077.37	147.323
1077.5	147.527
1077.64	147.744
1077.77	147.959
1077.91	148.178
1078.04	148.397
1078.17	148.615
1078.31	148.831
1078.44	149.029
1078.58	149.205
1078.71	149.378
1078.84	149.537
1078.98	149.696
1079.11	149.865
1079.24	150.025
1079.38	150.161
1079.51	150.258
1079.65	150.332
1079.78	150.389
1079.91	150.438
1080.05	150.475
1080.18	150.492
1080.32	150.498
1080.45	150.476
1080.58	150.436
1080.72	150.376
1080.85	150.308
1080.98	150.236
1081.12	150.16
1081.25	150.081
1081.39	150.007
1081.52	149.932
1081.65	149.85
1081.79	149.784
1081.92	149.732
1082.05	149.678
1082.19	149.619
1082.32	149.563
1082.45	149.507
1082.59	149.461
1082.72	149.421
1082.85	149.383
1082.99	149.339
1083.12	149.282
1083.26	149.22
1083.39	149.169
1083.52	149.13
1083.66	149.1
1083.79	149.075
1083.92	149.048
1084.06	149.028
1084.19	149.031
1084.32	149.05
1084.46	149.082
1084.59	149.117
1084.72	149.158
1084.86	149.207
1084.99	149.255
1085.12	149.299
1085.26	149.348
1085.39	149.416
1085.52	149.495
1085.66	149.579
1085.79	149.669
1085.92	149.741
1086.06	149.826
1086.19	149.897
1086.32	149.973
1086.46	150.03
1086.59	150.081
1086.72	150.116
1086.86	150.137
1086.99	150.148
1087.12	150.14
1087.26	150.126
1087.39	150.115
1087.52	150.093
1087.66	150.066
1087.79	150.036
1087.92	149.986
1088.06	149.938
1088.19	149.893
1088.32	149.839
1088.46	149.795
1088.59	149.768
1088.72	149.749
1088.79	149.757
1088.92	149.761
1089.06	149.779
1089.19	149.803
1089.33	149.84
1089.46	149.878
1089.59	149.922
1089.73	149.965
1089.86	150.003
1090	150.038
1090.13	150.089
1090.26	150.153
1090.4	150.229
1090.53	150.314
1090.67	150.394
1090.8	150.457
1090.93	150.519
1091.07	150.586
1091.2	150.652
1091.33	150.712
1091.47	150.765
1091.6	150.808
1091.73	150.834
1091.87	150.836
1092	150.825
1092.14	150.797
1092.27	150.757
1092.4	150.702
1092.54	150.645
1092.67	150.569
1092.8	150.489
1092.94	150.384
1093.07	150.267
1093.21	150.156
1093.34	150.034
1093.47	149.904
1093.61	149.78
1093.74	149.667
1093.87	149.556
1094.01	149.465
1094.14	149.377
1094.27	149.307
1094.41	149.251
1094.54	149.214
1094.67	149.188
1094.81	149.186
1094.94	149.186
1095.07	149.196
1095.21	149.214
1095.34	149.239
1095.47	149.278
1095.61	149.334
1095.74	149.396
1095.87	149.457
1096.01	149.508
1096.14	149.555
1096.28	149.601
1096.41	149.644
1096.54	149.676
1096.68	149.707
1096.81	149.738
1096.94	149.758
1097.08	149.77
1097.21	149.774
1097.34	149.764
1097.47	149.747
1097.61	149.702
1097.74	149.656
1097.88	149.581
1098.01	149.493
1098.14	149.402
1098.27	149.315
1098.41	149.232
1098.54	149.156
1098.67	149.086
1098.81	149.031
1098.94	148.993
1099.07	148.975
1099.21	148.975
1099.34	148.988
1099.47	149.027
1099.61	149.084
1099.74	149.168
1099.87	149.282
1100.01	149.43
1100.14	149.599
1100.27	149.79
1100.4	150
1100.54	150.233
1100.67	150.486
1100.8	150.747
1100.94	151.016
1101.07	151.281
1101.2	151.524
1101.34	151.755
1101.47	151.972
1101.6	152.179
1101.73	152.371
1101.87	152.538
1102	152.688
1102.13	152.812
1102.27	152.892
1102.4	152.932
1102.53	152.927
1102.67	152.874
1102.8	152.766
1102.93	152.616
1103.06	152.425
1103.2	152.193
1103.33	151.929
1103.46	151.636
1103.6	151.32
1103.73	150.984
1103.86	150.634
1103.99	150.293
1104.13	149.933
1104.26	149.573
1104.39	149.215
1104.53	148.885
1104.66	148.572
1104.79	148.279
1104.92	148.026
1105.06	147.822
1105.19	147.677
1105.32	147.566
1105.45	147.511
1105.59	147.502
1105.72	147.56
1105.85	147.676
1105.98	147.841
1106.12	148.061
1106.25	148.327
1106.38	148.618
1106.52	148.947
1106.65	149.302
1106.78	149.674
1106.91	150.056
1107.05	150.44
1107.18	150.815
1107.31	151.169
1107.44	151.502
1107.58	151.815
1107.71	152.107
1107.84	152.364
1107.97	152.58
1108.11	152.77
1108.24	152.932
1108.37	153.058
1108.5	153.155
1108.64	153.223
1108.77	153.256
1108.9	153.239
1109.03	153.173
1109.17	153.076
1109.3	152.946
1109.43	152.799
1109.56	152.651
1109.7	152.492
1109.83	152.319
1109.96	152.132
1110.09	151.932
1110.22	151.744
1110.36	151.568
1110.49	151.417
1110.62	151.28
1110.75	151.154
1110.89	151.048
1111.02	150.963
1111.15	150.907
1111.28	150.878
1111.42	150.876
1111.55	150.888
1111.68	150.918
1111.81	150.983
1111.94	151.088
1112.08	151.228
1112.21	151.386
1112.34	151.567
1112.47	151.727
1112.6	151.877
1112.74	152.023
1112.87	152.159
1113	152.296
1113.13	152.436
1113.27	152.578
1113.4	152.723
1113.53	152.854
1113.66	152.961
1113.79	153.054
1113.93	153.131
1114.06	153.183
1114.19	153.204
1114.32	153.217
1114.45	153.221
1114.59	153.199
1114.72	153.166
1114.85	153.119
1114.98	153.065
1115.11	152.998
1115.25	152.921
1115.38	152.84
1115.51	152.723
1115.64	152.609
1115.77	152.505
1115.91	152.396
1116.03	152.273
1116.16	152.152
1116.3	152.031
1116.43	151.914
1116.56	151.794
1116.7	151.654
1116.83	151.518
1116.96	151.388
1117.09	151.273
1117.23	151.162
1117.36	151.054
1117.49	150.959
1117.62	150.865
1117.76	150.764
1117.89	150.658
1118.02	150.547
1118.15	150.437
1118.29	150.317
1118.42	150.197
1118.55	150.076
1118.68	149.957
1118.82	149.847
1118.95	149.745
1119.08	149.655
1119.21	149.562
1119.35	149.482
1119.48	149.412
1119.61	149.349
1119.74	149.29
1119.88	149.252
1120.01	149.221
1120.14	149.188
1120.27	149.143
1120.41	149.1
1120.54	149.087
1120.67	149.107
1120.8	149.155
1120.94	149.227
1121.07	149.311
1121.2	149.402
1121.33	149.491
1121.46	149.59
1121.6	149.72
1121.73	149.861
1121.86	150.008
1121.99	150.142
1122.13	150.265
1122.26	150.392
1122.39	150.523
1122.52	150.659
1122.66	150.808
1122.79	150.94
1122.92	151.062
1123.05	151.19
1123.18	151.333
1123.32	151.491
1123.45	151.671
1123.58	151.857
1123.71	152.04
1123.84	152.206
1123.98	152.371
1124.11	152.523
1124.24	152.679
1124.37	152.833
1124.5	152.974
1124.64	153.107
1124.77	153.227
1124.9	153.331
1125.03	153.429
1125.16	153.524
1125.3	153.607
1125.43	153.662
1125.56	153.696
1125.69	153.722
1125.82	153.74
1125.96	153.739
1126.09	153.72
1126.22	153.673
1126.35	153.589
1126.48	153.469
1126.62	153.314
1126.75	153.12
1126.88	152.884
1127.01	152.636
1127.14	152.35
1127.28	152.028
1127.41	151.678
1127.54	151.305
1127.67	150.905
1127.8	150.496
1127.94	150.074
1128.07	149.645
1128.2	149.232
1128.33	148.852
1128.46	148.502
1128.59	148.182
1128.73	147.906
1128.86	147.674
1128.99	147.479
1129.12	147.327
1129.25	147.215
1129.38	147.152
1129.52	147.135
1129.65	147.15
1129.78	147.217
1129.91	147.334
1130.04	147.513
1130.17	147.745
1130.31	148.03
1130.44	148.351
1130.57	148.684
1130.7	149.034
1130.83	149.394
1130.96	149.751
1131.1	150.095
1131.23	150.432
1131.36	150.732
1131.49	150.991
1131.62	151.189
1131.75	151.342
1131.89	151.473
1132.02	151.579
1132.15	151.654
1132.28	151.687
1132.41	151.685
1132.54	151.65
1132.67	151.579
1132.81	151.487
1132.94	151.378
1133.07	151.224
1133.2	151.038
1133.33	150.833
1133.46	150.612
1133.59	150.403
1133.73	150.211
1133.86	150.049
1133.99	149.907
1134.12	149.761
1134.25	149.656
1134.38	149.596
1134.51	149.58
1134.64	149.617
1134.78	149.703
1134.91	149.823
1135.04	149.985
1135.17	150.184
1135.3	150.404
1135.43	150.647
1135.56	150.934
1135.69	151.23
1135.83	151.532
1135.96	151.835
1136.09	152.126
1136.22	152.411
1136.35	152.692
1136.48	152.953
1136.61	153.167
1136.74	153.334
1136.88	153.474
1137.01	153.599
1137.14	153.679
1137.27	153.711
1137.4	153.698
1137.53	153.648
1137.66	153.557
1137.79	153.429
1137.92	153.272
1138.06	153.089
1138.19	152.876
1138.32	152.635
1138.45	152.357
1138.58	152.068
1138.71	151.756
1138.84	151.431
1138.97	151.094
1139.1	150.741
1139.23	150.383
1139.37	150.039
1139.5	149.716
1139.63	149.424
1139.76	149.159
1139.89	148.926
1140.02	148.73
1140.15	148.555
1140.28	148.41
1140.41	148.301
1140.54	148.22
1140.67	148.17
1140.81	148.14
1140.94	148.127
1141.07	148.163
1141.2	148.235
1141.33	148.343
1141.46	148.481
1141.59	148.638
1141.72	148.791
1141.85	148.932
1141.98	149.085
1142.11	149.245
1142.24	149.406
1142.37	149.573
1142.51	149.743
1142.55	149.792
1142.68	149.928
1142.81	150.032
1142.94	150.116
1143.08	150.202
1143.21	150.281
1143.34	150.345
1143.47	150.395
1143.6	150.44
1143.73	150.479
1143.86	150.5
1144	150.51
1144.13	150.495
1144.26	150.445
1144.39	150.369
1144.52	150.265
1144.65	150.143
1144.78	150.03
1144.92	149.914
1145.05	149.795
1145.18	149.656
1145.31	149.512
1145.44	149.397
1145.57	149.298
1145.7	149.208
1145.83	149.119
1145.97	149.026
1146.1	148.937
1146.23	148.867
1146.36	148.798
1146.49	148.724
1146.62	148.673
1146.75	148.649
1146.88	148.629
1147.02	148.616
1147.15	148.611
1147.28	148.624
1147.41	148.664
1147.54	148.714
1147.67	148.768
1147.8	148.804
1147.93	148.835
1148.06	148.861
1148.19	148.869
1148.33	148.861
1148.46	148.846
1148.59	148.831
1148.72	148.809
1148.85	148.772
1148.98	148.728
1149.11	148.679
1149.24	148.623
1149.37	148.555
1149.51	148.479
1149.64	148.384
1149.77	148.279
1149.9	148.163
1150.03	148.035
1150.16	147.879
1150.29	147.692
1150.42	147.51
1150.55	147.332
1150.68	147.157
1150.81	147.006
1150.95	146.871
1151.08	146.742
1151.21	146.61
1151.34	146.478
1151.47	146.367
1151.6	146.269
1151.73	146.194
1151.86	146.152
1151.99	146.14
1152.12	146.164
1152.25	146.244
1152.38	146.358
1152.52	146.505
1152.65	146.682
1152.78	146.867
1152.91	147.051
1153.04	147.247
1153.17	147.465
1153.3	147.704
1153.43	147.96
1153.56	148.228
1153.69	148.49
1153.82	148.743
1153.95	148.989
1154.08	149.222
1154.21	149.439
1154.34	149.644
1154.48	149.823
1154.61	149.977
1154.74	150.108
1154.87	150.207
1155	150.275
1155.13	150.288
1155.26	150.256
1155.39	150.18
1155.52	150.064
1155.65	149.9
1155.78	149.702
1155.91	149.494
1156.04	149.289
1156.17	149.076
1156.3	148.864
1156.43	148.657
1156.56	148.474
1156.69	148.319
1156.82	148.191
1156.96	148.079
1157.09	147.992
1157.22	147.946
1157.35	147.947
1157.48	147.991
1157.61	148.067
1157.74	148.174
1157.87	148.322
1158	148.503
1158.13	148.707
1158.26	148.947
1158.39	149.225
1158.52	149.533
1158.65	149.855
1158.78	150.181
1158.91	150.506
1159.04	150.788
1159.17	151.052
1159.3	151.297
1159.43	151.513
1159.56	151.71
1159.69	151.881
1159.82	152.022
1159.95	152.12
1160.08	152.185
1160.21	152.211
1160.34	152.2
1160.47	152.155
1160.6	152.088
1160.73	151.99
1160.86	151.853
1160.99	151.704
1161.12	151.544
1161.25	151.351
1161.38	151.116
1161.51	150.857
1161.64	150.595
1161.77	150.329
1161.9	150.068
1162.03	149.829
1162.16	149.587
1162.29	149.348
1162.42	149.115
1162.55	148.891
1162.68	148.679
1162.81	148.476
1162.94	148.309
1163.07	148.175
1163.2	148.068
1163.33	147.993
1163.46	147.96
1163.59	147.953
1163.72	147.97
1163.85	148.02
1163.98	148.081
1164.11	148.148
1164.24	148.232
1164.37	148.316
1164.5	148.403
1164.63	148.49
1164.76	148.563
1164.89	148.617
1165.02	148.663
1165.15	148.704
1165.28	148.745
1165.41	148.788
1165.54	148.83
1165.67	148.875
1165.8	148.915
1165.93	148.955
1166.06	148.992
1166.19	149.015
1166.32	149.012
1166.45	149.009
1166.58	149.006
1166.71	148.992
1166.84	148.95
1166.97	148.896
1167.1	148.847
1167.23	148.797
1167.36	148.737
1167.49	148.672
1167.62	148.602
1167.75	148.526
1167.88	148.441
1168.01	148.353
1168.14	148.26
1168.27	148.18
1168.39	148.121
1168.49	148.093
1168.62	148.037
1168.75	147.988
1168.88	147.953
1169.01	147.941
1169.14	147.943
1169.27	147.968
1169.4	148.037
1169.53	148.137
1169.66	148.256
1169.79	148.393
1169.92	148.538
1170.05	148.684
1170.18	148.819
1170.31	148.991
1170.44	149.161
1170.57	149.335
1170.7	149.521
1170.83	149.705
1170.96	149.878
1171.09	150.042
1171.22	150.19
1171.35	150.306
1171.48	150.404
1171.61	150.483
1171.74	150.554
1171.87	150.601
1172	150.645
1172.13	150.7
1172.26	150.742
1172.39	150.774
1172.52	150.784
1172.65	150.788
1172.78	150.79
1172.91	150.791
1173.04	150.8
1173.17	150.821
1173.3	150.84
1173.43	150.869
1173.56	150.89
1173.69	150.903
1173.82	150.913
1173.95	150.91
1174.08	150.906
1174.21	150.895
1174.34	150.881
1174.47	150.861
1174.6	150.847
1174.73	150.843
1174.86	150.862
1174.99	150.907
1175.12	150.952
1175.25	150.999
1175.38	151.054
1175.51	151.103
1175.64	151.163
1175.77	151.224
1175.9	151.275
1176.03	151.32
1176.16	151.371
1176.29	151.425
1176.42	151.486
1176.55	151.541
1176.68	151.583
1176.81	151.619
1176.94	151.64
1177.07	151.666
1177.2	151.698
1177.33	151.739
1177.46	151.783
1177.59	151.829
1177.72	151.871
1177.85	151.903
1177.98	151.923
1178.11	151.937
1178.24	151.943
1178.37	151.929
1178.5	151.899
1178.63	151.867
1178.75	151.819
1178.88	151.738
1179.01	151.627
1179.14	151.493
1179.27	151.346
1179.4	151.191
1179.53	151.035
1179.66	150.864
1179.79	150.667
1179.92	150.468
1180.05	150.259
1180.18	150.036
1180.31	149.795
1180.44	149.55
1180.57	149.312
1180.7	149.081
1180.83	148.865
1180.96	148.665
1181.09	148.479
1181.22	148.306
1181.35	148.163
1181.48	148.049
1181.6	147.945
1181.73	147.887
1181.86	147.872
1181.99	147.894
1182.12	147.948
1182.25	148.041
1182.38	148.149
1182.51	148.278
1182.64	148.428
1182.77	148.591
1182.9	148.779
1183.03	148.986
1183.16	149.217
1183.29	149.47
1183.41	149.721
1183.54	149.983
1183.67	150.226
1183.8	150.459
1183.93	150.685
1184.06	150.902
1184.19	151.103
1184.32	151.291
1184.45	151.448
1184.58	151.576
1184.71	151.673
1184.84	151.742
1184.97	151.782
1185.09	151.774
1185.22	151.744
1185.35	151.688
1185.48	151.603
1185.61	151.495
1185.74	151.384
1185.87	151.275
1186	151.17
1186.13	151.049
1186.26	150.913
1186.39	150.771
1186.51	150.614
1186.64	150.458
1186.77	150.321
1186.9	150.198
1187.03	150.086
1187.16	149.977
1187.29	149.889
1187.42	149.818
1187.55	149.759
1187.68	149.682
1187.8	149.595
1187.93	149.5
1188.06	149.404
1188.19	149.326
1188.32	149.261
1188.45	149.206
1188.58	149.154
1188.71	149.117
1188.84	149.096
1188.96	149.09
1189.09	149.094
1189.22	149.094
1189.35	149.1
1189.48	149.106
1189.61	149.135
1189.74	149.184
1189.87	149.227
1189.99	149.255
1190.12	149.28
1190.25	149.315
1190.38	149.376
1190.51	149.449
1190.64	149.547
1190.77	149.644
1190.9	149.738
1191.02	149.838
1191.15	149.926
1191.28	149.983
1191.41	150.003
1191.54	150.003
1191.67	149.988
1191.8	149.966
1191.92	149.949
1192.05	149.925
1192.18	149.88
1192.31	149.826
1192.44	149.776
1192.57	149.707
1192.7	149.623
1192.83	149.529
1192.95	149.421
1193.08	149.296
1193.21	149.153
1193.34	148.988
1193.47	148.791
1193.6	148.572
1193.72	148.323
1193.85	148.057
1193.98	147.802
1194.11	147.551
1194.24	147.304
1194.37	147.066
1194.5	146.832
1194.62	146.625
1194.75	146.439
1194.88	146.279
1195.01	146.155
1195.14	146.073
1195.27	146.027
1195.4	146.017
1195.52	146.029
1195.54	146.03
1195.67	146.072
1195.8	146.145
1195.93	146.253
1196.06	146.38
1196.19	146.549
1196.32	146.736
1196.45	146.931
1196.58	147.142
1196.7	147.376
1196.83	147.619
1196.96	147.863
1197.09	148.087
1197.22	148.299
1197.35	148.497
1197.48	148.664
1197.61	148.842
1197.74	149.022
1197.87	149.196
1197.99	149.353
1198.12	149.504
1198.25	149.669
1198.38	149.836
1198.51	150
1198.64	150.15
1198.77	150.3
1198.9	150.442
1199.03	150.579
1199.15	150.722
1199.28	150.862
1199.41	151
1199.54	151.161
1199.67	151.339
1199.8	151.526
1199.93	151.714
1200.06	151.889
1200.19	152.042
1200.31	152.183
1200.44	152.31
1200.57	152.436
1200.7	152.559
1200.83	152.658
1200.96	152.756
1201.09	152.861
1201.22	152.934
1201.34	153
1201.47	153.06
1201.6	153.117
1201.73	153.16
1201.86	153.191
1201.99	153.203
1202.12	153.179
1202.24	153.107
1202.37	152.989
1202.5	152.84
1202.63	152.653
1202.76	152.434
1202.89	152.184
1203.02	151.905
1203.15	151.613
1203.27	151.328
1203.4	151.054
1203.53	150.77
1203.66	150.483
1203.79	150.198
1203.92	149.929
1204.04	149.671
1204.17	149.427
1204.3	149.2
1204.43	148.976
1204.56	148.767
1204.69	148.569
1204.82	148.398
1204.94	148.259
1205.07	148.138
1205.2	148.032
1205.33	147.943
1205.46	147.869
1205.59	147.808
1205.71	147.746
1205.84	147.686
1205.97	147.642
1206.1	147.611
1206.23	147.567
1206.36	147.507
1206.48	147.444
1206.61	147.371
1206.74	147.31
1206.87	147.256
1207	147.216
1207.13	147.191
1207.25	147.191
1207.38	147.2
1207.51	147.211
1207.64	147.225
1207.77	147.249
1207.9	147.277
1208.02	147.317
1208.15	147.362
1208.28	147.424
1208.41	147.499
1208.54	147.579
1208.67	147.689
1208.79	147.8
1208.92	147.903
1209.05	148.001
1209.18	148.106
1209.31	148.208
1209.43	148.314
1209.56	148.423
1209.69	148.537
1209.82	148.634
1209.95	148.712
1210.07	148.763
1210.2	148.809
1210.33	148.834
1210.46	148.847
1210.59	148.877
1210.71	148.9
1210.84	148.915
1210.97	148.907
1211.1	148.871
1211.23	148.82
1211.35	148.761
1211.48	148.689
1211.61	148.616
1211.74	148.548
1211.87	148.484
1211.99	148.427
1212.12	148.377
1212.25	148.329
1212.38	148.299
1212.51	148.291
1212.63	148.299
1212.76	148.32
1212.89	148.342
1213.02	148.368
1213.14	148.405
1213.27	148.451
1213.4	148.494
1213.53	148.528
1213.66	148.552
1213.78	148.562
1213.91	148.563
1214.04	148.578
1214.17	148.606
1214.29	148.652
1214.42	148.702
1214.55	148.738
1214.68	148.777
1214.81	148.822
1214.93	148.88
1215.06	148.946
1215.19	149.017
1215.32	149.088
1215.44	149.153
1215.57	149.224
1215.7	149.301
1215.83	149.391
1215.95	149.484
1216.08	149.613
1216.21	149.771
1216.34	149.949
1216.46	150.136
1216.59	150.329
1216.72	150.535
1216.85	150.76
1216.97	151.001
1217.1	151.242
1217.23	151.464
1217.36	151.675
1217.49	151.884
1217.61	152.067
1217.74	152.25
1217.87	152.414
1217.99	152.567
1218.12	152.719
1218.25	152.856
1218.38	152.969
1218.5	153.027
1218.63	153.03
1218.76	152.983
1218.89	152.889
1219.01	152.765
1219.14	152.604
1219.27	152.404
1219.4	152.165
1219.52	151.893
1219.65	151.597
1219.78	151.271
1219.91	150.916
1220.03	150.546
1220.16	150.164
1220.29	149.777
1220.41	149.41
1220.54	149.059
1220.67	148.728
1220.8	148.415
1220.92	148.132
1221.05	147.88
1221.18	147.677
1221.3	147.507
1221.34	147.477
1221.46	147.386
1221.59	147.322
1221.72	147.292
1221.85	147.284
1221.98	147.296
1222.1	147.329
1222.23	147.365
1222.36	147.403
1222.49	147.462
1222.62	147.548
1222.74	147.654
1222.87	147.769
1223	147.902
1223.13	148.054
1223.26	148.229
1223.38	148.41
1223.51	148.598
1223.64	148.785
1223.77	148.967
1223.89	149.154
1224.02	149.352
1224.15	149.538
1224.28	149.693
1224.41	149.83
1224.53	149.949
1224.66	150.045
1224.79	150.122
1224.92	150.176
1225.04	150.204
1225.17	150.21
1225.3	150.186
1225.43	150.138
1225.56	150.083
1225.68	150.009
1225.81	149.924
1225.94	149.822
1226.07	149.702
1226.19	149.565
1226.32	149.401
1226.45	149.227
1226.58	149.055
1226.7	148.885
1226.83	148.722
1226.96	148.582
1227.09	148.445
1227.21	148.312
1227.34	148.182
1227.47	148.068
1227.6	147.973
1227.72	147.896
1227.85	147.837
1227.98	147.776
1228.11	147.721
1228.23	147.678
1228.36	147.64
1228.49	147.608
1228.62	147.6
1228.74	147.597
1228.87	147.624
1229	147.689
1229.13	147.785
1229.25	147.896
1229.38	148.007
1229.51	148.126
1229.64	148.26
1229.76	148.402
1229.89	148.565
1230.02	148.727
1230.15	148.876
1230.27	149.034
1230.4	149.202
1230.53	149.382
1230.66	149.57
1230.78	149.757
1230.91	149.93
1231.04	150.091
1231.17	150.235
1231.29	150.363
1231.42	150.475
1231.55	150.573
1231.67	150.656
1231.8	150.723
1231.93	150.795
1232.06	150.86
1232.18	150.918
1232.31	150.975
1232.44	151.015
1232.56	151.054
1232.69	151.101
1232.82	151.136
1232.95	151.142
1233.07	151.109
1233.2	151.054
1233.33	150.988
1233.45	150.907
1233.58	150.809
1233.71	150.69
1233.84	150.545
1233.96	150.384
1234.09	150.205
1234.22	150.005
1234.34	149.79
1234.47	149.568
1234.6	149.336
1234.72	149.097
1234.85	148.856
1234.98	148.62
1235.11	148.381
1235.23	148.161
1235.36	147.978
1235.49	147.827
1235.61	147.706
1235.74	147.608
1235.87	147.525
1235.99	147.48
1236.12	147.482
1236.25	147.527
1236.37	147.615
1236.5	147.739
1236.63	147.89
1236.76	148.085
1236.88	148.315
1237.01	148.571
1237.14	148.847
1237.26	149.146
1237.39	149.48
1237.52	149.83
1237.64	150.19
1237.77	150.558
1237.9	150.94
1238.02	151.327
1238.15	151.709
1238.28	152.084
1238.4	152.448
1238.53	152.808
1238.66	153.147
1238.78	153.464
1238.91	153.73
1239.04	153.958
1239.16	154.151
1239.29	154.292
1239.42	154.387
1239.54	154.443
1239.67	154.456
1239.8	154.445
1239.92	154.411
1240.05	154.356
1240.18	154.268
1240.3	154.152
1240.43	154.007
1240.56	153.836
1240.68	153.647
1240.81	153.446
1240.94	153.222
1241.06	152.975
1241.19	152.74
1241.32	152.521
1241.44	152.326
1241.57	152.16
1241.7	152.01
1241.82	151.871
1241.95	151.762
1242.08	151.681
1242.2	151.626
1242.33	151.584
1242.45	151.567
1242.58	151.568
1242.71	151.59
1242.83	151.63
1242.96	151.662
1243.09	151.696
1243.21	151.728
1243.34	151.754
1243.47	151.794
1243.59	151.839
1243.72	151.868
1243.84	151.865
1243.97	151.845
1244.1	151.834
1244.22	151.826
1244.35	151.812
1244.48	151.795
1244.6	151.781
1244.73	151.772
1244.85	151.77
1244.98	151.783
1245.11	151.811
1245.23	151.842
1245.36	151.871
1245.49	151.902
1245.61	151.925
1245.74	151.952
1245.86	151.988
1245.99	152.03
1246.12	152.092
1246.24	152.173
1246.37	152.277
1246.5	152.395
1246.62	152.519
1246.75	152.649
1246.87	152.806
1247	152.981
1247.13	153.153
1247.25	153.306
1247.38	153.419
1247.5	153.508
1247.63	153.586
1247.66	153.563
1247.79	153.613
1247.91	153.64
1248.04	153.647
1248.17	153.619
1248.29	153.546
1248.42	153.442
1248.55	153.304
1248.67	153.148
1248.8	152.978
1248.93	152.793
1249.05	152.593
1249.18	152.388
1249.31	152.19
1249.43	151.985
1249.56	151.788
1249.69	151.585
1249.82	151.397
1249.94	151.237
1250.07	151.095
1250.2	150.976
1250.32	150.894
1250.45	150.856
1250.58	150.866
1250.7	150.929
1250.83	151.043
1250.96	151.191
1251.08	151.373
1251.21	151.588
1251.33	151.842
1251.46	152.136
1251.59	152.452
1251.71	152.783
1251.84	153.118
1251.97	153.476
1252.09	153.831
1252.22	154.183
1252.35	154.52
1252.47	154.838
1252.6	155.139
1252.73	155.435
1252.85	155.721
1252.98	155.979
1253.11	156.198
1253.23	156.394
1253.36	156.554
1253.49	156.678
1253.61	156.764
1253.74	156.811
1253.86	156.829
1253.99	156.809
1254.12	156.759
1254.24	156.69
1254.37	156.593
1254.5	156.449
1254.62	156.265
1254.75	156.059
1254.88	155.851
1255	155.634
1255.13	155.414
1255.25	155.203
1255.38	155.009
1255.51	154.837
1255.63	154.682
1255.76	154.557
1255.89	154.442
1256.01	154.319
1256.14	154.197
1256.26	154.086
1256.39	153.968
1256.52	153.856
1256.64	153.739
1256.77	153.615
1256.89	153.492
1257.02	153.374
1257.15	153.278
1257.27	153.191
1257.4	153.124
1257.53	153.087
1257.65	153.094
1257.78	153.126
1257.9	153.163
1258.03	153.194
1258.16	153.213
1258.28	153.241
1258.41	153.268
1258.53	153.293
1258.66	153.324
1258.79	153.357
1258.91	153.386
1259.04	153.412
1259.16	153.437
1259.29	153.464
1259.42	153.479
1259.54	153.485
1259.67	153.482
1259.79	153.468
1259.92	153.449
1260.05	153.432
1260.17	153.418
1260.3	153.395
1260.42	153.389
1260.55	153.375
1260.67	153.365
1260.8	153.353
1260.93	153.335
1261.05	153.302
1261.18	153.277
1261.3	153.254
1261.43	153.234
1261.56	153.222
1261.68	153.198
1261.81	153.162
1261.93	153.116
1262.06	153.074
1262.18	153.031
1262.31	152.985
1262.44	152.945
1262.56	152.894
1262.69	152.837
1262.81	152.776
1262.94	152.685
1263.06	152.575
1263.19	152.458
1263.32	152.341
1263.44	152.228
1263.57	152.12
1263.69	152.025
1263.82	151.939
1263.94	151.869
1264.07	151.819
1264.2	151.78
1264.32	151.756
1264.45	151.754
1264.57	151.771
1264.7	151.797
1264.82	151.829
1264.95	151.872
1265.07	151.916
1265.2	151.941
1265.33	151.948
1265.45	151.95
1265.58	151.942
1265.7	151.934
1265.83	151.93
1265.95	151.94
1266.08	151.962
1266.2	152.006
1266.33	152.067
1266.45	152.14
1266.58	152.228
1266.71	152.308
1266.83	152.384
1266.96	152.483
1267.08	152.588
1267.21	152.684
1267.33	152.772
1267.46	152.85
1267.58	152.92
1267.71	152.99
1267.83	153.071
1267.96	153.167
1268.08	153.27
1268.21	153.397
1268.33	153.552
1268.46	153.731
1268.59	153.925
1268.71	154.123
1268.84	154.33
1268.96	154.544
1269.09	154.766
1269.21	154.987
1269.34	155.21
1269.46	155.439
1269.59	155.663
1269.71	155.9
1269.84	156.144
1269.96	156.382
1270.09	156.608
1270.21	156.799
1270.34	156.954
1270.46	157.069
1270.59	157.151
1270.71	157.214
1270.84	157.265
1270.96	157.301
1271.09	157.314
1271.21	157.331
1271.34	157.299
1271.46	157.226
1271.59	157.117
1271.71	156.981
1271.84	156.807
1271.96	156.613
1272.09	156.393
1272.21	156.163
1272.34	155.93
1272.46	155.682
1272.59	155.435
1272.71	155.191
1272.84	154.963
1272.96	154.745
1273.09	154.55
1273.21	154.372
1273.34	154.198
1273.46	154.043
1273.59	153.894
1273.71	153.752
1273.84	153.625
1273.96	153.508
1274.08	153.402
1274.2	153.293
1274.33	153.187
1274.46	153.096
1274.58	153.021
1274.71	152.977
1274.83	152.943
1274.96	152.914
1275.08	152.898
1275.21	152.898
1275.33	152.899
1275.46	152.89
1275.59	152.873
1275.71	152.84
1275.84	152.788
1275.96	152.708
1276.09	152.605
1276.21	152.481
1276.34	152.32
1276.46	152.152
1276.59	151.962
1276.72	151.758
1276.84	151.55
1276.97	151.35
1277.09	151.152
1277.22	150.956
1277.34	150.773
1277.47	150.593
1277.59	150.441
1277.72	150.324
1277.84	150.205
1277.97	150.103
1278.09	150.011
1278.22	149.937
1278.35	149.875
1278.47	149.837
1278.6	149.835
1278.72	149.858
1278.85	149.901
1278.97	149.976
1279.1	150.063
1279.22	150.17
1279.35	150.291
1279.47	150.422
1279.6	150.57
1279.72	150.738
1279.85	150.918
1279.97	151.106
1280.1	151.298
1280.22	151.494
1280.35	151.686
1280.48	151.886
1280.6	152.074
1280.72	152.24
1280.85	152.374
1280.98	152.466
1281.1	152.52
1281.23	152.52
1281.35	152.488
1281.48	152.443
1281.6	152.387
1281.73	152.321
1281.85	152.237
1281.98	152.145
1282.1	152.019
1282.23	151.891
1282.35	151.764
1282.48	151.635
1282.6	151.493
1282.73	151.361
1282.85	151.25
1282.98	151.159
1283.1	151.089
1283.23	151.048
1283.35	151.049
1283.48	151.083
1283.6	151.163
1283.73	151.272
1283.85	151.415
1283.98	151.578
1284.1	151.757
1284.23	151.94
1284.35	152.124
1284.48	152.31
1284.6	152.486
1284.73	152.645
1284.85	152.79
1284.98	152.922
1285.1	153.034
1285.22	153.132
1285.35	153.225
1285.47	153.307
1285.6	153.359
1285.72	153.398
1285.85	153.42
1285.97	153.419
1286.1	153.396
1286.22	153.356
1286.35	153.292
1286.47	153.212
1286.6	153.127
1286.72	153.027
1286.85	152.913
1286.97	152.792
1287.1	152.659
1287.22	152.526
1287.35	152.368
1287.47	152.221
1287.59	152.087
1287.72	151.946
1287.84	151.811
1287.97	151.685
1288.09	151.587
1288.22	151.496
1288.34	151.438
1288.47	151.402
1288.59	151.375
1288.72	151.383
1288.84	151.411
1288.96	151.451
1289.09	151.501
1289.21	151.579
1289.34	151.667
1289.46	151.753
1289.59	151.842
1289.71	151.931
1289.84	152.004
1289.96	152.072
1290.09	152.117
1290.21	152.152
1290.33	152.193
1290.46	152.232
1290.58	152.275
1290.71	152.327
1290.83	152.388
1290.96	152.452
1291.08	152.52
1291.2	152.6
1291.33	152.698
1291.45	152.809
1291.58	152.923
1291.7	153.041
1291.83	153.157
1291.95	153.267
1292.08	153.378
1292.2	153.491
1292.32	153.6
1292.45	153.705
1292.57	153.804
1292.7	153.889
1292.82	153.963
1292.95	154.033
1293.07	154.085
1293.19	154.122
1293.32	154.131
1293.44	154.129
1293.57	154.104
1293.69	154.045
1293.81	153.973
1293.94	153.905
1294.06	153.852
1294.19	153.807
1294.31	153.78
1294.44	153.76
1294.56	153.754
1294.68	153.736
1294.81	153.704
1294.93	153.66
1295.06	153.597
1295.18	153.522
1295.3	153.438
1295.43	153.352
1295.55	153.267
1295.68	153.179
1295.8	153.089
1295.92	153.011
1296.05	152.949
1296.17	152.862
1296.3	152.761
1296.42	152.652
1296.54	152.545
1296.67	152.448
1296.79	152.366
1296.92	152.288
1297.04	152.207
1297.16	152.136
1297.29	152.079
1297.41	152.011
1297.54	151.945
1297.66	151.883
1297.78	151.819
1297.91	151.745
1298.03	151.668
1298.16	151.596
1298.28	151.495
1298.4	151.362
1298.53	151.211
1298.65	151.051
1298.77	150.892
1298.9	150.712
1299.02	150.54
1299.15	150.373
1299.27	150.215
1299.39	150.094
1299.52	149.986
1299.64	149.88
1299.76	149.791
1299.89	149.723
1299.97	149.679
1300.09	149.616
1300.22	149.566
1300.34	149.527
1300.46	149.495
1300.59	149.462
1300.71	149.419
1300.84	149.385
1300.96	149.356
1301.09	149.308
1301.21	149.26
1301.34	149.207
1301.46	149.147
1301.58	149.072
1301.71	148.99
1301.83	148.915
1301.96	148.861
1302.08	148.822
1302.21	148.792
1302.33	148.777
1302.45	148.781
1302.58	148.796
1302.7	148.826
1302.83	148.871
1302.95	148.931
1303.08	149.008
1303.2	149.1
1303.32	149.199
1303.45	149.315
1303.57	149.453
1303.7	149.599
1303.82	149.758
1303.94	149.908
1304.07	150.056
1304.19	150.181
1304.32	150.28
1304.44	150.382
1304.57	150.493
1304.69	150.614
1304.81	150.74
1304.94	150.886
1305.06	151.049
1305.19	151.221
1305.31	151.384
1305.43	151.545
1305.56	151.707
1305.68	151.87
1305.81	152.036
1305.93	152.205
1306.05	152.387
1306.18	152.58
1306.3	152.778
1306.43	152.982
1306.55	153.175
1306.67	153.341
1306.8	153.448
1306.92	153.53
1307.05	153.576
1307.17	153.611
1307.29	153.627
1307.42	153.62
1307.54	153.59
1307.67	153.531
1307.79	153.455
1307.91	153.377
1308.04	153.289
1308.16	153.216
1308.29	153.144
1308.41	153.089
1308.53	153.044
1308.66	153.02
1308.78	153.002
1308.9	152.961
1309.03	152.906
1309.15	152.829
1309.28	152.753
1309.4	152.655
1309.52	152.524
1309.65	152.387
1309.77	152.249
1309.9	152.105
1310.02	151.963
1310.14	151.791
1310.27	151.603
1310.39	151.4
1310.51	151.174
1310.64	150.922
1310.76	150.665
1310.88	150.42
1311.01	150.186
1311.13	149.961
1311.26	149.734
1311.38	149.518
1311.5	149.32
1311.63	149.126
1311.75	148.926
1311.87	148.744
1312	148.575
1312.12	148.424
1312.24	148.281
1312.37	148.149
1312.49	148.039
1312.61	147.958
1312.74	147.9
1312.86	147.868
1312.99	147.866
1313.11	147.901
1313.23	147.962
1313.36	148.051
1313.48	148.163
1313.6	148.296
1313.73	148.456
1313.85	148.642
1313.97	148.853
1314.1	149.093
1314.22	149.358
1314.34	149.643
1314.47	149.954
1314.59	150.278
1314.71	150.597
1314.84	150.902
1314.96	151.191
1315.08	151.463
1315.21	151.694
1315.33	151.874
1315.45	152.01
1315.58	152.12
1315.7	152.188
1315.82	152.194
1315.95	152.149
1316.07	152.063
1316.19	151.933
1316.32	151.769
1316.44	151.554
1316.56	151.317
1316.69	151.087
1316.81	150.862
1316.93	150.643
1317.06	150.433
1317.18	150.224
1317.3	150.032
1317.43	149.846
1317.55	149.692
1317.67	149.553
1317.79	149.454
1317.92	149.379
1318.04	149.323
1318.16	149.267
1318.29	149.216
1318.41	149.176
1318.53	149.154
1318.66	149.147
1318.78	149.155
1318.9	149.171
1319.03	149.209
1319.15	149.26
1319.27	149.328
1319.4	149.391
1319.52	149.449
1319.64	149.502
1319.76	149.539
1319.89	149.576
1320.01	149.573
1320.13	149.551
1320.26	149.522
1320.38	149.482
1320.5	149.43
1320.63	149.357
1320.75	149.272
1320.87	149.179
1320.99	149.054
1321.12	148.909
1321.24	148.761
1321.36	148.625
1321.48	148.519
1321.61	148.425
1321.73	148.34
1321.85	148.263
1321.98	148.209
1322.1	148.182
1322.22	148.17
1322.35	148.179
1322.47	148.236
1322.59	148.326
1322.71	148.453
1322.84	148.601
1322.96	148.771
1323.08	148.966
1323.2	149.18
1323.33	149.414
1323.45	149.656
1323.57	149.91
1323.7	150.179
1323.82	150.436
1323.94	150.677
1324.06	150.906
1324.19	151.111
1324.31	151.296
1324.43	151.448
1324.55	151.558
1324.68	151.622
1324.8	151.63
1324.92	151.606
1325.04	151.551
1325.14	151.481
1325.27	151.369
1325.39	151.245
1325.51	151.097
1325.64	150.921
1325.76	150.72
1325.88	150.517
1326.01	150.329
1326.13	150.157
1326.25	149.985
1326.38	149.811
1326.5	149.66
1326.62	149.522
1326.75	149.396
1326.87	149.294
1326.99	149.193
1327.12	149.125
1327.24	149.096
1327.36	149.09
1327.49	149.105
1327.61	149.141
1327.73	149.194
1327.86	149.282
1327.98	149.398
1328.1	149.552
1328.22	149.716
1328.35	149.908
1328.47	150.101
1328.59	150.299
1328.72	150.482
1328.84	150.658
1328.96	150.816
1329.09	150.968
1329.21	151.122
1329.33	151.264
1329.46	151.39
1329.58	151.501
1329.7	151.592
1329.82	151.667
1329.95	151.733
1330.07	151.802
1330.19	151.857
1330.32	151.896
1330.44	151.921
1330.56	151.936
1330.69	151.965
1330.81	151.983
1330.93	151.997
1331.05	152.014
1331.18	152.025
1331.3	152.051
1331.42	152.09
1331.55	152.125
1331.67	152.182
1331.79	152.251
1331.91	152.334
1332.04	152.433
1332.16	152.536
1332.28	152.63
1332.41	152.726
1332.53	152.827
1332.65	152.93
1332.77	153.023
1332.9	153.112
1333.02	153.2
1333.14	153.271
1333.27	153.334
1333.39	153.371
1333.51	153.392
1333.63	153.396
1333.76	153.377
1333.88	153.338
1334	153.273
1334.13	153.196
1334.25	153.112
1334.37	153.015
1334.49	152.91
1334.62	152.824
1334.74	152.757
1334.86	152.711
1334.98	152.67
1335.11	152.63
1335.23	152.585
1335.35	152.534
1335.47	152.495
1335.6	152.461
1335.72	152.442
1335.84	152.435
1335.96	152.439
1336.09	152.453
1336.21	152.494
1336.33	152.554
1336.45	152.645
1336.58	152.767
1336.7	152.899
1336.82	153.032
1336.95	153.16
1337.07	153.288
1337.19	153.419
1337.31	153.542
1337.43	153.655
1337.56	153.745
1337.68	153.816
1337.8	153.873
1337.92	153.889
1338.05	153.86
1338.17	153.792
1338.29	153.705
1338.41	153.624
1338.54	153.546
1338.66	153.454
1338.78	153.33
1338.9	153.199
1339.03	153.047
1339.15	152.895
1339.27	152.728
1339.39	152.544
1339.52	152.353
1339.64	152.171
1339.76	152.01
1339.88	151.852
1340	151.695
1340.13	151.539
1340.25	151.387
1340.37	151.24
1340.49	151.123
1340.62	151.025
1340.74	150.937
1340.86	150.859
1340.98	150.802
1341.1	150.798
1341.23	150.836
1341.35	150.878
1341.47	150.933
1341.59	151.009
1341.71	151.103
1341.84	151.229
1341.96	151.387
1342.08	151.572
1342.2	151.783
1342.33	152.008
1342.45	152.252
1342.57	152.515
1342.69	152.784
1342.81	153.056
1342.94	153.337
1343.06	153.617
1343.18	153.892
1343.3	154.16
1343.42	154.418
1343.55	154.652
1343.67	154.862
1343.79	155.039
1343.91	155.18
1344.03	155.294
1344.16	155.364
1344.28	155.387
1344.4	155.364
1344.52	155.296
1344.64	155.198
1344.77	155.059
1344.89	154.886
1345.01	154.692
1345.13	154.509
1345.25	154.325
1345.37	154.135
1345.5	153.916
1345.62	153.687
1345.74	153.449
1345.86	153.196
1345.98	152.932
1346.11	152.665
1346.23	152.402
1346.35	152.112
1346.47	151.813
1346.59	151.538
1346.71	151.283
1346.84	151.044
1346.96	150.836
1347.08	150.666
1347.2	150.512
1347.32	150.394
1347.45	150.313
1347.57	150.28
1347.69	150.299
1347.81	150.343
1347.93	150.425
1348.05	150.545
1348.18	150.689
1348.3	150.845
1348.42	150.995
1348.54	151.139
1348.66	151.284
1348.78	151.45
1348.9	151.641
1349.03	151.84
1349.15	152.015
1349.27	152.167
1349.39	152.321
1349.51	152.469
1349.63	152.622
1349.76	152.757
1349.88	152.875
1350	152.992
1350.12	153.112
1350.24	153.242
1350.36	153.367
1350.48	153.485
1350.61	153.595
1350.61	153.598
1350.73	153.699
1350.85	153.805
1350.98	153.896
1351.1	153.974
1351.22	154.037
1351.34	154.121
1351.47	154.232
1351.59	154.331
1351.71	154.41
1351.83	154.477
1351.95	154.533
1352.08	154.573
1352.2	154.602
1352.32	154.622
1352.44	154.634
1352.56	154.63
1352.69	154.626
1352.81	154.624
1352.93	154.623
1353.05	154.615
1353.17	154.609
1353.3	154.614
1353.42	154.635
1353.54	154.674
1353.66	154.727
1353.78	154.797
1353.91	154.877
1354.03	154.988
1354.15	155.103
1354.27	155.237
1354.39	155.375
1354.52	155.509
1354.64	155.631
1354.76	155.729
1354.88	155.808
1355	155.862
1355.13	155.87
1355.25	155.847
1355.37	155.8
1355.49	155.745
1355.61	155.664
1355.73	155.564
1355.86	155.435
1355.98	155.269
1356.1	155.078
1356.22	154.862
1356.34	154.626
1356.47	154.381
1356.59	154.123
1356.71	153.832
1356.83	153.538
1356.95	153.253
1357.07	152.954
1357.2	152.651
1357.32	152.355
1357.44	152.077
1357.56	151.82
1357.68	151.603
1357.8	151.417
1357.93	151.267
1358.05	151.159
1358.17	151.094
1358.29	151.085
1358.41	151.126
1358.53	151.212
1358.66	151.337
1358.78	151.493
1358.9	151.679
1359.02	151.893
1359.14	152.135
1359.26	152.408
1359.39	152.69
1359.51	152.965
1359.63	153.24
1359.75	153.511
1359.87	153.767
1359.99	154.005
1360.11	154.212
1360.24	154.384
1360.36	154.519
1360.48	154.623
1360.6	154.694
1360.72	154.73
1360.84	154.726
1360.96	154.686
1361.09	154.608
1361.21	154.485
1361.33	154.334
1361.45	154.152
1361.57	153.932
1361.69	153.697
1361.81	153.481
1361.94	153.259
1362.06	153.033
1362.18	152.833
1362.3	152.644
1362.42	152.463
1362.54	152.301
1362.66	152.174
1362.78	152.073
1362.91	152.007
1363.03	151.973
1363.15	151.984
1363.27	152.039
1363.39	152.136
1363.51	152.275
1363.63	152.442
1363.76	152.632
1363.88	152.835
1364	153.028
1364.12	153.208
1364.24	153.394
1364.36	153.574
1364.48	153.753
1364.6	153.909
1364.72	154.059
1364.85	154.186
1364.97	154.306
1365.09	154.394
1365.21	154.465
1365.33	154.542
1365.45	154.59
1365.57	154.608
1365.69	154.607
1365.81	154.594
1365.94	154.581
1366.06	154.558
1366.18	154.534
1366.3	154.504
1366.42	154.468
1366.54	154.435
1366.66	154.407
1366.78	154.382
1366.9	154.387
1367.02	154.4
1367.15	154.416
1367.27	154.443
1367.39	154.474
1367.51	154.495
1367.63	154.516
1367.75	154.544
1367.87	154.585
1367.99	154.647
1368.11	154.716
1368.23	154.787
1368.35	154.863
1368.48	154.956
1368.6	155.055
1368.72	155.165
1368.84	155.277
1368.96	155.388
1369.08	155.491
1369.2	155.578
1369.32	155.641
1369.44	155.689
1369.56	155.71
1369.68	155.712
1369.8	155.696
1369.92	155.664
1370.05	155.61
1370.17	155.533
1370.29	155.439
1370.41	155.327
1370.53	155.203
1370.65	155.062
1370.77	154.927
1370.89	154.818
1371.01	154.71
1371.13	154.613
1371.25	154.527
1371.37	154.454
1371.49	154.389
1371.61	154.342
1371.73	154.331
1371.86	154.34
1371.98	154.373
1372.1	154.45
1372.22	154.561
1372.34	154.676
1372.46	154.816
1372.58	154.985
1372.7	155.136
1372.82	155.26
1372.94	155.375
1373.06	155.482
1373.18	155.552
1373.3	155.597
1373.42	155.614
1373.54	155.619
1373.66	155.617
1373.78	155.598
1373.9	155.558
1374.02	155.47
1374.15	155.339
1374.27	155.164
1374.39	154.941
1374.51	154.674
1374.55	154.56
1374.68	154.241
1374.8	153.888
1374.92	153.494
1375.04	153.06
1375.16	152.578
1375.28	152.081
1375.4	151.569
1375.52	151.072
1375.65	150.579
1375.77	150.065
1375.89	149.545
1376.01	149.035
1376.13	148.556
1376.25	148.12
1376.37	147.725
1376.49	147.378
1376.61	147.084
1376.73	146.846
1376.86	146.678
1376.98	146.586
1377.1	146.573
1377.22	146.644
1377.34	146.775
1377.46	146.975
1377.58	147.234
1377.7	147.541
1377.82	147.879
1377.94	148.256
1378.06	148.654
1378.19	149.086
1378.31	149.546
1378.43	150.007
1378.55	150.467
1378.67	150.934
1378.79	151.393
1378.91	151.839
1379.03	152.274
1379.15	152.678
1379.27	153.047
1379.39	153.382
1379.52	153.663
1379.64	153.883
1379.76	154.045
1379.88	154.165
1380	154.246
1380.12	154.288
1380.24	154.294
1380.36	154.252
1380.48	154.167
1380.6	154.043
1380.72	153.89
1380.84	153.719
1380.96	153.537
1381.08	153.365
1381.21	153.194
1381.33	153.009
1381.45	152.826
1381.57	152.646
1381.69	152.466
1381.81	152.29
1381.93	152.127
1382.05	151.983
1382.17	151.867
1382.29	151.792
1382.41	151.747
1382.53	151.712
1382.65	151.683
1382.77	151.668
1382.89	151.657
1383.01	151.631
1383.14	151.601
1383.26	151.586
1383.38	151.575
1383.5	151.563
1383.62	151.561
1383.74	151.583
1383.86	151.628
1383.98	151.685
1384.1	151.743
1384.22	151.806
1384.34	151.857
1384.46	151.903
1384.58	151.938
1384.7	151.965
1384.82	151.992
1384.94	152.022
1385.06	152.053
1385.18	152.094
1385.3	152.131
1385.42	152.164
1385.54	152.205
1385.66	152.284
1385.78	152.385
1385.91	152.512
1386.03	152.65
1386.15	152.784
1386.27	152.924
1386.39	153.095
1386.51	153.294
1386.63	153.507
1386.75	153.737
1386.87	153.97
1386.99	154.206
1387.11	154.45
1387.23	154.705
1387.35	154.956
1387.47	155.193
1387.59	155.416
1387.71	155.627
1387.83	155.828
1387.95	156.004
1388.07	156.145
1388.19	156.258
1388.31	156.345
1388.43	156.394
1388.55	156.425
1388.67	156.438
1388.79	156.419
1388.91	156.38
1389.03	156.325
1389.15	156.249
1389.27	156.17
1389.39	156.102
1389.51	156.029
1389.63	155.957
1389.75	155.886
1389.87	155.807
1389.99	155.72
1390.11	155.637
1390.23	155.575
1390.35	155.534
1390.47	155.515
1390.59	155.502
1390.71	155.482
1390.83	155.449
1390.95	155.407
1391.07	155.353
1391.19	155.29
1391.31	155.223
1391.43	155.147
1391.55	155.07
1391.67	154.996
1391.79	154.924
1391.91	154.849
1392.03	154.772
1392.15	154.687
1392.27	154.61
1392.39	154.55
1392.51	154.536
1392.63	154.554
1392.75	154.589
1392.87	154.623
1392.99	154.655
1393.11	154.68
1393.23	154.699
1393.35	154.712
1393.47	154.722
1393.59	154.72
1393.71	154.725
1393.83	154.734
1393.94	154.742
1394.06	154.768
1394.18	154.802
1394.3	154.839
1394.42	154.878
1394.54	154.93
1394.66	154.973
1394.78	155.011
1394.9	155.042
1395.02	155.065
1395.14	155.086
1395.26	155.097
1395.38	155.101
1395.5	155.099
1395.62	155.076
1395.74	155.045
1395.86	155.014
1395.98	154.978
1396.1	154.925
1396.22	154.869
1396.34	154.8
1396.46	154.699
1396.58	154.597
1396.7	154.497
1396.82	154.385
1396.93	154.254
1397.05	154.125
1397.17	154.003
1397.29	153.897
1397.41	153.806
1397.53	153.726
1397.65	153.643
1397.77	153.568
1397.89	153.503
1398.01	153.447
1398.13	153.4
1398.25	153.362
1398.37	153.335
1398.49	153.317
1398.61	153.315
1398.73	153.314
1398.85	153.334
1398.96	153.362
1399.08	153.38
1399.2	153.377
1399.32	153.36
1399.44	153.328
1399.56	153.301
1399.68	153.265
1399.8	153.194
1399.92	153.102
1400.04	152.992
1400.16	152.85
1400.28	152.682
1400.4	152.526
1400.52	152.394
1400.64	152.277
1400.76	152.174
1400.88	152.073
1401	151.991
1401.12	151.909
1401.24	151.84
1401.36	151.779
1401.48	151.722
1401.6	151.685
1401.72	151.659
1401.84	151.665
1401.96	151.7
1402.08	151.751
1402.2	151.801
1402.32	151.841
1402.44	151.878
1402.56	151.931
1402.67	151.991
1402.79	152.085
1402.91	152.181
1403.03	152.287
1403.15	152.386
1403.27	152.491
1403.39	152.594
1403.51	152.687
1403.63	152.773
1403.75	152.859
1403.87	152.938
1403.99	153.032
1404.11	153.109
1404.23	153.183
1404.35	153.281
1404.47	153.399
1404.59	153.521
1404.71	153.646
1404.83	153.777
1404.95	153.897
1405.07	154.016
1405.19	154.128
1405.31	154.231
1405.43	154.335
1405.55	154.423
1405.67	154.503
1405.79	154.567
1405.91	154.62
1406.03	154.678
1406.15	154.731
1406.26	154.77
1406.38	154.812
1406.5	154.86
1406.62	154.901
1406.74	154.932
1406.86	154.966
1406.98	154.996
1407.1	155.016
1407.22	155.027
1407.34	155.053
1407.46	155.101
1407.58	155.157
1407.7	155.229
1407.82	155.32
1407.94	155.418
1408.06	155.517
1408.18	155.591
1408.3	155.65
1408.42	155.712
1408.53	155.775
1408.65	155.831
1408.77	155.881
1408.89	155.942
1409.01	156.001
1409.13	156.071
1409.25	156.138
1409.37	156.204
1409.49	156.256
1409.61	156.312
1409.73	156.38
1409.85	156.454
1409.97	156.497
1410.09	156.51
1410.2	156.509
1410.32	156.481
1410.44	156.416
1410.56	156.327
1410.68	156.228
1410.8	156.118
1410.92	155.985
1411.04	155.827
1411.16	155.654
1411.28	155.497
1411.4	155.326
1411.52	155.151
1411.64	154.964
1411.75	154.771
1411.87	154.603
1411.99	154.457
1412.11	154.355
1412.23	154.291
1412.35	154.266
1412.47	154.263
1412.59	154.303
1412.71	154.396
1412.83	154.535
1412.94	154.708
1413.06	154.937
1413.18	155.192
1413.3	155.494
1413.42	155.816
1413.54	156.162
1413.66	156.514
1413.78	156.866
1413.9	157.22
1414.02	157.572
1414.14	157.895
1414.25	158.179
1414.37	158.436
1414.49	158.687
1414.61	158.93
1414.73	159.159
1414.85	159.353
1414.97	159.512
1415.09	159.633
1415.21	159.707
1415.32	159.747
1415.44	159.756
1415.56	159.74
1415.68	159.683
1415.8	159.58
1415.92	159.454
1416.04	159.305
1416.16	159.152
1416.27	158.988
1416.39	158.8
1416.51	158.604
1416.63	158.426
1416.75	158.268
1416.87	158.128
1416.99	158.003
1417.11	157.907
1417.22	157.854
1417.34	157.832
1417.46	157.844
1417.58	157.892
1417.7	157.993
1417.82	158.142
1417.94	158.348
1418.05	158.605
1418.17	158.898
1418.29	159.199
1418.41	159.502
1418.53	159.812
1418.65	160.128
1418.77	160.449
1418.89	160.741
1419	161.007
1419.12	161.243
1419.24	161.431
1419.36	161.587
1419.48	161.71
1419.6	161.794
1419.72	161.829
1419.83	161.83
1419.95	161.802
1420.07	161.717
1420.19	161.567
1420.31	161.363
1420.43	161.117
1420.54	160.822
1420.66	160.489
1420.78	160.099
1420.9	159.66
1421.02	159.203
1421.14	158.709
1421.26	158.181
1421.37	157.642
1421.49	157.112
1421.61	156.576
1421.73	156.023
1421.85	155.47
1421.97	154.923
1422.08	154.407
1422.2	153.925
1422.32	153.486
1422.44	153.085
1422.56	152.739
1422.67	152.45
1422.79	152.237
1422.91	152.079
1423.03	151.968
1423.15	151.914
1423.27	151.933
1423.39	151.999
1423.5	152.108
1423.62	152.244
1423.74	152.424
1423.74	152.422
1423.86	152.652
1423.98	152.913
1424.1	153.191
1424.22	153.467
1424.34	153.75
1424.46	154.06
1424.58	154.389
1424.69	154.734
1424.81	155.087
1424.93	155.43
1425.05	155.761
1425.17	156.069
1425.29	156.356
1425.41	156.635
1425.53	156.897
1425.65	157.143
1425.76	157.345
1425.88	157.526
1426	157.703
1426.12	157.866
1426.24	158.014
1426.36	158.113
1426.48	158.168
1426.6	158.201
1426.71	158.221
1426.83	158.227
1426.95	158.21
1427.07	158.165
1427.19	158.114
1427.31	158.06
1427.43	157.991
1427.54	157.914
1427.66	157.829
1427.78	157.758
1427.9	157.697
1428.02	157.658
1428.14	157.652
1428.26	157.665
1428.38	157.691
1428.49	157.746
1428.61	157.82
1428.73	157.909
1428.85	158.001
1428.97	158.098
1429.09	158.194
1429.21	158.282
1429.32	158.369
1429.44	158.453
1429.56	158.533
1429.68	158.597
1429.8	158.641
1429.92	158.669
1430.04	158.674
1430.15	158.659
1430.27	158.625
1430.39	158.57
1430.51	158.509
1430.63	158.439
1430.75	158.355
1430.86	158.233
1430.98	158.091
1431.1	157.952
1431.22	157.791
1431.34	157.625
1431.46	157.443
1431.57	157.251
1431.69	157.045
1431.81	156.814
1431.93	156.581
1432.05	156.344
1432.17	156.112
1432.28	155.891
1432.4	155.679
1432.52	155.492
1432.64	155.333
1432.76	155.213
1432.88	155.132
1432.99	155.077
1433.11	155.067
1433.23	155.097
1433.35	155.169
1433.47	155.258
1433.59	155.365
1433.7	155.489
1433.82	155.649
1433.94	155.842
1434.06	156.069
1434.18	156.308
1434.29	156.565
1434.41	156.827
1434.53	157.093
1434.65	157.367
1434.77	157.648
1434.89	157.937
1435	158.217
1435.12	158.49
1435.24	158.746
1435.36	158.988
1435.48	159.207
1435.59	159.399
1435.71	159.565
1435.83	159.704
1435.95	159.805
1436.07	159.896
1436.18	159.975
1436.3	160.039
1436.42	160.064
1436.54	160.045
1436.66	159.995
1436.77	159.942
1436.89	159.885
1437.01	159.831
1437.13	159.757
1437.25	159.655
1437.36	159.546
1437.48	159.417
1437.6	159.279
1437.72	159.133
1437.84	158.966
1437.95	158.781
1438.07	158.586
1438.19	158.406
1438.31	158.226
1438.43	158.05
1438.54	157.906
1438.66	157.786
1438.78	157.658
1438.9	157.526
1439.01	157.399
1439.13	157.28
1439.25	157.166
1439.37	157.067
1439.49	156.987
1439.6	156.907
1439.72	156.841
1439.84	156.773
1439.96	156.699
1440.07	156.628
1440.19	156.585
1440.31	156.567
1440.43	156.551
1440.54	156.542
1440.66	156.552
1440.78	156.579
1440.9	156.611
1441.02	156.652
1441.13	156.706
1441.25	156.795
1441.37	156.909
1441.49	157.034
1441.6	157.149
1441.72	157.274
1441.84	157.416
1441.96	157.558
1442.07	157.71
1442.19	157.869
1442.31	158.021
1442.43	158.163
1442.54	158.3
1442.66	158.42
1442.78	158.512
1442.9	158.598
1443.01	158.672
1443.13	158.727
1443.25	158.772
1443.37	158.787
1443.48	158.781
1443.6	158.748
1443.72	158.697
1443.84	158.627
1443.95	158.566
1444.07	158.509
1444.19	158.444
1444.31	158.371
1444.42	158.292
1444.54	158.195
1444.66	158.076
1444.78	157.934
1444.89	157.79
1445.01	157.657
1445.13	157.529
1445.24	157.406
1445.36	157.289
1445.48	157.187
1445.6	157.095
1445.71	157.014
1445.83	156.957
1445.95	156.911
1446.07	156.883
1446.18	156.888
1446.3	156.917
1446.42	156.969
1446.53	157.011
1446.65	157.074
1446.77	157.149
1446.89	157.25
1447	157.36
1447.12	157.474
1447.24	157.562
1447.36	157.622
1447.42	157.63
1447.53	157.646
1447.65	157.646
1447.77	157.614
1447.89	157.532
1448	157.407
1448.12	157.261
1448.24	157.088
1448.36	156.889
1448.48	156.693
1448.59	156.499
1448.71	156.281
1448.83	156.045
1448.95	155.804
1449.06	155.563
1449.18	155.317
1449.3	155.078
1449.42	154.856
1449.54	154.656
1449.65	154.468
1449.77	154.31
1449.89	154.176
1450.01	154.079
1450.13	154.028
1450.24	154.042
1450.36	154.086
1450.48	154.158
1450.6	154.267
1450.71	154.399
1450.83	154.558
1450.95	154.727
1451.07	154.914
1451.18	155.107
1451.3	155.326
1451.42	155.542
1451.54	155.753
1451.65	155.967
1451.77	156.203
1451.89	156.457
1452.01	156.695
1452.12	156.929
1452.24	157.145
1452.36	157.333
1452.48	157.486
1452.6	157.623
1452.71	157.724
1452.83	157.789
1452.95	157.835
1453.07	157.852
1453.18	157.83
1453.3	157.769
1453.42	157.657
1453.54	157.51
1453.65	157.344
1453.77	157.178
1453.89	157.009
1454.01	156.845
1454.12	156.668
1454.24	156.492
1454.36	156.331
1454.47	156.173
1454.59	156.009
1454.71	155.855
1454.83	155.715
1454.94	155.596
1455.06	155.508
1455.18	155.438
1455.3	155.39
1455.41	155.37
1455.53	155.361
1455.65	155.363
1455.77	155.374
1455.88	155.393
1456	155.404
1456.12	155.425
1456.23	155.465
1456.35	155.524
1456.47	155.596
1456.59	155.674
1456.7	155.771
1456.82	155.871
1456.94	155.984
1457.06	156.111
1457.17	156.237
1457.29	156.35
1457.41	156.451
1457.52	156.545
1457.64	156.641
1457.76	156.74
1457.88	156.816
1457.99	156.865
1458.11	156.905
1458.23	156.931
1458.34	156.934
1458.46	156.939
1458.58	156.932
1458.69	156.909
1458.81	156.883
1458.93	156.854
1459.05	156.805
1459.16	156.735
1459.28	156.663
1459.4	156.584
1459.51	156.512
1459.63	156.439
1459.75	156.366
1459.87	156.301
1459.98	156.248
1460.1	156.203
1460.22	156.172
1460.33	156.177
1460.45	156.188
1460.57	156.218
1460.68	156.267
1460.8	156.327
1460.92	156.398
1461.04	156.471
1461.15	156.553
1461.27	156.643
1461.39	156.751
1461.5	156.856
1461.62	156.987
1461.74	157.147
1461.85	157.339
1461.97	157.539
1462.09	157.72
1462.2	157.895
1462.32	158.061
1462.44	158.225
1462.55	158.373
1462.67	158.505
1462.79	158.624
1462.9	158.729
1463.02	158.837
1463.14	158.924
1463.25	158.975
1463.37	158.993
1463.49	158.984
1463.6	158.963
1463.72	158.942
1463.84	158.918
1463.95	158.872
1464.07	158.797
1464.19	158.692
1464.3	158.58
1464.42	158.447
1464.54	158.286
1464.65	158.108
1464.77	157.933
1464.89	157.738
1465	157.521
1465.12	157.319
1465.24	157.126
1465.35	156.945
1465.47	156.759
1465.59	156.562
1465.7	156.368
1465.82	156.179
1465.94	155.978
1466.05	155.776
1466.17	155.588
1466.29	155.422
1466.4	155.273
1466.52	155.132
1466.64	155.008
1466.75	154.905
1466.87	154.825
1466.98	154.765
1467.1	154.736
1467.22	154.714
1467.33	154.725
1467.45	154.766
1467.57	154.841
1467.68	154.96
1467.8	155.123
1467.92	155.311
1468.03	155.525
1468.15	155.776
1468.26	156.04
1468.38	156.314
1468.5	156.595
1468.61	156.862
1468.73	157.126
1468.85	157.384
1468.96	157.613
1469.08	157.816
1469.2	157.994
1469.31	158.164
1469.43	158.314
1469.54	158.453
1469.66	158.558
1469.78	158.648
1469.89	158.715
1470.01	158.769
1470.13	158.794
1470.24	158.803
1470.36	158.79
1470.47	158.729
1470.59	158.634
1470.71	158.521
1470.82	158.386
1470.94	158.213
1471.05	158.014
1471.17	157.803
1471.29	157.579
1471.4	157.339
1471.49	157.141
1471.61	156.901
1471.73	156.672
1471.84	156.452
1471.96	156.231
1472.08	156.016
1472.19	155.816
1472.31	155.628
1472.43	155.44
1472.54	155.249
1472.66	155.078
1472.78	154.938
1472.89	154.818
1473.01	154.721
1473.13	154.632
1473.24	154.547
1473.36	154.494
1473.48	154.447
1473.59	154.419
1473.71	154.416
1473.83	154.423
1473.94	154.429
1474.06	154.446
1474.18	154.471
1474.29	154.502
1474.41	154.538
1474.53	154.574
1474.64	154.614
1474.76	154.667
1474.88	154.716
1475	154.758
1475.11	154.825
1475.23	154.885
1475.34	154.936
1475.46	154.975
1475.58	155.02
1475.69	155.075
1475.81	155.139
1475.93	155.194
1476.04	155.262
1476.16	155.335
1476.28	155.409
1476.39	155.472
1476.51	155.532
1476.63	155.61
1476.74	155.69
1476.86	155.753
1476.98	155.79
1477.09	155.816
1477.21	155.823
1477.33	155.829
1477.44	155.804
1477.56	155.77
1477.68	155.738
1477.79	155.712
1477.91	155.684
1478.02	155.665
1478.14	155.663
1478.26	155.655
1478.37	155.653
1478.49	155.651
1478.61	155.65
1478.72	155.65
1478.84	155.651
1478.95	155.645
1479.07	155.65
1479.19	155.662
1479.3	155.698
1479.42	155.745
1479.54	155.789
1479.65	155.828
1479.77	155.896
1479.89	155.976
1480	156.078
1480.12	156.17
1480.23	156.266
1480.35	156.34
1480.47	156.392
1480.58	156.434
1480.7	156.48
1480.82	156.506
1480.93	156.518
1481.05	156.534
1481.16	156.539
1481.28	156.52
1481.4	156.478
1481.51	156.423
1481.63	156.353
1481.74	156.263
1481.86	156.155
1481.98	156.033
1482.09	155.896
1482.21	155.724
1482.33	155.534
1482.44	155.32
1482.56	155.105
1482.67	154.893
1482.79	154.676
1482.9	154.455
1483.02	154.242
1483.14	154.034
1483.25	153.829
1483.37	153.626
1483.49	153.411
1483.6	153.22
1483.72	153.045
1483.83	152.864
1483.95	152.694
1484.06	152.539
1484.18	152.388
1484.3	152.259
1484.41	152.158
1484.53	152.074
1484.64	152.032
1484.76	152.029
1484.88	152.06
1484.99	152.117
1485.11	152.192
1485.22	152.264
1485.34	152.342
1485.46	152.452
1485.57	152.591
1485.69	152.759
1485.8	152.939
1485.92	153.125
1486.03	153.319
1486.15	153.514
1486.27	153.699
1486.38	153.885
1486.5	154.082
1486.61	154.285
1486.73	154.474
1486.84	154.65
1486.96	154.822
1487.08	155.006
1487.19	155.198
1487.31	155.379
1487.42	155.542
1487.54	155.713
1487.65	155.884
1487.77	156.059
1487.89	156.236
1488	156.414
1488.12	156.582
1488.23	156.726
1488.35	156.856
1488.46	156.946
1488.58	156.991
1488.69	156.993
1488.81	156.969
1488.93	156.909
1489.04	156.836
1489.16	156.743
1489.27	156.641
1489.39	156.517
1489.5	156.382
1489.62	156.249
1489.73	156.124
1489.85	155.999
1489.97	155.869
1490.08	155.728
1490.2	155.583
1490.31	155.413
1490.43	155.229
1490.54	155.038
1490.66	154.849
1490.77	154.66
1490.89	154.498
1491	154.359
1491.12	154.237
1491.24	154.133
1491.35	154.054
1491.47	153.991
1491.58	153.954
1491.7	153.94
1491.81	153.943
1491.93	153.961
1492.04	153.989
1492.16	154.028
1492.27	154.078
1492.39	154.133
1492.5	154.206
1492.62	154.3
1492.73	154.408
1492.85	154.529
1492.96	154.66
1493.08	154.798
1493.2	154.941
1493.31	155.085
1493.43	155.231
1493.54	155.392
1493.66	155.556
1493.77	155.718
1493.89	155.903
1494	156.074
1494.12	156.243
1494.23	156.456
1494.35	156.676
1494.46	156.901
1494.58	157.127
1494.69	157.324
1494.81	157.437
1494.92	157.421
1495.04	157.253
1495.15	157.086
1495.27	156.908
1495.38	156.889
1495.5	156.863
1495.61	156.829
1495.73	156.778
1495.84	156.709
1495.96	156.616
1496.07	156.495
1496.19	156.345
1496.3	156.16
1496.31	156.112
1496.43	155.875
1496.54	155.613
1496.66	155.325
1496.77	155.018
1496.89	154.691
1497.01	154.364
1497.12	154.069
1497.24	153.797
1497.35	153.547
1497.47	153.318
1497.59	153.092
1497.7	152.864
1497.82	152.636
1497.93	152.411
1498.05	152.193
1498.16	151.997
1498.28	151.826
1498.39	151.666
1498.51	151.497
1498.63	151.302
1498.74	151.042
1498.86	150.689
1498.97	150.207
1499.09	149.601
1499.2	148.917
1499.32	148.295
1499.43	147.95
1499.55	148.292
1499.67	149.933
1499.78	153.801
1499.9	161.293
1499.95	166.968
1499.99	171.929
