#Sample=blood
#Laser=785 nm
#Gating=600
#Exposition=10 s
#Accumulation=1
#Acquired=30.10.2023 15:34:38
2745.96	126
2744.57	108.667
2743.18	108.667
2741.8	112.667
2740.41	121
2739.02	109.333
2737.63	110
2736.24	118
2734.85	116
2733.46	114.667
2732.07	113
2730.68	127.333
2729.29	113
2727.9	117
2726.5	124.667
2725.11	117.667
2723.72	118.667
2722.32	114
2720.93	116.333
2719.53	112
2718.14	117
2716.74	107
2715.34	111.333
2713.95	119.333
2712.55	112.333
2711.15	116
2709.75	117
2708.35	128
2706.95	118
2705.55	120.333
2704.15	118
2702.75	116.667
2701.35	117.667
2699.95	110
2698.55	123.667
2697.14	120
2695.74	122
2694.33	120
2692.93	122.333
2691.52	124
2690.12	124
2688.71	118.667
2687.31	129
2685.9	118.667
2684.49	124.667
2683.08	123.667
2681.67	120.667
2680.26	122
2678.85	127.667
2677.44	118.333
2676.03	110
2674.62	122.667
2673.21	114
2671.8	124.667
2670.38	117.333
2668.97	130.667
2667.56	121.667
2666.14	124.333
2664.73	121.333
2663.31	123
2661.9	125
2660.48	132.667
2659.06	118
2657.64	122.333
2656.23	125
2654.81	126.667
2653.39	130
2651.97	120.667
2650.55	121.333
2649.13	128
2647.71	128.667
2646.29	115
2644.86	137.333
2643.44	131
2642.02	128.333
2640.6	131.333
2639.17	136.667
2637.75	122
2636.32	126.333
2634.9	125.667
2633.47	146.667
2632.04	124
2630.62	135.333
2629.19	136.667
2627.76	132.333
2626.33	137.333
2624.9	131.667
2623.47	135.333
2622.04	128.333
2620.61	131.667
2619.18	130.667
2617.75	142
2616.31	135.333
2614.88	132.333
2613.45	130.667
2612.01	129.667
2610.58	140
2609.14	126
2607.71	133
2606.27	133.667
2604.84	137
2603.4	135
2601.96	123.333
2600.52	131.667
2599.08	128.333
2597.65	131.333
2596.21	122.333
2594.77	130
2593.32	143
2591.88	120.333
2590.44	125.667
2589	133.333
2587.56	129.333
2586.11	137
2584.67	136.333
2583.22	135
2581.78	143.333
2580.33	131
2578.89	137
2577.44	133.333
2575.99	130
2574.55	135.667
2573.1	138.333
2571.65	138
2570.2	141.667
2568.75	130.667
2567.3	134.667
2565.85	136
2564.4	137.333
2562.95	128.333
2561.5	141
2560.04	132
2558.59	138.333
2557.14	136.333
2555.68	147
2554.23	132.667
2552.77	139
2551.31	136.333
2549.86	139
2548.4	141.333
2546.94	134
2545.49	135.333
2544.03	139
2542.57	138.667
2541.11	123.667
2539.65	135.333
2538.19	140
2536.73	145.667
2535.26	132.667
2533.8	134.333
2532.34	142
2530.88	141.667
2529.41	140.333
2527.95	142
2526.48	143.333
2525.02	147.333
2523.55	141.667
2522.08	140.333
2520.62	134.667
2519.15	144
2517.68	137
2516.21	141.667
2514.74	138.333
2513.27	131.667
2511.8	139.667
2510.33	132.667
2508.86	144.333
2507.39	143.667
2505.92	144
2504.44	140.667
2502.97	146
2501.5	149
2500.02	139
2498.55	137.667
2497.07	138.667
2495.59	142.667
2494.12	146.333
2492.64	145
2491.16	147
2489.68	149.667
2488.2	140.667
2486.73	147.667
2485.25	155.333
2483.76	153
2482.28	150.333
2480.8	140.667
2479.32	138.667
2477.84	147
2476.35	150
2474.87	145.333
2473.39	156
2471.9	143
2470.42	144.333
2468.93	158.333
2467.44	153.667
2465.96	155
2464.47	155.667
2462.98	155
2461.49	154
2460	159
2458.51	169.667
2457.02	152.667
2455.53	163.667
2454.04	160.667
2452.55	163.667
2451.06	159.667
2449.56	159.333
2448.07	166.667
2446.58	157.667
2445.08	167.333
2443.59	158.667
2442.09	156.667
2440.59	169
2439.1	169
2437.6	168.333
2436.1	160.333
2434.6	163.333
2433.11	163.333
2431.61	168.667
2430.11	159.333
2428.61	163
2427.1	158.667
2425.6	168.667
2424.1	159.333
2422.6	172
2421.09	155.667
2419.59	168.333
2418.09	160.667
2416.58	166.667
2415.07	165
2413.57	163.333
2412.06	165.333
2410.56	160
2409.05	169
2407.54	167
2406.03	173.667
2404.52	174.333
2403.01	165.333
2401.5	167.667
2399.99	167.667
2398.48	159
2396.97	173.333
2395.45	151
2393.94	163.333
2392.43	166
2390.91	166.333
2389.4	169.333
2387.88	171.667
2386.37	167.667
2384.85	156
2383.33	161.667
2381.81	156.667
2380.3	152
2378.78	169.333
2377.26	174.333
2375.74	164.333
2374.22	169.667
2372.7	172.333
2371.17	157.333
2369.65	174.333
2368.13	171.333
2366.61	163.333
2365.08	167.667
2363.56	169
2362.03	162.667
2360.51	177
2358.98	163.333
2357.46	172.667
2355.93	166
2354.4	171
2352.87	168
2351.34	165.333
2349.81	181.333
2348.29	164.333
2346.75	175.333
2345.22	171
2343.69	167
2342.16	171
2340.63	176.333
2339.09	176.667
2337.56	168.333
2336.03	178
2334.49	178.333
2332.96	169.333
2331.42	177.333
2329.88	180.333
2328.35	175.333
2326.81	179.333
2325.27	182.333
2323.73	177.333
2322.19	177.667
2320.65	169
2319.11	184
2317.57	176.667
2316.03	177.667
2314.49	180.333
2312.94	181.333
2311.4	170.333
2309.85	181.333
2308.31	181.667
2306.77	188
2305.22	179.667
2303.67	174
2302.13	178.333
2300.58	185.667
2299.03	187.667
2297.48	184.667
2295.93	175.333
2294.38	188.667
2292.83	186
2291.28	188
2289.73	194
2288.18	180.333
2286.63	184.667
2285.07	182.667
2283.52	188.333
2281.97	180
2280.41	189.667
2278.86	182.667
2277.3	192
2275.74	184.333
2274.19	185
2272.63	184.333
2271.07	187.667
2269.51	194.333
2267.95	187.667
2266.39	182
2264.83	183
2263.27	191
2261.71	187.667
2260.15	185
2258.59	186
2257.02	191.333
2255.46	186.667
2253.89	181.667
2252.33	194.667
2250.76	191.333
2249.2	199.333
2247.63	196.667
2246.06	187
2244.49	200.333
2242.93	190.667
2241.36	187.333
2239.79	195.667
2238.22	199.667
2236.65	195.333
2235.08	198.667
2233.5	188.667
2231.93	192.333
2230.36	198
2228.78	187.333
2227.21	200.333
2225.63	196.667
2224.06	199.667
2222.48	196.333
2220.91	203.667
2219.33	205
2217.75	202.667
2216.17	204.667
2214.59	210.333
2213.01	206
2211.44	201
2209.85	205
2208.27	204.667
2206.69	208.333
2205.11	203.333
2203.53	205
2201.94	199.333
2200.36	215.667
2198.77	202.333
2197.19	203.667
2195.6	202
2194.02	206.667
2192.43	205.333
2190.84	220
2189.25	211
2187.66	206
2186.07	207
2184.48	213.333
2182.89	209
2181.3	210.333
2179.71	198.667
2178.12	209.333
2176.53	209.667
2174.93	212
2173.34	210.667
2171.74	222
2170.15	215
2168.55	221.667
2166.96	217.667
2165.36	220.333
2163.76	216.667
2162.16	225.667
2160.56	224.333
2158.97	224.333
2157.37	222.333
2155.76	227.333
2154.16	217
2152.56	227.333
2150.96	220.333
2149.36	236.333
2147.75	229.667
2146.15	228.667
2144.54	238.667
2142.94	223
2141.33	234.667
2139.73	226.667
2138.12	230
2136.51	233.667
2134.9	243
2133.29	223.667
2131.69	248.333
2130.08	232.667
2128.46	247
2126.85	239.333
2125.24	233.333
2123.63	237.667
2122.02	242
2120.4	237
2118.79	241.333
2117.17	247
2115.56	246.333
2113.94	239.333
2112.33	245
2110.71	251
2109.09	255
2107.47	256
2105.85	253.333
2104.23	237.333
2102.61	261
2100.99	256.333
2099.37	255
2097.75	263
2096.13	255.333
2094.5	247.667
2092.88	248.667
2091.26	260.333
2089.63	261.333
2088.01	252
2086.38	259.333
2084.75	255.667
2083.13	269
2081.5	264.333
2079.87	262.667
2078.24	280
2076.61	267.333
2074.98	269.333
2073.35	272.333
2071.72	275
2070.08	269.667
2068.45	283
2066.82	281
2065.18	285.667
2063.55	285.667
2061.92	275.333
2060.28	293
2058.64	292
2057.01	290.333
2055.37	301.667
2053.73	295
2052.09	295.333
2050.45	293
2048.81	296.333
2047.17	303.667
2045.53	303
2043.89	303.667
2042.25	318.333
2040.6	315.667
2038.96	311.333
2037.31	319.667
2035.67	330.333
2034.02	311
2032.38	328.667
2030.73	325.333
2029.08	328
2027.44	337.333
2025.79	336.333
2024.14	332
2022.49	339.667
2020.84	341.667
2019.19	346.667
2017.54	349.667
2015.88	353.667
2014.23	346
2012.58	354
2010.92	365.667
2009.27	358
2007.61	360.667
2005.96	374.667
2004.3	378.667
2002.64	388.333
2000.99	378.667
1999.33	387.333
1997.67	400.333
1996.01	389.667
1994.35	388.333
1992.69	403.667
1991.03	408.667
1989.36	409
1987.7	423.333
1986.04	431.667
1984.37	434.667
1982.71	433.333
1981.04	435.333
1979.38	438.667
1977.71	442.667
1976.05	449
1974.38	468
1972.71	462.667
1971.04	462
1969.37	480.333
1967.7	473.333
1966.03	489.667
1964.36	484.667
1962.69	510
1961.01	504.667
1959.34	519
1957.67	509.667
1955.99	515.333
1954.32	527.667
1952.64	525.333
1950.97	513
1949.29	517.667
1947.61	531
1945.93	544.667
1944.26	555
1942.58	564
1940.9	557.333
1939.21	546.333
1937.53	549.333
1935.85	569.333
1934.17	565
1932.49	569.667
1930.8	566.667
1929.12	579.667
1927.43	587.667
1925.75	590
1924.06	576.333
1922.37	581.667
1920.69	578.333
1919	609.333
1917.31	604.667
1915.62	597
1913.93	600.333
1912.24	602
1910.55	607
1908.86	614.333
1907.16	616
1905.47	603.667
1903.78	620.667
1902.08	608.667
1900.39	624.667
1898.69	618.667
1896.99	643.333
1895.3	620.333
1893.6	630.667
1891.9	637.333
1890.2	634.667
1888.5	652.667
1886.8	639.333
1885.1	638.667
1883.4	646.333
1881.7	643.667
1880	637
1878.29	658
1876.59	649
1874.88	632
1873.18	648.667
1871.47	649.333
1869.77	628.667
1868.06	647.333
1866.35	641.667
1864.64	664.667
1862.93	658.333
1861.22	644.667
1859.51	636.667
1857.8	647.667
1856.09	642.667
1854.38	642.667
1852.67	651
1850.95	639.333
1849.24	645.333
1847.52	653.333
1845.81	644.333
1844.09	634.333
1842.38	660.333
1840.66	652.333
1838.94	658.667
1837.22	643
1835.5	644.667
1833.78	656.333
1832.06	632.667
1830.34	646
1828.62	642.333
1826.9	651.333
1825.17	653
1823.45	647.667
1821.72	650
1820	664.667
1818.27	663.333
1816.55	660
1814.82	653.333
1813.09	644.667
1811.36	662.667
1809.64	652.333
1807.91	659.667
1806.18	659
1804.44	659
1802.71	664
1800.98	653
1799.25	662.667
1797.51	679.667
1795.78	679
1794.05	683.667
1792.31	683.333
1790.57	684.667
1788.84	697.333
1787.1	669.667
1785.36	676.667
1783.62	680
1781.88	681
1780.14	677.667
1778.4	691.333
1776.66	698
1774.92	684
1773.18	693.333
1771.43	697
1769.69	697.667
1767.95	697.667
1766.2	698
1764.45	705
1762.71	700
1760.96	684.333
1759.21	712.333
1757.47	728
1755.72	710.333
1753.97	707.667
1752.22	709
1750.47	732.333
1748.71	717
1746.96	724
1745.21	717.333
1743.45	728.667
1741.7	723
1739.94	732.667
1738.19	743
1736.43	739
1734.68	751.333
1732.92	745.667
1731.16	743
1729.4	747
1727.64	770.333
1725.88	764.667
1724.12	773
1722.36	760.333
1720.6	780.667
1718.83	764
1717.07	782
1715.3	770.667
1713.54	800.333
1711.77	802.667
1710.01	812.667
1708.24	817.667
1706.47	827.667
1704.71	823
1702.94	815.667
1701.17	840.667
1699.4	839.667
1697.63	836.667
1695.85	842.667
1694.08	842
1692.31	868
1690.54	859.667
1688.76	854.667
1686.99	874.333
1685.21	859.333
1683.44	875.333
1681.66	880.667
1679.88	882.333
1678.1	885
1676.32	884
1674.54	877.667
1672.76	896.667
1670.98	894
1669.2	882
1667.42	900.333
1665.64	903.667
1663.85	898
1662.07	893
1660.28	902
1658.5	919.667
1656.71	920.667
1654.92	925.667
1653.14	936.667
1651.35	930.333
1649.56	908.667
1647.77	943.667
1645.98	917
1644.19	936.667
1642.4	944.333
1640.61	959
1638.81	949.667
1637.02	958.667
1635.22	964.667
1633.43	957
1631.63	963.333
1629.84	964.333
1628.04	957.667
1626.24	975
1624.44	984
1622.64	975.333
1620.85	963
1619.04	977.667
1617.24	967
1615.44	978.333
1613.64	971.667
1611.84	967
1610.03	971.667
1608.23	979
1606.42	997.333
1604.62	980
1602.81	992.667
1601	976.667
1599.2	1001.67
1597.39	983.667
1595.58	1001
1593.77	1010.67
1591.96	982.667
1590.15	1014.33
1588.33	1014
1586.52	1036.33
1584.71	1018.33
1582.89	1037
1581.08	1028
1579.26	1028.33
1577.45	1045
1575.63	1028.67
1573.81	1050.67
1571.99	1028
1570.18	1058.67
1568.36	1053.33
1566.54	1073.67
1564.72	1054.33
1562.89	1068.33
1561.07	1083.33
1559.25	1065
1557.42	1087.67
1555.6	1075
1553.78	1090.33
1551.95	1083
1550.12	1078.67
1548.3	1070
1546.47	1081
1544.64	1100.67
1542.81	1080.33
1540.98	1080.33
1539.15	1088.67
1537.32	1096.67
1535.49	1098
1533.65	1080.33
1531.82	1095.67
1529.99	1096.67
1528.15	1090
1526.32	1098.33
1524.48	1093
1522.64	1083.67
1520.81	1122.33
1518.97	1106.67
1517.13	1101.33
1515.29	1115.67
1513.45	1112
1511.61	1098
1509.77	1113.67
1507.92	1118.33
1506.08	1122.67
1504.24	1134.67
1502.39	1104.33
1500.55	1144
1498.7	1142
1496.86	1148.33
1495.01	1141
1493.16	1131.67
1491.31	1140.33
1489.46	1154.67
1487.61	1164.33
1485.76	1144
1483.91	1163
1482.06	1178.33
1480.21	1196.67
1478.35	1187.67
1476.5	1181.67
1474.64	1188
1472.79	1208
1470.93	1198
1469.07	1227.33
1467.22	1219.67
1465.36	1223.33
1463.5	1225.67
1461.64	1252
1459.78	1241.33
1457.92	1260
1456.05	1280
1454.19	1264.33
1452.33	1273.67
1450.46	1298
1448.6	1299.67
1446.73	1311.33
1444.87	1301.67
1443	1325.67
1441.13	1326
1439.26	1332
1437.39	1322
1435.52	1340
1433.65	1331.33
1431.78	1354.33
1429.91	1324.33
1428.04	1335.33
1426.17	1368.33
1424.29	1368
1422.42	1360.33
1420.54	1356.33
1418.66	1384.67
1416.79	1365
1414.91	1369.33
1413.03	1389.67
1411.15	1397
1409.27	1370
1407.39	1388
1405.51	1395
1403.63	1361
1401.75	1403.33
1399.86	1401.33
1397.98	1393.67
1396.09	1406.33
1394.21	1400.67
1392.32	1388
1390.44	1403
1388.55	1389.67
1386.66	1390
1384.77	1396.67
1382.88	1372.33
1380.99	1376.33
1379.1	1386
1377.21	1346
1375.31	1369.33
1373.42	1365
1371.53	1339
1369.63	1327.33
1367.74	1328
1365.84	1331.67
1363.94	1310
1362.05	1296.33
1360.15	1294.67
1358.25	1283.67
1356.35	1272.67
1354.45	1255
1352.55	1261.33
1350.64	1265
1348.74	1238
1346.84	1238.33
1344.93	1207.33
1343.03	1193.67
1341.12	1181.33
1339.22	1168.33
1337.31	1160.67
1335.4	1141.67
1333.49	1132.33
1331.58	1123
1329.67	1096.33
1327.76	1060
1325.85	1067
1323.94	1059.33
1322.03	1034.67
1320.11	1013.67
1318.2	1013.67
1316.28	1017.67
1314.37	999.667
1312.45	981.667
1310.53	978.333
1308.62	952.333
1306.7	961
1304.78	920.333
1302.86	928.333
1300.94	935.667
1299.01	893
1297.09	917
1295.17	893.667
1293.24	907.667
1291.32	890.667
1289.39	901
1287.47	866.667
1285.54	863
1283.61	873.333
1281.68	858.333
1279.76	859.333
1277.83	852.667
1275.9	870.333
1273.96	842.333
1272.03	839.333
1270.1	835.333
1268.17	848.667
1266.23	831.333
1264.3	842
1262.36	843.333
1260.42	820
1258.49	817.333
1256.55	824.667
1254.61	814.667
1252.67	818.667
1250.73	794.667
1248.79	797
1246.85	805.333
1244.91	782.333
1242.96	804.333
1241.02	783
1239.07	789
1237.13	793.667
1235.18	773.333
1233.24	775.333
1231.29	752.333
1229.34	754
1227.39	763.667
1225.44	729
1223.49	736
1221.54	739.333
1219.59	727.333
1217.63	718
1215.68	707.333
1213.73	688
1211.77	689.333
1209.81	700.667
1207.86	678
1205.9	675.667
1203.94	670
1201.98	670.333
1200.02	675.333
1198.06	657.667
1196.1	647.333
1194.14	642.667
1192.18	639.667
1190.21	642.333
1188.25	633.333
1186.29	632
1184.32	637
1182.35	635.333
1180.39	623.333
1178.42	606.333
1176.45	627.667
1174.48	620.667
1172.51	614.667
1170.54	602
1168.57	605.333
1166.6	593.333
1164.62	603.333
1162.65	590.333
1160.67	590.667
1158.7	597.667
1156.72	595
1154.74	614.333
1152.77	581.667
1150.79	572.667
1148.81	582
1146.83	591.667
1144.85	566.667
1142.87	575
1140.88	580
1138.9	564.667
1136.92	570.667
1134.93	551.333
1132.95	562.333
1130.96	568.667
1128.97	560.333
1126.99	549
1125	540
1123.01	542.667
1121.02	537.333
1119.03	545
1117.04	529.333
1115.04	537
1113.05	534
1111.06	518.333
1109.06	530.667
1107.07	535.667
1105.07	520.333
1103.08	518.667
1101.08	519.333
1099.08	527
1097.08	515.667
1095.08	520.667
1093.08	503
1091.08	515.333
1089.08	525.667
1087.07	510.667
1085.07	510.333
1083.06	514
1081.06	492
1079.05	513.667
1077.05	499
1075.04	493.667
1073.03	506.667
1071.02	491.667
1069.01	479.667
1067	493
1064.99	474.333
1062.98	475
1060.96	488.667
1058.95	474
1056.93	485.667
1054.92	468
1052.9	461.667
1050.89	472
1048.87	452
1046.85	463
1044.83	449
1042.81	455
1040.79	455
1038.77	451
1036.75	454
1034.72	448.667
1032.7	450.333
1030.67	432.333
1028.65	459.667
1026.62	466.667
1024.59	459.333
1022.57	453
1020.54	444
1018.51	448
1016.48	456.333
1014.45	458.333
1012.42	462.667
1010.38	454.667
1008.35	449.667
1006.32	448.333
1004.28	457.333
1002.24	466.667
1000.21	452.333
998.171	457
996.133	457.333
994.094	449.333
992.054	457.667
990.013	450.333
987.972	460.667
985.93	458.333
983.888	467.667
981.843	458.333
979.799	449
977.754	458
975.708	458.667
973.661	455.333
971.614	454
969.565	462.333
967.516	457.333
965.466	461
963.415	455.333
961.364	477.667
959.312	462.667
957.258	467.667
955.204	466.667
953.15	481
951.094	463.333
949.038	451
946.98	459.333
944.923	463.667
942.864	464
940.804	465.333
938.744	462.667
936.683	465.667
934.621	469.333
932.558	454.333
930.495	465
928.43	463
926.365	468
924.299	462.333
922.233	470
920.165	457.667
918.096	459
916.028	448.333
913.957	463
911.887	468.333
909.815	452.333
907.743	459.667
905.669	454.333
903.595	460.333
901.521	441.667
899.445	445
897.369	449.667
895.292	436.667
893.214	452.333
891.135	448.333
889.055	448.667
886.975	461.667
884.894	444.667
882.812	469.667
880.729	448.333
878.646	457.333
876.561	450.333
874.475	435
872.389	446
870.303	445
868.215	447.333
866.126	447.333
864.037	456
861.947	442
859.856	433.333
857.764	449.333
855.671	446
853.578	457.333
851.484	446
849.389	460.333
847.293	448.667
845.196	464
843.099	454
841	436.667
838.901	451.667
836.801	462.333
834.701	455.333
832.599	456.667
830.496	451.333
828.393	457.333
826.29	452.667
824.184	440
822.079	445
819.972	440.667
817.865	411.667
815.757	438
813.648	437.333
811.538	453.333
809.428	432.667
807.316	434.667
805.204	450
803.091	435
800.977	439.333
798.863	450
796.747	443.667
794.631	440
792.513	439.667
790.395	438.333
788.276	440.667
786.157	432.333
784.036	434.333
781.915	445.333
779.793	437.333
777.669	434
775.546	441.667
773.421	438
771.296	446.333
769.169	439.667
767.042	454
764.915	446.333
762.786	445.333
760.656	447.333
758.526	431.333
756.394	439
754.262	455.333
752.129	450.667
749.995	443.333
747.861	456.667
745.725	443.667
743.588	450.667
741.452	446.667
739.314	444.667
737.175	438.667
735.035	444.667
732.895	434.333
730.753	435.667
728.611	447
726.469	436
724.324	443
722.18	436
720.034	445.333
717.888	437.333
715.741	434.333
713.593	445.333
711.444	437
709.294	427
707.144	444.667
704.992	432.667
702.84	425.667
700.687	430.667
698.533	438.333
696.378	418
694.222	433.333
692.066	427
689.909	428
687.751	430
685.592	425.667
683.432	425
681.271	415.667
679.109	430.333
676.947	416.667
674.784	420.333
672.62	434
670.455	427
668.289	424.333
666.122	418.667
663.955	431.667
661.787	430.667
659.618	425.333
657.448	425
655.277	442
653.104	436.667
650.932	423.667
648.759	447.667
646.584	441.333
644.409	434
642.233	436.667
640.056	453.333
637.879	446.667
635.7	452.333
633.52	457.667
631.34	452.667
629.159	448.333
626.977	448.667
624.794	452.333
622.61	446.333
620.426	446
618.24	456.667
616.054	450
613.867	425.667
611.679	422.667
609.49	431.333
607.301	432
605.11	437.333
602.919	414
600.726	425
598.532	431.333
596.339	424.333
594.144	425
591.948	422
589.751	447.333
587.554	433.667
585.355	429
583.156	439.333
580.956	440
578.755	442.333
576.553	461.667
574.35	456.667
572.147	455.333
569.943	445
567.737	448.333
565.531	450.333
563.323	459.333
561.116	454
558.907	443
556.698	448.667
554.487	442.667
552.275	451.667
550.063	452.667
547.85	447
545.636	441.333
543.421	450.667
541.206	447.667
538.988	439.333
536.771	445
534.553	430.667
532.333	442.333
530.113	436
527.892	424.333
525.67	433.333
523.447	447
521.224	435.333
518.999	438.333
516.774	438.333
514.548	449.667
512.321	439.667
510.093	458.667
507.863	441.333
505.634	440.667
503.403	442
501.172	451.333
498.939	441.667
496.705	438.333
494.472	436.667
492.237	453.333
490.001	446
487.764	448.333
485.526	448.333
483.287	432.333
481.047	441.667
478.807	442.333
476.565	459.667
474.324	464.333
472.08	455
469.837	455
467.591	452
465.346	459.667
463.099	472.667
460.852	473.667
458.604	476.333
456.354	469.667
454.103	478.667
451.852	485.333
449.601	478.333
447.348	493.667
445.094	490.667
442.84	498.333
440.584	493.667
438.327	495.667
436.07	503
433.812	511.667
431.553	515.333
429.293	506.667
427.032	534
424.77	505.333
422.507	529.333
420.244	523.333
417.979	541.667
415.714	529.333
413.448	525.667
411.18	533.667
408.912	545.333
406.643	531.667
404.373	543
402.102	547.667
399.83	546
397.558	530.333
395.285	544.667
393.01	557.333
390.734	556
388.458	559
386.181	552.667
383.903	554
381.624	567.667
379.345	556.333
377.064	568.333
374.782	574.667
372.5	571.333
370.216	562
367.932	585
365.646	582.667
363.36	581.667
361.073	585.333
358.785	577.333
356.496	584
354.207	582.667
351.915	595.667
349.624	579
347.331	592.667
345.038	595.667
342.743	599.333
340.448	580.333
338.152	596.333
335.855	594
333.556	597.333
331.257	588.667
328.958	595
326.657	597
324.355	588.333
322.053	592.333
319.749	581
317.444	589
315.139	590
312.833	591
310.526	600.333
308.217	592
305.908	599.667
303.599	589.333
301.288	615.667
298.976	606.333
296.663	628.667
294.349	628
292.035	628.333
289.719	647
287.403	629.333
285.085	640
282.767	650.333
280.448	657
278.128	646.333
275.807	660.333
273.485	669
271.161	676
268.837	688.667
266.513	686
264.187	692.333
261.861	694.667
259.533	703.333
257.205	718
254.875	730.667
252.544	735.667
250.213	754.333
247.881	753.333
245.548	738.667
243.214	779.667
240.879	785.333
238.543	799
236.206	802
233.869	835.667
231.53	843.333
229.19	852.333
226.849	861.667
224.508	858
222.165	886.667
219.822	891.667
217.478	917.667
215.132	931
212.785	917.667
210.439	922.667
208.091	923.333
205.741	951
203.391	976
201.04	981
198.688	951
196.336	986.667
193.982	1013.67
191.627	1000
189.271	1020
186.915	1055.67
184.557	1042.33
182.199	1042.33
179.84	1071.67
177.478	1085.67
175.117	1073.33
172.755	1112
170.392	1143
168.028	1140
165.662	1162.33
163.297	1153.67
160.929	1150.67
158.561	1182.33
156.193	1171.67
153.823	1170
151.452	1190.67
149.08	1211.67
146.707	1227.33
144.334	1222.67
141.959	1224.67
139.584	1277.67
137.207	1330.67
134.829	1301.33
132.451	1340.33
130.071	1390.33
127.692	1396.67
125.31	1435.33
122.927	1449
120.545	1487.67
118.16	1520.67
115.775	1573.33
113.388	1587.67
111.001	1633.33
108.613	1698.67
106.224	1759.33
103.834	1858
101.444	1936.67
99.052	1992.33
96.6594	2083.33
94.2649	2166
91.8705	2266
89.4743	2432.33
87.0781	2545
84.68	2684
82.282	2872.67
79.882	3110.67
77.4812	3455.67
75.0805	3866
72.6778	4570.33
70.2743	5679.33
67.8698	7265
65.4644	8792
63.0582	10014.3
60.651	11054.7
58.2419	12020
55.8328	12812
53.4229	13577
51.011	14520
48.5993	15214
46.1856	16140.3
43.772	17048.7
41.3565	18284
38.941	19736.3
36.5237	21595
34.1054	24039.7
31.6862	27156
29.2661	30785
26.8451	35521.7
24.4231	45367.7
22.0002	64524
19.5764	64524
17.1517	64524
14.7261	64524
12.2995	64524
9.87099	64524
7.44256	64524
5.01321	64524
2.58195	64524
0.14975	64524
-2.28238	64524
-4.71644	64524
-7.15142	64524
-9.58634	64524
-12.0232	64524
-14.461	64524
-16.8997	64524
-19.3393	64524
-21.7799	64524
-24.2214	64524
-26.6638	64524
-29.1072	64524
-31.5525	64524
-33.9977	64524
-36.4439	25024
-38.892	18753
-41.3401	15096
-43.7901	12794
-46.24	10988.7
-48.6919	9531
-51.1447	8283.33
-53.5974	7245.33
-56.0521	6406.67
-58.5078	5551
-60.9643	4911
-63.4218	4354.67
-65.8803	3812
-68.3397	3329.33
-70.8	2982.33
-73.2613	2599
-75.7236	2311.67
-78.1878	2079
-80.6519	1862.33
-83.117	1699.33
-85.584	1494.33
-88.051	1398.67
-90.5199	1273
-92.9888	1155.33
-95.4596	1044.67
-97.9314	940
-100.403	841.667
-102.877	752.333
-105.351	676
-107.827	584.667
-110.304	527
-112.781	503
-115.26	469.667
-117.739	432
-120.219	397
-122.701	367.667
-125.184	323
-127.667	302.333
-130.151	281
-132.637	246
-135.124	245.333
-137.612	225
-140.1	209.333
-142.59	195
-145.08	191
-147.572	167.667
-150.065	159.333
-152.558	157
-155.052	140.333
-157.548	153
-160.045	145.333
-162.542	135.667
-165.041	130.667
-167.541	120.333
-170.041	125
-172.544	111.667
-175.047	116
-177.55	112
-180.056	113
-182.561	108
-185.068	116
-187.576	101
-190.084	103
-192.595	97.3333
-195.105	102
-197.617	97.6667
-200.131	94.6667
-202.645	101.667
-205.159	98.3333
-207.676	84
-210.193	91.3333
-212.711	99
-215.23	97
-217.75	81.3333
-220.271	85
-222.794	84.3333
-225.318	90
-227.842	83.6667
-230.367	83.6667
-232.893	81.6667
-235.421	83.3333
-237.949	85.3333
-240.479	79.3333
-243.009	87.3333
-245.541	68.3333
-248.073	83.3333
-250.607	79
-253.142	81.3333
-255.677	79.3333
-258.214	81.6667
-260.752	72.6667
-263.291	71.3333
-265.83	74.3333
-268.371	83.3333
-270.913	74.3333
-273.456	72.6667
-276	74
-278.545	71.3333
-281.091	74.6667
-283.639	72
-286.187	63.3333
-288.735	74.3333
-291.286	70.3333
-293.837	67
-296.389	60.3333
-298.943	72
-301.497	64.3333
-304.053	64.6667
-306.61	63.6667
-309.166	68.3333
-311.725	67.3333
-314.285	60
-316.846	68
-319.408	68
-321.97	65.3333
-324.534	48
-327.099	61
-329.665	65
-332.232	64
-334.801	51
-337.37	65.3333
-339.94	66
-342.511	62.6667
-345.083	55.6667
-347.657	64.3333
-350.231	57.6667
-352.807	54
-355.383	49
-357.96	57.3333
-360.539	56.3333
-363.119	51.6667
-365.699	54.6667
-368.281	56.6667
-370.864	56.3333
-373.448	57.6667
-376.033	52.6667
-378.619	62
-381.206	57.3333
-383.794	51.6667
-386.384	60.3333
-388.974	54.6667
-391.565	48
-394.158	53
-396.751	53.3333
-399.346	51
-401.941	52.3333
-404.537	52.3333
-407.136	55.6667
-409.735	49.6667
-412.334	48
-414.936	51.6667
-417.537	59
-420.141	43.3333
-422.745	48
-425.35	55
-427.956	52
-430.564	47
-433.173	47.3333
-435.781	48.3333
-438.392	52.3333
-441.004	47.6667
-443.617	45
-446.231	55.3333
-448.846	47
-451.461	48.6667
-454.078	52.6667
-456.698	48.3333
-459.317	48.6667
-461.937	49.6667
-464.558	47.3333
-467.181	44
-469.804	51.6667
-472.428	43.3333
-475.055	42.6667
-477.681	50
-480.309	52.3333
-482.939	42.6667
-485.568	48
-488.2	54.3333
-490.832	51.6667
-493.465	44.3333
-496.099	56
-498.735	43
-501.372	46
-504.009	42.3333
-506.648	40
-509.288	45.6667
-511.929	52.6667
-514.572	43.3333
-517.215	44.6667
-519.858	49
-522.504	44.3333
-525.15	42
-527.797	42
-530.447	48.6667
-533.097	50
-535.747	39
-538.399	46.3333
-541.052	38.6667
-543.706	48.6667
-546.362	48.6667
-549.018	47.6667
-551.675	43
-554.334	47
-556.993	52.6667
-559.654	51.6667
-562.316	45.6667
-564.979	53.6667
-567.642	47
-570.308	51.6667
-572.975	46
-575.641	45.6667
-578.31	47.6667
-580.98	51
-583.65	48
-586.322	43.6667
-588.995	46.3333
-591.669	44
-594.344	51.6667
-597.02	43
-599.698	53.3333
-602.376	50.3333
-605.056	40.3333
-607.736	42.3333
-610.418	42.3333
-613.1	53
-615.784	48.3333
-618.47	48
-621.156	49.3333
-623.843	50.3333
-626.531	44
-629.222	44
-631.912	45
-634.603	46.6667
-637.297	47.3333
-639.99	49
-642.686	39.6667
-645.382	50.6667
-648.08	50
-650.779	46
-653.477	44
-656.179	50
-658.881	52.6667
-661.583	49.3333
-664.287	42.6667
-666.993	53.6667
-669.7	46.6667
-672.407	51.3333
-675.115	54
-677.825	41
-680.536	55.6667
-683.248	46
-685.961	47.3333
-688.675	46.6667
-691.391	52
-694.108	48
-696.826	49.3333
-699.544	47.3333
-702.264	54.3333
-704.985	44.6667
-707.708	47
-710.431	46.3333
-713.155	46.6667
-715.88	47.3333
-718.608	44.6667
-721.335	50.6667
-724.065	52.6667
-726.795	44.3333
-729.527	49.3333
-732.258	48
-734.993	51
-737.727	43.6667
-740.463	49.6667
-743.2	50
-745.938	45
-748.678	43
-751.418	42
-754.159	52
-756.902	50
-759.646	44.6667
-762.391	49
-765.138	48
-767.885	41
-770.633	52.6667
-773.382	49.3333
-776.133	43.6667
-778.885	43.6667
-781.638	44
-784.393	53.3333
-787.149	39
-789.905	53.3333
-792.663	48.6667
-795.421	49.3333
-798.181	53
-800.942	48.3333
-803.705	43.6667
-806.469	40.6667
-809.233	48
-811.999	54
-814.766	47
-817.534	44.3333
-820.304	46
-823.073	49
-825.846	50.6667
-828.618	48.3333
-831.392	43
-834.167	43.3333
-836.944	42
-839.72	52.3333
-842.499	41.3333
-845.279	54.3333
-848.06	45.3333
-850.842	49.3333
-853.626	50.6667
-856.41	45.6667
-859.195	49.6667
-861.982	49
-864.77	42.3333
-867.559	49
-870.35	45
-873.141	35
-875.934	54.3333
-878.728	39.6667
-881.522	48
-884.318	50.6667
-887.116	46.3333
-889.915	47.6667
-892.714	40.6667
-895.515	50.6667
-898.317	51.6667
-901.12	37.3333
-903.924	38.6667
-906.729	43
-909.537	45.6667
-912.345	48.6667
-915.153	46.3333
-917.963	51.6667
-920.776	45
-923.588	45
-926.401	51.3333
-929.217	44.6667
-932.033	48
-934.851	51.3333
-937.669	46.6667
-940.488	42.6667
-943.31	53.6667
-946.131	43.6667
-948.955	50.6667
-951.78	49
-954.605	44.6667
-957.432	40.3333
-960.26	52
-963.09	39.3333
-965.92	44
-968.751	46
-971.584	47.6667
-974.419	48
-977.254	53.3333
-980.09	44
-982.928	50.3333
-985.767	48
-988.607	51.6667
-991.448	45.6667
-994.291	44.3333
-997.135	42.6667
-999.979	51.3333
-1002.82	49.3333
-1005.67	54.3333
-1008.52	49
-1011.37	53.3333
-1014.22	47.3333
-1017.07	45.6667
-1019.93	40.3333
-1022.78	55.6667
-1025.64	44.6667
-1028.49	49.6667
-1031.35	43.3333
-1034.21	50.3333
-1037.07	45.3333
-1039.93	54
-1042.8	53
-1045.66	48.3333
-1048.53	48
-1051.39	55
-1054.26	45.3333
-1057.13	51
-1060	50.3333
-1062.87	47
-1065.74	45
-1068.62	55.6667
-1071.49	55
-1074.37	40
-1077.25	52.3333
-1080.12	51.3333
-1083.01	57.6667
-1085.89	44.3333
-1088.77	57
-1091.65	50.6667
-1094.54	47
-1097.42	47.6667
-1100.31	45.6667
-1103.2	52
-1106.09	57.3333
-1108.98	51.6667
-1111.87	47.3333
-1114.77	46
-1117.66	53.6667
-1120.56	51.6667
-1123.45	57.3333
-1126.35	45
-1129.25	49.3333
-1132.15	52
-1135.05	56.6667
-1137.96	55
-1140.86	51.3333
-1143.77	55.6667
-1146.67	57
-1149.58	65.3333
-1152.49	53.6667
-1155.4	57.6667
-1158.32	54.6667
-1161.23	64.6667
-1164.14	65.6667
-1167.06	65
-1169.98	72.3333
-1172.89	82
-1175.81	82
-1178.73	90.6667
-1181.66	108.667
-1184.58	113.667
-1187.5	130.667
-1190.43	138
-1193.35	153.667
-1196.28	170
-1199.21	180.333
-1202.14	189
-1205.08	199.333
-1208.01	190.333
-1210.94	215.333
-1213.88	219.333
-1216.82	226.667
-1219.75	237.333
-1222.69	281.333
-1225.63	305.667
-1228.58	341.333
-1231.52	345
-1234.46	340.333
-1237.41	370.333
-1240.35	394.333
-1243.3	515
-1246.25	713.333
-1249.2	824.333
-1252.16	900.667
-1255.11	942
-1258.06	864.667
-1261.02	838.667
-1263.97	754.333
-1266.93	674.667
-1269.89	560.667
-1272.85	459.333
-1275.82	345.667
-1278.78	215.333
-1281.74	141.667
-1284.71	108.667
-1287.68	88.6667
-1290.65	92.3333
-1293.62	88.6667
-1296.59	76.3333
-1299.56	74.6667
-1302.53	69.6667
-1305.51	71.3333
-1308.48	68
-1311.46	69
-1314.44	63.3333
-1317.42	73
-1320.4	67.3333
-1323.38	57.6667
-1326.37	61.3333
-1329.35	66.3333
-1332.34	58
-1335.32	66
-1338.31	67.6667
-1341.3	57
-1344.29	58
-1347.29	59
-1350.28	59
-1353.28	64
-1356.27	57.3333
-1359.27	63.3333
-1362.27	51.6667
-1365.27	57.6667
-1368.27	47
-1371.27	50.3333
-1374.28	49.3333
-1377.28	48
-1380.29	50.6667
-1383.3	51.6667
-1386.31	50.3333
-1389.32	47.6667
-1392.33	48.3333

-1057.13	51
-1060	50.3333
-1062.87	47
-1065.74	45
-1068.62	55.6667
-1071.49	55
-1074.37	40
-1077.25	52.3333
-1080.12	51.3333
-1083.01	57.6667
-1085.89	44.3333
-1088.77	57
-1091.65	50.6667
-1094.54	47
-1097.42	47.6667
-1100.31	45.6667
-1103.2	52
-1106.09	57.3333
-1108.98	51.6667
-1111.87	47.3333
-1114.77	46
-1117.66	53.6667
-1120.56	51.6667
-1123.45	57.3333
-1126.35	45
-1129.25	49.3333
-1132.15	52
-1135.05	56.6667
-1137.96	55
-1140.86	51.3333
-1143.77	55.6667
-1146.67	57
-1149.58	65.3333
-1152.49	53.6667
-1155.4	57.6667
-1158.32	54.6667
-1161.23	64.6667
-1164.14	65.6667
-1167.06	65
-1169.98	72.3333
-1172.89	82
-1175.81	82
-1178.73	90.6667
-1181.66	108.667
-1184.58	113.667
-1187.5	130.667
-1190.43	138
-1193.35	153.667
-1196.28	170
-1199.21	180.333
-1202.14	189
-1205.08	199.333
-1208.01	190.333
-1210.94	215.333
-1213.88	219.333
-1216.82	226.667
-1219.75	237.333
-1222.69	281.333
-1225.63	305.667
-1228.58	341.333
-1231.52	345
-1234.46	340.333
-1237.41	370.333
-1240.35	394.333
-1243.3	515
-1246.25	713.333
-1249.2	824.333
-1252.16	900.667
-1255.11	942
-1258.06	864.667
-1261.02	838.667
-1263.97	754.333
-1266.93	674.667
-1269.89	560.667
-1272.85	459.333
-1275.82	345.667
-1278.78	215.333
-1281.74	141.667
-1284.71	108.667
-1287.68	88.6667
-1290.65	92.3333
-1293.62	88.6667
-1296.59	76.3333
-1299.56	74.6667
-1302.53	69.6667
-1305.51	71.3333
-1308.48	68
-1311.46	69
-1314.44	63.3333
-1317.42	73
-1320.4	67.3333
-1323.38	57.6667
-1326.37	61.3333
-1329.35	66.3333
-1332.34	58
-1335.32	66
-1338.31	67.6667
-1341.3	57
-1344.29	58
-1347.29	59
-1350.28	59
-1353.28	64
-1356.27	57.3333
-1359.27	63.3333
-1362.27	51.6667
-1365.27	57.6667
-1368.27	47
-1371.27	50.3333
-1374.28	49.3333
-1377.28	48
-1380.29	50.6667
-1383.3	51.6667
-1386.31	50.3333
-1389.32	47.6667
-1392.33	48.3333
