2745.96	648.333
2744.57	659.667
2743.18	656.333
2741.8	656
2740.41	662.667
2739.02	664.667
2737.63	692.667
2736.24	688.333
2734.85	680.667
2733.46	703.667
2732.07	699.333
2730.68	693.333
2729.29	717
2727.9	707
2726.5	713.333
2725.11	713
2723.72	716.667
2722.32	706.667
2720.93	733
2719.53	727.667
2718.14	738.667
2716.74	717.333
2715.34	739
2713.95	730.333
2712.55	721.333
2711.15	723
2709.75	748.333
2708.35	736.333
2706.95	736.667
2705.55	749
2704.15	740
2702.75	751
2701.35	766.333
2699.95	772.667
2698.55	763.333
2697.14	777
2695.74	757.333
2694.33	784
2692.93	789.667
2691.52	806.667
2690.12	808
2688.71	825
2687.31	811.333
2685.9	790.333
2684.49	832
2683.08	828.333
2681.67	824
2680.26	809.333
2678.85	833.333
2677.44	821.667
2676.03	822.333
2674.62	838.667
2673.21	818.333
2671.8	843.667
2670.38	826
2668.97	823.333
2667.56	835.667
2666.14	832.667
2664.73	822
2663.31	839.333
2661.9	829.333
2660.48	842.667
2659.06	837.333
2657.64	856
2656.23	862
2654.81	857
2653.39	878.333
2651.97	868.333
2650.55	886.333
2649.13	884.667
2647.71	895.667
2646.29	901.667
2644.86	905.667
2643.44	915.333
2642.02	914
2640.6	905.333
2639.17	927.333
2637.75	914.333
2636.32	932.667
2634.9	947.333
2633.47	951.333
2632.04	944.333
2630.62	952
2629.19	964.667
2627.76	972
2626.33	978.667
2624.9	964
2623.47	949
2622.04	979.667
2620.61	960.333
2619.18	974.667
2617.75	989.667
2616.31	986.667
2614.88	986
2613.45	974.333
2612.01	983.667
2610.58	995.667
2609.14	981.667
2607.71	992
2606.27	995.667
2604.84	990
2603.4	989.333
2601.96	1003.67
2600.52	1014.33
2599.08	992
2597.65	1009.33
2596.21	1024.33
2594.77	990.667
2593.32	1024.67
2591.88	1020.33
2590.44	1022.33
2589	1027.67
2587.56	1045
2586.11	1040
2584.67	1053.67
2583.22	1040.67
2581.78	1075.33
2580.33	1064.33
2578.89	1074.33
2577.44	1066
2575.99	1097.67
2574.55	1092.67
2573.1	1077.67
2571.65	1100
2570.2	1092
2568.75	1103
2567.3	1120.67
2565.85	1132.33
2564.4	1108
2562.95	1115.33
2561.5	1139.33
2560.04	1138
2558.59	1137.67
2557.14	1145
2555.68	1147.33
2554.23	1140.33
2552.77	1162
2551.31	1161.67
2549.86	1180
2548.4	1189.33
2546.94	1168.33
2545.49	1174.67
2544.03	1194.67
2542.57	1178.33
2541.11	1177.67
2539.65	1181.67
2538.19	1222
2536.73	1212
2535.26	1222
2533.8	1224.33
2532.34	1217.67
2530.88	1218
2529.41	1243.67
2527.95	1246.67
2526.48	1236.33
2525.02	1256.33
2523.55	1250
2522.08	1246.67
2520.62	1274.33
2519.15	1271.67
2517.68	1254.33
2516.21	1284.67
2514.74	1254.67
2513.27	1270.67
2511.8	1285.33
2510.33	1290.67
2508.86	1277.67
2507.39	1300.33
2505.92	1298.33
2504.44	1302.33
2502.97	1295.67
2501.5	1315.67
2500.02	1315.67
2498.55	1324.67
2497.07	1284.67
2495.59	1321
2494.12	1327
2492.64	1346
2491.16	1323.33
2489.68	1333.67
2488.2	1324
2486.73	1349
2485.25	1342.33
2483.76	1340.33
2482.28	1367
2480.8	1349.67
2479.32	1391.33
2477.84	1387.33
2476.35	1364.33
2474.87	1383
2473.39	1395
2471.9	1392
2470.42	1408.67
2468.93	1402.67
2467.44	1403.33
2465.96	1441.67
2464.47	1433.67
2462.98	1437.33
2461.49	1423.67
2460	1446.67
2458.51	1445.67
2457.02	1431.33
2455.53	1468.67
2454.04	1465.67
2452.55	1459.33
2451.06	1477
2449.56	1462
2448.07	1478.67
2446.58	1481.67
2445.08	1481.67
2443.59	1490.67
2442.09	1490.33
2440.59	1531.67
2439.1	1533.67
2437.6	1510.33
2436.1	1515.67
2434.6	1520.67
2433.11	1543
2431.61	1531
2430.11	1532.67
2428.61	1546
2427.1	1551
2425.6	1547
2424.1	1567
2422.6	1570
2421.09	1554.67
2419.59	1592
2418.09	1569
2416.58	1597
2415.07	1600.67
2413.57	1602
2412.06	1597
2410.56	1626
2409.05	1612
2407.54	1627.33
2406.03	1627.67
2404.52	1638.67
2403.01	1628
2401.5	1631.67
2399.99	1629.33
2398.48	1652
2396.97	1652
2395.45	1677.67
2393.94	1661.33
2392.43	1667
2390.91	1676.33
2389.4	1669
2387.88	1692.33
2386.37	1673.67
2384.85	1721
2383.33	1667.67
2381.81	1706.67
2380.3	1705.67
2378.78	1750
2377.26	1740.67
2375.74	1739.33
2374.22	1721.67
2372.7	1725
2371.17	1760
2369.65	1762.67
2368.13	1776.67
2366.61	1780
2365.08	1775.33
2363.56	1794.33
2362.03	1779.67
2360.51	1780.67
2358.98	1809
2357.46	1786.67
2355.93	1791.67
2354.4	1839.33
2352.87	1825.33
2351.34	1827.33
2349.81	1810
2348.29	1821.67
2346.75	1816
2345.22	1818.33
2343.69	1845.33
2342.16	1839.67
2340.63	1865
2339.09	1841.67
2337.56	1843.33
2336.03	1867
2334.49	1847
2332.96	1878
2331.42	1866.67
2329.88	1857.67
2328.35	1900.33
2326.81	1902
2325.27	1881.33
2323.73	1898.33
2322.19	1913.67
2320.65	1903.67
2319.11	1920
2317.57	1904.33
2316.03	1936
2314.49	1915
2312.94	1944
2311.4	1935
2309.85	1943.67
2308.31	1957
2306.77	1943.33
2305.22	1953.67
2303.67	1964.33
2302.13	1967.33
2300.58	1981.33
2299.03	1984
2297.48	2003.67
2295.93	2004
2294.38	2009
2292.83	2008
2291.28	2003.67
2289.73	2002.67
2288.18	2012.33
2286.63	2040.33
2285.07	2020.33
2283.52	2048.67
2281.97	2045.67
2280.41	2055
2278.86	2051.67
2277.3	2059
2275.74	2060.67
2274.19	2076.33
2272.63	2059
2271.07	2089.33
2269.51	2075.33
2267.95	2066.67
2266.39	2093.67
2264.83	2103
2263.27	2095
2261.71	2089.33
2260.15	2094.33
2258.59	2110.33
2257.02	2105.67
2255.46	2091.67
2253.89	2129.67
2252.33	2140.67
2250.76	2108.33
2249.2	2142.33
2247.63	2150
2246.06	2162
2244.49	2148.33
2242.93	2164
2241.36	2156.33
2239.79	2152
2238.22	2185.33
2236.65	2177.33
2235.08	2185.67
2233.5	2179.67
2231.93	2187.67
2230.36	2171.67
2228.78	2215.67
2227.21	2203.67
2225.63	2238
2224.06	2244.67
2222.48	2201
2220.91	2222
2219.33	2218
2217.75	2219.67
2216.17	2232.67
2214.59	2255.33
2213.01	2260
2211.44	2246.33
2209.85	2239.33
2208.27	2276
2206.69	2247
2205.11	2264.33
2203.53	2248.67
2201.94	2291
2200.36	2259
2198.77	2268.33
2197.19	2277.67
2195.6	2272.67
2194.02	2298
2192.43	2319.33
2190.84	2315
2189.25	2322.33
2187.66	2317.33
2186.07	2333.33
2184.48	2333.33
2182.89	2331.33
2181.3	2339.33
2179.71	2330.67
2178.12	2343
2176.53	2353
2174.93	2350.67
2173.34	2366
2171.74	2382.67
2170.15	2407.67
2168.55	2370
2166.96	2401.33
2165.36	2398.67
2163.76	2452.33
2162.16	2425.33
2160.56	2426.33
2158.97	2462.33
2157.37	2433.67
2155.76	2447.67
2154.16	2439
2152.56	2498
2150.96	2507
2149.36	2449.67
2147.75	2468.67
2146.15	2489.33
2144.54	2509.33
2142.94	2495
2141.33	2481.67
2139.73	2498.67
2138.12	2503
2136.51	2491
2134.9	2526.33
2133.29	2532
2131.69	2546
2130.08	2499.67
2128.46	2530.33
2126.85	2522.67
2125.24	2517
2123.63	2536.67
2122.02	2531.67
2120.4	2510.67
2118.79	2554
2117.17	2541.67
2115.56	2561.33
2113.94	2552
2112.33	2563.33
2110.71	2551.67
2109.09	2566.33
2107.47	2568.33
2105.85	2588.33
2104.23	2574.67
2102.61	2576.67
2100.99	2585.33
2099.37	2589
2097.75	2595.67
2096.13	2601
2094.5	2620
2092.88	2607
2091.26	2644.67
2089.63	2649.33
2088.01	2625.67
2086.38	2650.33
2084.75	2651.67
2083.13	2657.33
2081.5	2652
2079.87	2634.67
2078.24	2640.67
2076.61	2663.67
2074.98	2682.33
2073.35	2707
2071.72	2713
2070.08	2710.67
2068.45	2720.33
2066.82	2741
2065.18	2722.33
2063.55	2748.33
2061.92	2731
2060.28	2757
2058.64	2759.67
2057.01	2780.67
2055.37	2820.33
2053.73	2812
2052.09	2822.67
2050.45	2825
2048.81	2831.67
2047.17	2837.67
2045.53	2795
2043.89	2814.33
2042.25	2834
2040.6	2794.33
2038.96	2843.67
2037.31	2860.33
2035.67	2861.33
2034.02	2843.67
2032.38	2866
2030.73	2864
2029.08	2864.33
2027.44	2854.67
2025.79	2874
2024.14	2890
2022.49	2879.33
2020.84	2849
2019.19	2863.33
2017.54	2893
2015.88	2895.33
2014.23	2865.33
2012.58	2902.33
2010.92	2895.67
2009.27	2903.33
2007.61	2890.67
2005.96	2891.67
2004.3	2936
2002.64	2952
2000.99	2914.33
1999.33	2903.67
1997.67	2944.67
1996.01	2929
1994.35	2990.67
1992.69	2940
1991.03	2947.33
1989.36	2963.33
1987.7	2990.33
1986.04	2974
1984.37	3001.67
1982.71	2986.67
1981.04	2989
1979.38	3023
1977.71	2991.33
1976.05	3030.67
1974.38	3035.67
1972.71	3002
1971.04	3055
1969.37	3026
1967.7	3051.33
1966.03	3074.67
1964.36	3087.33
1962.69	3111
1961.01	3139.33
1959.34	3116
1957.67	3105
1955.99	3106.67
1954.32	3097.67
1952.64	3127.33
1950.97	3113
1949.29	3142
1947.61	3121
1945.93	3146.33
1944.26	3175.67
1942.58	3156
1940.9	3148.67
1939.21	3178.33
1937.53	3176
1935.85	3202.67
1934.17	3185.67
1932.49	3202.33
1930.8	3205.33
1929.12	3229
1927.43	3197.33
1925.75	3213.67
1924.06	3241.33
1922.37	3201.33
1920.69	3218.67
1919	3265.33
1917.31	3237.67
1915.62	3219
1913.93	3217.67
1912.24	3213.67
1910.55	3227
1908.86	3236.67
1907.16	3229
1905.47	3263.67
1903.78	3269.67
1902.08	3226
1900.39	3255.33
1898.69	3260.67
1896.99	3238.67
1895.3	3266.33
1893.6	3274.67
1891.9	3265.33
1890.2	3285
1888.5	3264.33
1886.8	3305.67
1885.1	3293.33
1883.4	3270.33
1881.7	3327.33
1880	3309.67
1878.29	3301
1876.59	3303.67
1874.88	3285.33
1873.18	3329.33
1871.47	3329.67
1869.77	3342
1868.06	3322
1866.35	3323
1864.64	3376.33
1862.93	3369
1861.22	3370.33
1859.51	3390.67
1857.8	3364.33
1856.09	3398
1854.38	3400.67
1852.67	3408
1850.95	3403
1849.24	3385.67
1847.52	3413.67
1845.81	3444
1844.09	3411
1842.38	3417.67
1840.66	3440
1838.94	3481
1837.22	3444.33
1835.5	3456.33
1833.78	3449.33
1832.06	3464.67
1830.34	3481.33
1828.62	3493.33
1826.9	3471.67
1825.17	3474.33
1823.45	3488
1821.72	3513.67
1820	3490.67
1818.27	3547
1816.55	3524
1814.82	3510.33
1813.09	3547.67
1811.36	3562.33
1809.64	3542.33
1807.91	3562.33
1806.18	3558.67
1804.44	3601.33
1802.71	3545.33
1800.98	3580
1799.25	3554.67
1797.51	3597.67
1795.78	3569.67
1794.05	3623.67
1792.31	3608.33
1790.57	3637.33
1788.84	3643
1787.1	3608.33
1785.36	3629.33
1783.62	3608.67
1781.88	3647
1780.14	3622.33
1778.4	3649
1776.66	3618.33
1774.92	3633.33
1773.18	3632.33
1771.43	3631.33
1769.69	3639.33
1767.95	3630.33
1766.2	3688.33
1764.45	3661.67
1762.71	3660.67
1760.96	3633.33
1759.21	3653.67
1757.47	3691.67
1755.72	3653
1753.97	3664
1752.22	3675.67
1750.47	3675.33
1748.71	3665.33
1746.96	3690
1745.21	3703
1743.45	3704.67
1741.7	3715
1739.94	3730.33
1738.19	3748.67
1736.43	3741
1734.68	3749.33
1732.92	3761.67
1731.16	3762.67
1729.4	3784.67
1727.64	3777
1725.88	3801.67
1724.12	3817.67
1722.36	3810.33
1720.6	3852
1718.83	3829.67
1717.07	3840.33
1715.3	3833.67
1713.54	3832
1711.77	3863
1710.01	3820.67
1708.24	3869.67
1706.47	3874.33
1704.71	3920
1702.94	3912.33
1701.17	3922
1699.4	3906
1697.63	3956.67
1695.85	3975.67
1694.08	3990.33
1692.31	3981
1690.54	4030.67
1688.76	4018
1686.99	4017
1685.21	4065
1683.44	4090.67
1681.66	4083.67
1679.88	4089.33
1678.1	4122.67
1676.32	4126.33
1674.54	4123
1672.76	4136.67
1670.98	4175
1669.2	4185.67
1667.42	4204
1665.64	4189.33
1663.85	4202.67
1662.07	4195
1660.28	4220
1658.5	4233.67
1656.71	4189.67
1654.92	4248.33
1653.14	4246.33
1651.35	4254.33
1649.56	4260.33
1647.77	4247.33
1645.98	4249
1644.19	4256
1642.4	4250.67
1640.61	4261
1638.81	4264.67
1637.02	4247.33
1635.22	4247
1633.43	4210
1631.63	4231.33
1629.84	4214.67
1628.04	4232.67
1626.24	4187
1624.44	4208.33
1622.64	4202.33
1620.85	4214
1619.04	4195.67
1617.24	4204
1615.44	4195.67
1613.64	4180.67
1611.84	4148.67
1610.03	4148.67
1608.23	4189.67
1606.42	4181.33
1604.62	4169
1602.81	4203.33
1601	4178
1599.2	4197.33
1597.39	4152.67
1595.58	4163.33
1593.77	4161.33
1591.96	4169.33
1590.15	4133.67
1588.33	4156
1586.52	4175.67
1584.71	4183
1582.89	4239
1581.08	4199.67
1579.26	4166.67
1577.45	4167
1575.63	4163
1573.81	4169.67
1571.99	4200
1570.18	4210.33
1568.36	4222.33
1566.54	4240.67
1564.72	4201.67
1562.89	4225
1561.07	4242
1559.25	4215.67
1557.42	4262
1555.6	4254.67
1553.78	4235.33
1551.95	4211.33
1550.12	4254.33
1548.3	4217.33
1546.47	4250.33
1544.64	4263.33
1542.81	4237.67
1540.98	4234.67
1539.15	4257
1537.32	4256.67
1535.49	4240.67
1533.65	4239.67
1531.82	4229.67
1529.99	4287.33
1528.15	4231.33
1526.32	4250.67
1524.48	4234
1522.64	4253.33
1520.81	4248.67
1518.97	4219.33
1517.13	4206.33
1515.29	4260.67
1513.45	4249.67
1511.61	4204
1509.77	4263
1507.92	4229.33
1506.08	4237.67
1504.24	4255.67
1502.39	4223.67
1500.55	4241.67
1498.7	4239
1496.86	4216.33
1495.01	4271.33
1493.16	4268.67
1491.31	4298.33
1489.46	4252.67
1487.61	4298.33
1485.76	4233.67
1483.91	4286.67
1482.06	4277.33
1480.21	4300
1478.35	4277.33
1476.5	4316.33
1474.64	4314.67
1472.79	4341
1470.93	4345.67
1469.07	4363.67
1467.22	4379.67
1465.36	4361
1463.5	4375.33
1461.64	4372.33
1459.78	4443.33
1457.92	4450
1456.05	4444.67
1454.19	4423.67
1452.33	4395.67
1450.46	4430.67
1448.6	4432
1446.73	4417.67
1444.87	4434
1443	4447.33
1441.13	4399
1439.26	4409
1437.39	4389.33
1435.52	4390.33
1433.65	4420.67
1431.78	4385
1429.91	4400.67
1428.04	4371
1426.17	4366
1424.29	4344.67
1422.42	4389.67
1420.54	4351.33
1418.66	4381
1416.79	4353.33
1414.91	4335.67
1413.03	4334.33
1411.15	4390.33
1409.27	4351.33
1407.39	4339
1405.51	4338
1403.63	4359.33
1401.75	4320.67
1399.86	4330.67
1397.98	4356.33
1396.09	4349.33
1394.21	4300
1392.32	4318.33
1390.44	4301
1388.55	4303.67
1386.66	4323.67
1384.77	4293.67
1382.88	4282.67
1380.99	4266
1379.1	4294.67
1377.21	4263
1375.31	4277.67
1373.42	4273.67
1371.53	4300
1369.63	4316.33
1367.74	4271.67
1365.84	4277.33
1363.94	4301
1362.05	4304
1360.15	4335.67
1358.25	4288
1356.35	4333.67
1354.45	4340.67
1352.55	4380.67
1350.64	4392
1348.74	4383
1346.84	4379
1344.93	4418.67
1343.03	4392
1341.12	4389.67
1339.22	4372.33
1337.31	4347
1335.4	4377.67
1333.49	4353
1331.58	4398.33
1329.67	4371
1327.76	4353.33
1325.85	4393.33
1323.94	4381.33
1322.03	4377.33
1320.11	4371.67
1318.2	4381.67
1316.28	4386.33
1314.37	4393.67
1312.45	4408.33
1310.53	4416
1308.62	4404.33
1306.7	4400.33
1304.78	4397
1302.86	4408.67
1300.94	4457
1299.01	4370.67
1297.09	4421
1295.17	4421.67
1293.24	4414.67
1291.32	4422
1289.39	4416.67
1287.47	4422.67
1285.54	4442.33
1283.61	4461.67
1281.68	4425
1279.76	4444.67
1277.83	4444.33
1275.9	4423.67
1273.96	4421
1272.03	4373.33
1270.1	4456
1268.17	4439.67
1266.23	4430.67
1264.3	4436
1262.36	4407.67
1260.42	4414.33
1258.49	4395.33
1256.55	4430.33
1254.61	4411.67
1252.67	4388
1250.73	4385.33
1248.79	4377.67
1246.85	4375
1244.91	4411.33
1242.96	4387
1241.02	4341.67
1239.07	4392.33
1237.13	4400.33
1235.18	4370.67
1233.24	4308
1231.29	4329
1229.34	4346.33
1227.39	4349.67
1225.44	4320
1223.49	4323.33
1221.54	4304.67
1219.59	4309.33
1217.63	4295
1215.68	4284.67
1213.73	4280
1211.77	4270
1209.81	4274
1207.86	4290.33
1205.9	4272
1203.94	4269.67
1201.98	4254.67
1200.02	4261.33
1198.06	4225.33
1196.1	4224.33
1194.14	4221.33
1192.18	4171
1190.21	4220.33
1188.25	4252
1186.29	4242.33
1184.32	4227
1182.35	4257
1180.39	4173.67
1178.42	4232.33
1176.45	4209.33
1174.48	4213.67
1172.51	4183.33
1170.54	4200
1168.57	4217.67
1166.6	4196.67
1164.62	4252.33
1162.65	4202.67
1160.67	4225
1158.7	4205.67
1156.72	4180.67
1154.74	4156.33
1152.77	4189.67
1150.79	4199.33
1148.81	4224.33
1146.83	4204.67
1144.85	4186
1142.87	4225.33
1140.88	4220
1138.9	4225.67
1136.92	4203.33
1134.93	4206
1132.95	4209
1130.96	4192
1128.97	4181
1126.99	4248
1125	4200.67
1123.01	4239.33
1121.02	4193
1119.03	4238.33
1117.04	4193
1115.04	4256.67
1113.05	4251.33
1111.06	4239.33
1109.06	4282.67
1107.07	4263.33
1105.07	4281.33
1103.08	4310.33
1101.08	4333.33
1099.08	4334.33
1097.08	4320.67
1095.08	4325.67
1093.08	4341.33
1091.08	4336.67
1089.08	4406.67
1087.07	4366.67
1085.07	4377.67
1083.06	4376.33
1081.06	4344
1079.05	4415
1077.05	4365.67
1075.04	4389
1073.03	4393.67
1071.02	4384.33
1069.01	4376.33
1067	4399.67
1064.99	4390.67
1062.98	4404
1060.96	4430
1058.95	4410.33
1056.93	4404.67
1054.92	4413.67
1052.9	4460.33
1050.89	4436.33
1048.87	4411
1046.85	4402.67
1044.83	4399
1042.81	4420
1040.79	4405
1038.77	4430.33
1036.75	4448.67
1034.72	4411.33
1032.7	4448
1030.67	4449
1028.65	4465.33
1026.62	4486.67
1024.59	4500
1022.57	4488.67
1020.54	4479
1018.51	4479
1016.48	4532.33
1014.45	4515.67
1012.42	4534
1010.38	4530.33
1008.35	4551.33
1006.32	4534.33
1004.28	4525.33
1002.24	4543
1000.21	4582.67
998.171	4599
996.133	4571.67
994.094	4591.33
992.054	4596.67
990.013	4657.67
987.972	4639.67
985.93	4627
983.888	4621.33
981.843	4669.33
979.799	4641
977.754	4672
975.708	4696.33
973.661	4709.67
971.614	4723.67
969.565	4732.67
967.516	4743.67
965.466	4768.67
963.415	4799
961.364	4797.67
959.312	4803.67
957.258	4798.33
955.204	4871.67
953.15	4828.33
951.094	4834
949.038	4804
946.98	4798.33
944.923	4819.33
942.864	4840.33
940.804	4851.67
938.744	4842.33
936.683	4853.67
934.621	4853.33
932.558	4814
930.495	4804.33
928.43	4830
926.365	4841
924.299	4839.67
922.233	4855.33
920.165	4801.67
918.096	4845
916.028	4860.67
913.957	4836.33
911.887	4846
909.815	4814
907.743	4814
905.669	4820.33
903.595	4832.33
901.521	4831.33
899.445	4809.33
897.369	4813.67
895.292	4838.67
893.214	4785
891.135	4834.67
889.055	4806.33
886.975	4831
884.894	4830
882.812	4843.33
880.729	4857
878.646	4852.67
876.561	4882.67
874.475	4923.33
872.389	4890.67
870.303	4916
868.215	4929.33
866.126	4927
864.037	4964
861.947	4963.67
859.856	4949
857.764	4995
855.671	4972
853.578	5005.67
851.484	4944.67
849.389	4948.67
847.293	4941.67
845.196	4999.67
843.099	4970.33
841	5008.67
838.901	4977.33
836.801	4995
834.701	5012.67
832.599	4980.67
830.496	5000
828.393	4939.67
826.29	4982
824.184	4982.67
822.079	4950.67
819.972	4945.67
817.865	4946
815.757	4901
813.648	4915.33
811.538	4894.33
809.428	4902.33
807.316	4875.33
805.204	4911
803.091	4931.33
800.977	4927.33
798.863	4905
796.747	4897
794.631	4923
792.513	4893.67
790.395	4882
788.276	4914.67
786.157	4861.33
784.036	4864.33
781.915	4897
779.793	4880
777.669	4865.33
775.546	4927.67
773.421	4925
771.296	4912.67
769.169	4919.67
767.042	4910.33
764.915	4924.33
762.786	4900
760.656	4922.67
758.526	4963.33
756.394	4984.33
754.262	4964
752.129	4961.33
749.995	4961.67
747.861	5019
745.725	4990.67
743.588	5039.67
741.452	5027
739.314	5027.67
737.175	5053.67
735.035	5015.67
732.895	5090
730.753	5015
728.611	5056
726.469	5039
724.324	5030.67
722.18	5012
720.034	5044
717.888	5042.33
715.741	5027.67
713.593	5014.33
711.444	5027.67
709.294	5057.67
707.144	5024.67
704.992	4999.33
702.84	5017.33
700.687	5006.33
698.533	4952.67
696.378	4958.67
694.222	4963.33
692.066	4963
689.909	4948
687.751	4931.33
685.592	4935
683.432	4924
681.271	4914.33
679.109	4891
676.947	4933.67
674.784	4936.67
672.62	4926.33
670.455	4883
668.289	4909
666.122	4906.33
663.955	4945.33
661.787	4887.33
659.618	4918.33
657.448	4949.67
655.277	4935
653.104	4943.67
650.932	4968.67
648.759	4994
646.584	4994.33
644.409	5000.33
642.233	4998.67
640.056	5062.67
637.879	4993.33
635.7	5015.33
633.52	5027
631.34	5060
629.159	5019
626.977	5037.67
624.794	5055.33
622.61	5051.33
620.426	5067
618.24	5026.67
616.054	5083.67
613.867	5052.33
611.679	5066.67
609.49	5047.67
607.301	5043
605.11	5030.67
602.919	5004.33
600.726	4983
598.532	4982
596.339	4974.33
594.144	4999.33
591.948	4995
589.751	4975.67
587.554	4960.67
585.355	4985.67
583.156	4961.33
580.956	4938.33
578.755	4976
576.553	4956.67
574.35	4985
572.147	4937.33
569.943	4976.67
567.737	4943.67
565.531	4982
563.323	4972
561.116	4984
558.907	4935.33
556.698	4912
554.487	4958
552.275	4943.33
550.063	4931.33
547.85	4995.33
545.636	4965.67
543.421	4959.67
541.206	4957.33
538.988	4981.33
536.771	5011.33
534.553	4991.67
532.333	5016.33
530.113	5023
527.892	4995.33
525.67	5004.67
523.447	5046.67
521.224	5049.33
518.999	5022
516.774	5026
514.548	5070
512.321	5057
510.093	5049.33
507.863	5040
505.634	5010
503.403	4970.67
501.172	4984
498.939	4990.67
496.705	4993
494.472	4993.67
492.237	4984.67
490.001	4931
487.764	4921.67
485.526	4915.67
483.287	4916.33
481.047	4955.67
478.807	4954.33
476.565	4906.33
474.324	4920.33
472.08	4950
469.837	4916
467.591	4956
465.346	4928.67
463.099	4934.33
460.852	4907.33
458.604	4946
456.354	4996.33
454.103	4976
451.852	4994
449.601	5007.33
447.348	4997
445.094	5029
442.84	5046
440.584	5032.67
438.327	5071.33
436.07	5008.33
433.812	5089.33
431.553	5104.67
429.293	5114.67
427.032	5126
424.77	5086.67
422.507	5093
420.244	5123.67
417.979	5123.67
415.714	5102.67
413.448	5131.67
411.18	5110.67
408.912	5121.33
406.643	5146.67
404.373	5126
402.102	5112
399.83	5088.33
397.558	5111.67
395.285	5082.33
393.01	5082.67
390.734	5121.67
388.458	5071
386.181	5071.67
383.903	5072.67
381.624	5088
379.345	5067
377.064	5066
374.782	5082
372.5	5069.67
370.216	5099
367.932	5059.67
365.646	5081
363.36	5086
361.073	5059
358.785	5086.67
356.496	5104.33
354.207	5124
351.915	5130
349.624	5094.33
347.331	5099
345.038	5143
342.743	5137.67
340.448	5143.33
338.152	5116.67
335.855	5157
333.556	5141
331.257	5128.33
328.958	5158.67
326.657	5181.33
324.355	5162.67
322.053	5163.33
319.749	5181
317.444	5203
315.139	5186.67
312.833	5222.33
310.526	5246
308.217	5260.33
305.908	5294.33
303.599	5307
301.288	5298.67
298.976	5290
296.663	5295.67
294.349	5335
292.035	5356
289.719	5379.67
287.403	5367
285.085	5385.33
282.767	5409.67
280.448	5409.67
278.128	5393.67
275.807	5417
273.485	5411.67
271.161	5424
268.837	5445
266.513	5482.33
264.187	5474.67
261.861	5477.33
259.533	5544.33
257.205	5553.67
254.875	5576
252.544	5535.67
250.213	5571.67
247.881	5567
245.548	5624.67
243.214	5680.33
240.879	5684.67
238.543	5722.67
236.206	5752
233.869	5747.33
231.53	5748.67
229.19	5786.67
226.849	5829
224.508	5822
222.165	5888.67
219.822	5917.67
217.478	5956
215.132	5974
212.785	5962
210.439	6046.33
208.091	6063.33
205.741	6131
203.391	6180
201.04	6192
198.688	6272.67
196.336	6300.33
193.982	6353
191.627	6363.33
189.271	6410.33
186.915	6487.33
184.557	6503
182.199	6508.67
179.84	6567.33
177.478	6601.33
175.117	6633
172.755	6704
170.392	6758
168.028	6803.33
165.662	6860.67
163.297	6942.67
160.929	6937
158.561	6972.33
156.193	7008
153.823	7043
151.452	7094.33
149.08	7142
146.707	7190.33
144.334	7235
141.959	7283.67
139.584	7329.33
137.207	7452
134.829	7513.67
132.451	7559.67
130.071	7701
127.692	7758.67
125.31	7860.33
122.927	8041.67
120.545	8152
118.16	8219.33
115.775	8339.67
113.388	8530
111.001	8647.33
108.613	8815
106.224	9066.33
103.834	9214.67
101.444	9474.67
99.052	9702.67
96.6594	9961.33
94.2649	10242
91.8705	10547.3
89.4743	10889.7
87.0781	11253
84.68	11642.3
82.282	12020.7
79.882	12502.3
77.4812	13127.7
75.0805	13775.7
72.6778	14550
70.2743	15982
67.8698	17759.3
65.4644	19535.7
63.0582	20995.3
60.651	22160
58.2419	23310.7
55.8328	24442
53.4229	25867.7
51.011	27210
48.5993	28961.7
46.1856	30909.7
43.772	33230.7
41.3565	36140
38.941	39792.7
36.5237	44283.7
34.1054	50145.7
31.6862	57143
29.2661	63952
26.8451	64524
24.4231	64524
22.0002	64524
19.5764	64524
17.1517	64524
14.7261	64524
12.2995	64524
9.87099	64524
7.44256	64524
5.01321	64524
2.58195	64524
0.14975	64524
-2.28238	64524
-4.71644	64524
-7.15142	64524
-9.58634	64524
-12.0232	64524
-14.461	64524
-16.8997	64524
-19.3393	64524
-21.7799	64524
-24.2214	64524
-26.6638	64524
-29.1072	64524
-31.5525	64524
-33.9977	64524
-36.4439	64524
-38.892	44106.7
-41.3401	34733.3
-43.7901	29128.3
-46.24	25021.7
-48.6919	21784
-51.1447	18914.7
-53.5974	16559.7
-56.0521	14409.7
-58.5078	12652.3
-60.9643	11201.7
-63.4218	9787.33
-65.8803	8656
-68.3397	7630.33
-70.8	6741.67
-73.2613	5959.33
-75.7236	5296.67
-78.1878	4705
-80.6519	4210
-83.117	3740.67
-85.584	3318
-88.051	2992
-90.5199	2704.67
-92.9888	2517.33
-95.4596	2277.67
-97.9314	2076
-100.403	1884.33
-102.877	1690
-105.351	1515
-107.827	1340
-110.304	1189
-112.781	1056.33
-115.26	983.333
-117.739	893.667
-120.219	837
-122.701	779.333
-125.184	714.333
-127.667	637.333
-130.151	589.667
-132.637	535.333
-135.124	475.333
-137.612	462.667
-140.1	418.333
-142.59	387.333
-145.08	358.667
-147.572	342.667
-150.065	313.667
-152.558	305.333
-155.052	271.667
-157.548	270.333
-160.045	255.667
-162.542	241
-165.041	239.667
-167.541	230
-170.041	213.333
-172.544	212.667
-175.047	201.333
-177.55	208
-180.056	196
-182.561	187.667
-185.068	182.333
-187.576	197
-190.084	180
-192.595	179
-195.105	177
-197.617	173.333
-200.131	160.667
-202.645	157
-205.159	166.333
-207.676	166
-210.193	162.333
-212.711	155.333
-215.23	164.333
-217.75	157.333
-220.271	147.333
-222.794	155
-225.318	151
-227.842	152.333
-230.367	146
-232.893	138.667
-235.421	146
-237.949	142.333
-240.479	143.667
-243.009	135.667
-245.541	133
-248.073	127.333
-250.607	130
-253.142	124.667
-255.677	131
-258.214	132
-260.752	125.667
-263.291	130.667
-265.83	113.333
-268.371	127
-270.913	121
-273.456	113
-276	117.333
-278.545	118.667
-281.091	117.667
-283.639	112.333
-286.187	99.6667
-288.735	109
-291.286	107
-293.837	105.667
-296.389	105.667
-298.943	99
-301.497	99.3333
-304.053	104.333
-306.61	96.3333
-309.166	97
-311.725	99.6667
-314.285	102.667
-316.846	96.3333
-319.408	97.6667
-321.97	93.3333
-324.534	98
-327.099	95.6667
-329.665	94.3333
-332.232	97
-334.801	86.3333
-337.37	100.667
-339.94	91.6667
-342.511	98.3333
-345.083	93.3333
-347.657	84.6667
-350.231	88.6667
-352.807	90.6667
-355.383	95.3333
-357.96	87
-360.539	88.6667
-363.119	78
-365.699	85
-368.281	81.3333
-370.864	86.3333
-373.448	84.6667
-376.033	87.3333
-378.619	78
-381.206	82.3333
-383.794	86
-386.384	83.6667
-388.974	81
-391.565	80
-394.158	76.3333
-396.751	70.6667
-399.346	74.6667
-401.941	62.6667
-404.537	77.6667
-407.136	77
-409.735	73.3333
-412.334	72
-414.936	83
-417.537	78
-420.141	81.3333
-422.745	76.6667
-425.35	70
-427.956	72.3333
-430.564	79
-433.173	74
-435.781	70.3333
-438.392	71
-441.004	69.3333
-443.617	77
-446.231	74.6667
-448.846	74.6667
-451.461	76
-454.078	71.6667
-456.698	69.3333
-459.317	73
-461.937	69.6667
-464.558	70.3333
-467.181	65.3333
-469.804	72.3333
-472.428	74
-475.055	78
-477.681	70.6667
-480.309	61
-482.939	70.6667
-485.568	65.6667
-488.2	74.3333
-490.832	66.6667
-493.465	64.6667
-496.099	60
-498.735	66.6667
-501.372	66.6667
-504.009	77.6667
-506.648	70
-509.288	62.3333
-511.929	71.6667
-514.572	62
-517.215	65.6667
-519.858	72.6667
-522.504	75
-525.15	65.6667
-527.797	64
-530.447	67
-533.097	76.6667
-535.747	59
-538.399	68.3333
-541.052	68.6667
-543.706	64.3333
-546.362	67.3333
-549.018	65.3333
-551.675	63.6667
-554.334	70.3333
-556.993	62
-559.654	59.3333
-562.316	62.3333
-564.979	60
-567.642	71.6667
-570.308	60.6667
-572.975	67.3333
-575.641	71.3333
-578.31	69.6667
-580.98	57
-583.65	61.3333
-586.322	64.6667
-588.995	67.3333
-591.669	72.3333
-594.344	68.3333
-597.02	66.6667
-599.698	68
-602.376	68
-605.056	57.6667
-607.736	71.3333
-610.418	66
-613.1	67
-615.784	66.6667
-618.47	64.3333
-621.156	70.6667
-623.843	68.6667
-626.531	64.3333
-629.222	69
-631.912	62.6667
-634.603	61.6667
-637.297	73
-639.99	64.3333
-642.686	74
-645.382	63.6667
-648.08	64.3333
-650.779	65.6667
-653.477	67.6667
-656.179	62
-658.881	73
-661.583	69.6667
-664.287	57.6667
-666.993	64
-669.7	67.3333
-672.407	66
-675.115	72
-677.825	70.3333
-680.536	68.3333
-683.248	67.3333
-685.961	69.3333
-688.675	67
-691.391	70
-694.108	68.6667
-696.826	65.3333
-699.544	69
-702.264	61
-704.985	73.3333
-707.708	63.3333
-710.431	71
-713.155	64
-715.88	70.3333
-718.608	68
-721.335	68.6667
-724.065	66.3333
-726.795	66.3333
-729.527	66.3333
-732.258	73.6667
-734.993	64
-737.727	68.3333
-740.463	66.3333
-743.2	72
-745.938	70.3333
-748.678	62.6667
-751.418	74
-754.159	64
-756.902	63.6667
-759.646	71.6667
-762.391	76.3333
-765.138	69.3333
-767.885	61.6667
-770.633	68.6667
-773.382	70.6667
-776.133	71
-778.885	68.3333
-781.638	64.6667
-784.393	76
-787.149	75.6667
-789.905	69.6667
-792.663	64.6667
-795.421	67.6667
-798.181	63.3333
-800.942	69.3333
-803.705	66.6667
-806.469	70
-809.233	62.3333
-811.999	69.3333
-814.766	71.6667
-817.534	69.6667
-820.304	67.6667
-823.073	69
-825.846	68.3333
-828.618	64.6667
-831.392	61.6667
-834.167	75.3333
-836.944	65.3333
-839.72	67.6667
-842.499	67.3333
-845.279	65.6667
-848.06	54
-850.842	67.6667
-853.626	75.3333
-856.41	62.6667
-859.195	71.6667
-861.982	60
-864.77	66.3333
-867.559	62.6667
-870.35	63.6667
-873.141	63.3333
-875.934	63
-878.728	67.3333
-881.522	63
-884.318	60.6667
-887.116	74
-889.915	70.3333
-892.714	68
-895.515	73.6667
-898.317	66.6667
-901.12	65.3333
-903.924	72.6667
-906.729	68.3333
-909.537	72.3333
-912.345	69.6667
-915.153	65
-917.963	71.3333
-920.776	64
-923.588	70.6667
-926.401	69.6667
-929.217	63.6667
-932.033	75
-934.851	67.6667
-937.669	70.3333
-940.488	65.6667
-943.31	70.3333
-946.131	76.3333
-948.955	72.6667
-951.78	59.3333
-954.605	67.3333
-957.432	73.6667
-960.26	67
-963.09	66.6667
-965.92	78.3333
-968.751	68.3333
-971.584	69.6667
-974.419	75
-977.254	68.6667
-980.09	83.6667
-982.928	59
-985.767	75.6667
-988.607	79.6667
-991.448	74.3333
-994.291	66.3333
-997.135	74.6667
-999.979	72
-1002.82	70.6667
-1005.67	78.6667
-1008.52	66.6667
-1011.37	74.3333
-1014.22	68.3333
-1017.07	75.6667
-1019.93	73
-1022.78	73
-1025.64	75.3333
-1028.49	82
-1031.35	68.6667
-1034.21	64.3333
-1037.07	76.6667
-1039.93	70.3333
-1042.8	62
-1045.66	77.3333
-1048.53	76.3333
-1051.39	73.3333
-1054.26	74
-1057.13	78
-1060	80.3333
-1062.87	72.3333
-1065.74	71
-1068.62	86
-1071.49	78
-1074.37	79
-1077.25	72.3333
-1080.12	81.6667
-1083.01	80
-1085.89	78
-1088.77	76.3333
-1091.65	76.3333
-1094.54	73
-1097.42	75.6667
-1100.31	79.3333
-1103.2	83.6667
-1106.09	65
-1108.98	75.3333
-1111.87	71.3333
-1114.77	85.3333
-1117.66	82.6667
-1120.56	81.6667
-1123.45	83.6667
-1126.35	89.6667
-1129.25	73.6667
-1132.15	87
-1135.05	85.6667
-1137.96	86.6667
-1140.86	81.6667
-1143.77	85.6667
-1146.67	90.3333
-1149.58	86.3333
-1152.49	87.3333
-1155.4	92.3333
-1158.32	95.6667
-1161.23	101.333
-1164.14	93.6667
-1167.06	106
-1169.98	124
-1172.89	122.667
-1175.81	144.333
-1178.73	158.333
-1181.66	184.667
-1184.58	211.667
-1187.5	243
-1190.43	255
-1193.35	282.667
-1196.28	278
-1199.21	308
-1202.14	340.333
-1205.08	378.667
-1208.01	399.333
-1210.94	423.667
-1213.88	468.667
-1216.82	502.333
-1219.75	511.333
-1222.69	562.667
-1225.63	596.667
-1228.58	666.667
-1231.52	705.667
-1234.46	756.667
-1237.41	861
-1240.35	953.667
-1243.3	1161.67
-1246.25	1558
-1249.2	1803.33
-1252.16	1981.33
-1255.11	1974.33
-1258.06	1955.67
-1261.02	1827.67
-1263.97	1608.33
-1266.93	1420.33
-1269.89	1303.33
-1272.85	1092.67
-1275.82	752
-1278.78	448.667
-1281.74	269.667
-1284.71	189.667
-1287.68	181.333
-1290.65	163
-1293.62	155.333
-1296.59	148.333
-1299.56	132
-1302.53	133.667
-1305.51	116
-1308.48	123
-1311.46	113.667
-1314.44	111.667
-1317.42	111.667
-1320.4	115
-1323.38	103
-1326.37	104.333
-1329.35	91.3333
-1332.34	99.3333
-1335.32	103
-1338.31	98.3333
-1341.3	97
-1344.29	94.6667
-1347.29	93
-1350.28	96.3333
-1353.28	97.3333
-1356.27	84
-1359.27	98.3333
-1362.27	89
-1365.27	88.3333
-1368.27	83.6667
-1371.27	71.6667
-1374.28	82.3333
-1377.28	74
-1380.29	62.3333
-1383.3	69.3333
-1386.31	67.3333
-1389.32	61.3333
-1392.33	59.3333
