2745.96	56.3333
2744.57	47.6667
2743.18	55.3333
2741.8	56.6667
2740.41	48
2739.02	51.6667
2737.63	54.6667
2736.24	45.3333
2734.85	51.3333
2733.46	53
2732.07	53.6667
2730.68	58.3333
2729.29	49.6667
2727.9	46
2726.5	50.6667
2725.11	58.3333
2723.72	48.3333
2722.32	54.3333
2720.93	45.3333
2719.53	53
2718.14	50.6667
2716.74	47
2715.34	45.3333
2713.95	47.6667
2712.55	53
2711.15	48.3333
2709.75	49.6667
2708.35	48.3333
2706.95	47.3333
2705.55	48.6667
2704.15	48.3333
2702.75	43.6667
2701.35	59
2699.95	49.6667
2698.55	42.6667
2697.14	55
2695.74	54.3333
2694.33	51.3333
2692.93	50.3333
2691.52	54.3333
2690.12	42.3333
2688.71	50
2687.31	45
2685.9	46.3333
2684.49	47.6667
2683.08	49
2681.67	54.6667
2680.26	46.3333
2678.85	49.3333
2677.44	48.6667
2676.03	43.6667
2674.62	48.3333
2673.21	47.3333
2671.8	47
2670.38	45
2668.97	48
2667.56	50.3333
2666.14	56
2664.73	42.6667
2663.31	50
2661.9	48.6667
2660.48	49.3333
2659.06	48.3333
2657.64	47
2656.23	46.6667
2654.81	49.3333
2653.39	49
2651.97	45.3333
2650.55	44.3333
2649.13	44.6667
2647.71	43.6667
2646.29	48.6667
2644.86	43.3333
2643.44	45.6667
2642.02	49.3333
2640.6	47.3333
2639.17	54.6667
2637.75	44.6667
2636.32	47.3333
2634.9	44.3333
2633.47	52
2632.04	52.3333
2630.62	51.3333
2629.19	40.6667
2627.76	49
2626.33	44.3333
2624.9	45.3333
2623.47	43
2622.04	58.6667
2620.61	48
2619.18	47.6667
2617.75	47
2616.31	45
2614.88	45.6667
2613.45	44.6667
2612.01	39.3333
2610.58	42
2609.14	44.6667
2607.71	45.6667
2606.27	50
2604.84	44.6667
2603.4	45.6667
2601.96	47.3333
2600.52	42.3333
2599.08	39.6667
2597.65	38.6667
2596.21	43.3333
2594.77	47.6667
2593.32	40
2591.88	44.6667
2590.44	42.3333
2589	45.3333
2587.56	49.3333
2586.11	41.6667
2584.67	37
2583.22	44
2581.78	50.3333
2580.33	44.3333
2578.89	49
2577.44	41.3333
2575.99	47
2574.55	46.6667
2573.1	34
2571.65	49.3333
2570.2	45.3333
2568.75	38.3333
2567.3	46
2565.85	48.6667
2564.4	43
2562.95	41.3333
2561.5	40.6667
2560.04	45.3333
2558.59	40.6667
2557.14	48.6667
2555.68	40.6667
2554.23	42.6667
2552.77	52.3333
2551.31	45.3333
2549.86	45.3333
2548.4	40.6667
2546.94	44.3333
2545.49	45
2544.03	46.6667
2542.57	43.6667
2541.11	35.3333
2539.65	39.6667
2538.19	41.3333
2536.73	43
2535.26	35.3333
2533.8	42
2532.34	35.3333
2530.88	50
2529.41	46
2527.95	37.6667
2526.48	40.6667
2525.02	41.3333
2523.55	40
2522.08	44
2520.62	36.3333
2519.15	48.6667
2517.68	42.6667
2516.21	44.3333
2514.74	39
2513.27	40.3333
2511.8	41.3333
2510.33	45.3333
2508.86	39.6667
2507.39	41.6667
2505.92	42.3333
2504.44	46.3333
2502.97	40.3333
2501.5	42
2500.02	39.6667
2498.55	42.6667
2497.07	38
2495.59	48.3333
2494.12	44.6667
2492.64	39.3333
2491.16	39.6667
2489.68	38.6667
2488.2	43
2486.73	37.3333
2485.25	42.6667
2483.76	40
2482.28	40.3333
2480.8	37.6667
2479.32	43.6667
2477.84	39.6667
2476.35	34
2474.87	40.3333
2473.39	45.6667
2471.9	39.3333
2470.42	44.6667
2468.93	44.3333
2467.44	40
2465.96	39.6667
2464.47	43.3333
2462.98	41.3333
2461.49	40
2460	44.6667
2458.51	43.3333
2457.02	41.3333
2455.53	48.3333
2454.04	44.3333
2452.55	43.3333
2451.06	43
2449.56	44.3333
2448.07	45
2446.58	41
2445.08	46
2443.59	47.6667
2442.09	43.3333
2440.59	49.3333
2439.1	46.6667
2437.6	46.3333
2436.1	34.6667
2434.6	38
2433.11	47
2431.61	41
2430.11	46.6667
2428.61	41.6667
2427.1	46
2425.6	43.3333
2424.1	42.6667
2422.6	41.6667
2421.09	47.6667
2419.59	35.3333
2418.09	38
2416.58	46.6667
2415.07	46.3333
2413.57	40
2412.06	51.6667
2410.56	35.3333
2409.05	40.3333
2407.54	43.3333
2406.03	47
2404.52	37
2403.01	40.6667
2401.5	40.6667
2399.99	36.6667
2398.48	41
2396.97	31.3333
2395.45	33.3333
2393.94	37
2392.43	40.6667
2390.91	41.6667
2389.4	35
2387.88	37
2386.37	42
2384.85	37
2383.33	35.6667
2381.81	36.3333
2380.3	39.3333
2378.78	47.6667
2377.26	43
2375.74	31
2374.22	40.3333
2372.7	35
2371.17	30
2369.65	39.3333
2368.13	42.3333
2366.61	29
2365.08	29.6667
2363.56	37.3333
2362.03	40
2360.51	33.3333
2358.98	37.3333
2357.46	31
2355.93	43.3333
2354.4	45.6667
2352.87	37
2351.34	36.6667
2349.81	38.6667
2348.29	38.3333
2346.75	31
2345.22	40
2343.69	33.3333
2342.16	38.3333
2340.63	41.3333
2339.09	36
2337.56	39.6667
2336.03	39
2334.49	40
2332.96	35.6667
2331.42	40.3333
2329.88	37
2328.35	35.6667
2326.81	36.3333
2325.27	34.6667
2323.73	37.6667
2322.19	30
2320.65	40.3333
2319.11	38
2317.57	29.3333
2316.03	39
2314.49	34
2312.94	37
2311.4	36.6667
2309.85	39.6667
2308.31	35.3333
2306.77	34
2305.22	35.3333
2303.67	42.6667
2302.13	36.3333
2300.58	43.3333
2299.03	36
2297.48	39.3333
2295.93	44.3333
2294.38	34.6667
2292.83	37.3333
2291.28	39.6667
2289.73	34
2288.18	38.3333
2286.63	32.3333
2285.07	39
2283.52	36.6667
2281.97	37.3333
2280.41	40.6667
2278.86	42.3333
2277.3	30.3333
2275.74	35
2274.19	31.6667
2272.63	39.3333
2271.07	37.6667
2269.51	34
2267.95	31.6667
2266.39	30.6667
2264.83	36.6667
2263.27	39.6667
2261.71	25.6667
2260.15	40
2258.59	29.3333
2257.02	34.6667
2255.46	36
2253.89	35
2252.33	37.3333
2250.76	32.3333
2249.2	33.6667
2247.63	36.3333
2246.06	34.3333
2244.49	41.6667
2242.93	33.6667
2241.36	28.3333
2239.79	32
2238.22	41
2236.65	34
2235.08	37.6667
2233.5	41
2231.93	36.3333
2230.36	32
2228.78	47.3333
2227.21	35
2225.63	47.3333
2224.06	35
2222.48	36.3333
2220.91	36
2219.33	31.6667
2217.75	36
2216.17	40.3333
2214.59	34
2213.01	39
2211.44	35.3333
2209.85	38.6667
2208.27	36
2206.69	44.6667
2205.11	32.3333
2203.53	33.3333
2201.94	35
2200.36	39
2198.77	36.6667
2197.19	44.3333
2195.6	31
2194.02	35
2192.43	36.6667
2190.84	32.6667
2189.25	27
2187.66	41.3333
2186.07	36
2184.48	32.6667
2182.89	31
2181.3	36.3333
2179.71	35
2178.12	39
2176.53	39.6667
2174.93	37.3333
2173.34	31.6667
2171.74	40
2170.15	34.3333
2168.55	38
2166.96	28.3333
2165.36	33.3333
2163.76	30.6667
2162.16	30.6667
2160.56	34.6667
2158.97	37
2157.37	33
2155.76	30.3333
2154.16	33.3333
2152.56	37.3333
2150.96	28.6667
2149.36	37
2147.75	40.3333
2146.15	31.6667
2144.54	42.3333
2142.94	30.6667
2141.33	35.3333
2139.73	35
2138.12	38.6667
2136.51	31.6667
2134.9	42.3333
2133.29	37.6667
2131.69	36.3333
2130.08	33.6667
2128.46	36.6667
2126.85	33.6667
2125.24	46.6667
2123.63	39
2122.02	37
2120.4	38.3333
2118.79	37
2117.17	35.6667
2115.56	43
2113.94	35.6667
2112.33	39.6667
2110.71	42.3333
2109.09	30.6667
2107.47	36.3333
2105.85	35
2104.23	32.6667
2102.61	48.6667
2100.99	35
2099.37	32.6667
2097.75	37.6667
2096.13	42.6667
2094.5	39.3333
2092.88	41
2091.26	44
2089.63	37
2088.01	39.6667
2086.38	32.6667
2084.75	37
2083.13	35.3333
2081.5	38.6667
2079.87	31.3333
2078.24	34.6667
2076.61	34
2074.98	33.3333
2073.35	41
2071.72	34
2070.08	34.6667
2068.45	34
2066.82	34.3333
2065.18	39.3333
2063.55	38.6667
2061.92	36.3333
2060.28	31.6667
2058.64	38
2057.01	32.6667
2055.37	29.3333
2053.73	42.3333
2052.09	38.6667
2050.45	34
2048.81	36.6667
2047.17	37.6667
2045.53	40
2043.89	37
2042.25	40.6667
2040.6	33.3333
2038.96	37.3333
2037.31	34.3333
2035.67	32.6667
2034.02	43.3333
2032.38	40.3333
2030.73	36.3333
2029.08	35.3333
2027.44	34
2025.79	34.6667
2024.14	35
2022.49	40.6667
2020.84	36.3333
2019.19	33.6667
2017.54	27
2015.88	38.6667
2014.23	29.3333
2012.58	30.3333
2010.92	31
2009.27	37.3333
2007.61	37
2005.96	33
2004.3	38.6667
2002.64	38.3333
2000.99	31.6667
1999.33	37.3333
1997.67	38
1996.01	42
1994.35	37
1992.69	30.6667
1991.03	42.3333
1989.36	43
1987.7	37
1986.04	37.3333
1984.37	42.3333
1982.71	38.6667
1981.04	41
1979.38	33.6667
1977.71	40.3333
1976.05	40.6667
1974.38	37
1972.71	44
1971.04	46
1969.37	43.3333
1967.7	41.3333
1966.03	42.6667
1964.36	46
1962.69	40
1961.01	47
1959.34	44.3333
1957.67	49.6667
1955.99	43.3333
1954.32	51
1952.64	43.3333
1950.97	45
1949.29	44.3333
1947.61	53.3333
1945.93	45
1944.26	43.6667
1942.58	50
1940.9	48.3333
1939.21	46.3333
1937.53	48.6667
1935.85	44.3333
1934.17	50
1932.49	49.6667
1930.8	53.3333
1929.12	49.3333
1927.43	50.6667
1925.75	48.6667
1924.06	47
1922.37	55
1920.69	47.6667
1919	46.3333
1917.31	52.6667
1915.62	47.6667
1913.93	47
1912.24	42
1910.55	47.3333
1908.86	52
1907.16	50
1905.47	56
1903.78	52.6667
1902.08	48
1900.39	54
1898.69	50.6667
1896.99	49
1895.3	51.6667
1893.6	48.3333
1891.9	49.3333
1890.2	52.3333
1888.5	50.6667
1886.8	47.6667
1885.1	54.3333
1883.4	59.6667
1881.7	52
1880	54.3333
1878.29	51.3333
1876.59	43.3333
1874.88	50
1873.18	53.6667
1871.47	47
1869.77	56.6667
1868.06	41.3333
1866.35	42
1864.64	47.3333
1862.93	46.6667
1861.22	38
1859.51	44.3333
1857.8	47
1856.09	45.6667
1854.38	45.6667
1852.67	48.6667
1850.95	50.3333
1849.24	41
1847.52	46
1845.81	38.3333
1844.09	47.6667
1842.38	40
1840.66	47
1838.94	30.6667
1837.22	44.3333
1835.5	42.3333
1833.78	47.6667
1832.06	38.6667
1830.34	45.6667
1828.62	42.3333
1826.9	42.6667
1825.17	44
1823.45	46.6667
1821.72	42.3333
1820	43.6667
1818.27	35.6667
1816.55	42.6667
1814.82	42.3333
1813.09	46
1811.36	43.3333
1809.64	54.6667
1807.91	46.6667
1806.18	45.3333
1804.44	43.3333
1802.71	50
1800.98	47.6667
1799.25	39.6667
1797.51	40.6667
1795.78	41.6667
1794.05	48.3333
1792.31	36.6667
1790.57	48
1788.84	48
1787.1	45.6667
1785.36	50.3333
1783.62	47
1781.88	50.3333
1780.14	47.6667
1778.4	41
1776.66	43.3333
1774.92	49
1773.18	42
1771.43	49
1769.69	46
1767.95	43.3333
1766.2	51.3333
1764.45	46
1762.71	43.6667
1760.96	43
1759.21	48
1757.47	46.6667
1755.72	40
1753.97	44
1752.22	45
1750.47	45.6667
1748.71	43.6667
1746.96	45
1745.21	34.3333
1743.45	44
1741.7	46.6667
1739.94	41.3333
1738.19	42.3333
1736.43	42.6667
1734.68	45.6667
1732.92	44.3333
1731.16	41.6667
1729.4	50.6667
1727.64	44.3333
1725.88	37.3333
1724.12	49.6667
1722.36	51
1720.6	48
1718.83	40.3333
1717.07	45
1715.3	50.6667
1713.54	47
1711.77	55
1710.01	45
1708.24	54.6667
1706.47	52.6667
1704.71	48.3333
1702.94	43.6667
1701.17	52.3333
1699.4	49
1697.63	51.3333
1695.85	53.6667
1694.08	52
1692.31	53.6667
1690.54	40.3333
1688.76	55.3333
1686.99	42.3333
1685.21	51
1683.44	52.6667
1681.66	46
1679.88	52
1678.1	54
1676.32	52
1674.54	54.6667
1672.76	40
1670.98	49
1669.2	46.3333
1667.42	50.3333
1665.64	43.3333
1663.85	49.6667
1662.07	47
1660.28	47.3333
1658.5	47.6667
1656.71	40.6667
1654.92	49
1653.14	46.3333
1651.35	40
1649.56	44.6667
1647.77	38
1645.98	44
1644.19	39.3333
1642.4	42.3333
1640.61	40.3333
1638.81	38.6667
1637.02	38.6667
1635.22	52
1633.43	39.3333
1631.63	41
1629.84	47.6667
1628.04	50.3333
1626.24	49.6667
1624.44	45.3333
1622.64	40.6667
1620.85	48
1619.04	38
1617.24	48.3333
1615.44	41.6667
1613.64	47.3333
1611.84	45.3333
1610.03	51
1608.23	43.6667
1606.42	48
1604.62	46.6667
1602.81	46.3333
1601	48.3333
1599.2	49.3333
1597.39	45
1595.58	48.3333
1593.77	54
1591.96	47
1590.15	56.3333
1588.33	48.3333
1586.52	51.3333
1584.71	43
1582.89	53
1581.08	47
1579.26	51.3333
1577.45	49.6667
1575.63	57.6667
1573.81	54.6667
1571.99	57.6667
1570.18	54.6667
1568.36	61
1566.54	62
1564.72	54.3333
1562.89	48
1561.07	55.6667
1559.25	58
1557.42	52
1555.6	62.6667
1553.78	55.3333
1551.95	63.3333
1550.12	56
1548.3	67.6667
1546.47	66.3333
1544.64	60.6667
1542.81	64.6667
1540.98	57
1539.15	63
1537.32	58
1535.49	62.6667
1533.65	64
1531.82	64
1529.99	68.3333
1528.15	59
1526.32	75.6667
1524.48	67
1522.64	71.6667
1520.81	71
1518.97	63
1517.13	58.6667
1515.29	65.6667
1513.45	67.3333
1511.61	71.3333
1509.77	60.6667
1507.92	72.3333
1506.08	67
1504.24	62.6667
1502.39	57.6667
1500.55	68.6667
1498.7	66.3333
1496.86	61.3333
1495.01	73
1493.16	58.3333
1491.31	67.3333
1489.46	64.3333
1487.61	67
1485.76	70.3333
1483.91	67.3333
1482.06	69.3333
1480.21	55.3333
1478.35	69.3333
1476.5	67
1474.64	73.3333
1472.79	66.3333
1470.93	60.6667
1469.07	65
1467.22	68.3333
1465.36	65
1463.5	69.3333
1461.64	62
1459.78	69
1457.92	70.3333
1456.05	65.6667
1454.19	73.6667
1452.33	70.6667
1450.46	67.3333
1448.6	68.6667
1446.73	71.3333
1444.87	73.6667
1443	65
1441.13	60.3333
1439.26	64.3333
1437.39	68
1435.52	69.6667
1433.65	64
1431.78	70.3333
1429.91	65.6667
1428.04	59.6667
1426.17	73.3333
1424.29	68.3333
1422.42	63.6667
1420.54	70.3333
1418.66	66.6667
1416.79	77.6667
1414.91	67.6667
1413.03	67.3333
1411.15	71
1409.27	69
1407.39	66.3333
1405.51	68.6667
1403.63	62.3333
1401.75	76.3333
1399.86	64.3333
1397.98	64
1396.09	64.3333
1394.21	76
1392.32	73
1390.44	58.3333
1388.55	76
1386.66	68.3333
1384.77	63.6667
1382.88	67.3333
1380.99	66
1379.1	66.3333
1377.21	71.6667
1375.31	73.3333
1373.42	57.3333
1371.53	71.3333
1369.63	62.6667
1367.74	58.6667
1365.84	63
1363.94	74.3333
1362.05	65.3333
1360.15	70.6667
1358.25	63.6667
1356.35	61
1354.45	70
1352.55	67.6667
1350.64	69
1348.74	66.6667
1346.84	72.6667
1344.93	70.6667
1343.03	72
1341.12	58.6667
1339.22	69.6667
1337.31	65.3333
1335.4	65.6667
1333.49	72.6667
1331.58	72.3333
1329.67	66.3333
1327.76	66.6667
1325.85	69.3333
1323.94	66.3333
1322.03	67.6667
1320.11	66
1318.2	70.3333
1316.28	67.3333
1314.37	70.3333
1312.45	64.6667
1310.53	71.3333
1308.62	68.6667
1306.7	66.6667
1304.78	69
1302.86	72.3333
1300.94	69.3333
1299.01	67.3333
1297.09	67.6667
1295.17	62.6667
1293.24	69.6667
1291.32	63.6667
1289.39	73.6667
1287.47	78
1285.54	66
1283.61	65.6667
1281.68	66.6667
1279.76	65.6667
1277.83	51.3333
1275.9	66.6667
1273.96	63.6667
1272.03	76.3333
1270.1	72.3333
1268.17	63.3333
1266.23	68.3333
1264.3	63.3333
1262.36	75
1260.42	68.3333
1258.49	71.3333
1256.55	73.6667
1254.61	68.6667
1252.67	66.6667
1250.73	70.3333
1248.79	70
1246.85	67
1244.91	71.6667
1242.96	67.6667
1241.02	61.3333
1239.07	67.3333
1237.13	72.3333
1235.18	68.3333
1233.24	68
1231.29	60
1229.34	65
1227.39	75
1225.44	63
1223.49	71.3333
1221.54	65.6667
1219.59	62.3333
1217.63	60.6667
1215.68	62
1213.73	65.3333
1211.77	67.6667
1209.81	58.6667
1207.86	65.3333
1205.9	68
1203.94	69
1201.98	65.3333
1200.02	58.3333
1198.06	71
1196.1	63
1194.14	73.3333
1192.18	65.6667
1190.21	76.6667
1188.25	65.6667
1186.29	70
1184.32	72.3333
1182.35	57.6667
1180.39	69.6667
1178.42	66.6667
1176.45	72.6667
1174.48	58.6667
1172.51	72.3333
1170.54	64.3333
1168.57	66.3333
1166.6	68
1164.62	66
1162.65	73.6667
1160.67	80.3333
1158.7	58
1156.72	72.3333
1154.74	70.6667
1152.77	73.6667
1150.79	67
1148.81	63.3333
1146.83	63.6667
1144.85	63
1142.87	62.3333
1140.88	74.3333
1138.9	68
1136.92	68.3333
1134.93	67
1132.95	59
1130.96	69.6667
1128.97	67.6667
1126.99	64.3333
1125	65
1123.01	69
1121.02	64.3333
1119.03	65.3333
1117.04	67.6667
1115.04	60.6667
1113.05	70.6667
1111.06	67
1109.06	68.3333
1107.07	62.6667
1105.07	66.6667
1103.08	67.3333
1101.08	70
1099.08	69.6667
1097.08	74.6667
1095.08	75.6667
1093.08	62
1091.08	68.6667
1089.08	63.6667
1087.07	66
1085.07	70.6667
1083.06	64.6667
1081.06	66.6667
1079.05	70.6667
1077.05	68
1075.04	64.3333
1073.03	64.6667
1071.02	65.6667
1069.01	69.3333
1067	74
1064.99	66.3333
1062.98	68
1060.96	68.3333
1058.95	64.3333
1056.93	62
1054.92	63.6667
1052.9	63.3333
1050.89	74.3333
1048.87	62.3333
1046.85	67.3333
1044.83	54
1042.81	70
1040.79	66.6667
1038.77	68.3333
1036.75	64
1034.72	65.3333
1032.7	59.3333
1030.67	70.3333
1028.65	66
1026.62	71
1024.59	65
1022.57	64.6667
1020.54	64.6667
1018.51	69.3333
1016.48	61
1014.45	71.3333
1012.42	64.6667
1010.38	64
1008.35	60.3333
1006.32	69
1004.28	57.3333
1002.24	63.3333
1000.21	66.3333
998.171	71
996.133	69.3333
994.094	54.3333
992.054	71.3333
990.013	67.3333
987.972	62.3333
985.93	67
983.888	66.6667
981.843	65
979.799	72
977.754	66
975.708	66.3333
973.661	68.3333
971.614	69.6667
969.565	66
967.516	71.3333
965.466	67.6667
963.415	63
961.364	73
959.312	66
957.258	63.6667
955.204	70.6667
953.15	66.3333
951.094	78
949.038	74
946.98	63.6667
944.923	74.6667
942.864	84.6667
940.804	63.6667
938.744	66.6667
936.683	73.3333
934.621	60.3333
932.558	73.3333
930.495	68
928.43	65.6667
926.365	73.6667
924.299	65.6667
922.233	70.3333
920.165	74.6667
918.096	64.3333
916.028	61.6667
913.957	70.3333
911.887	71.3333
909.815	67.6667
907.743	69
905.669	65.6667
903.595	64.6667
901.521	60.6667
899.445	74
897.369	66
895.292	68.6667
893.214	66
891.135	62.6667
889.055	68.6667
886.975	64.6667
884.894	56
882.812	60.6667
880.729	67
878.646	60.3333
876.561	56.6667
874.475	67.6667
872.389	66
870.303	66.6667
868.215	59
866.126	64.3333
864.037	72.6667
861.947	52
859.856	67.6667
857.764	65.6667
855.671	55
853.578	70.3333
851.484	63.3333
849.389	62.6667
847.293	66
845.196	59.3333
843.099	62.6667
841	72.6667
838.901	54
836.801	61.3333
834.701	70.3333
832.599	59.6667
830.496	62.6667
828.393	59.3333
826.29	65.6667
824.184	63.3333
822.079	56
819.972	59
817.865	60.6667
815.757	60.3333
813.648	61.3333
811.538	63.6667
809.428	69.6667
807.316	58.6667
805.204	61
803.091	57.6667
800.977	65
798.863	64
796.747	54.6667
794.631	56
792.513	58.6667
790.395	56
788.276	66.3333
786.157	61
784.036	62.6667
781.915	49.6667
779.793	60.6667
777.669	54.6667
775.546	53.3333
773.421	57.3333
771.296	58.6667
769.169	67.6667
767.042	55
764.915	55
762.786	53.3333
760.656	57.3333
758.526	60
756.394	61.3333
754.262	53
752.129	49
749.995	55
747.861	49
745.725	53.3333
743.588	61.3333
741.452	63.6667
739.314	53.6667
737.175	52
735.035	51.3333
732.895	51
730.753	61.3333
728.611	51
726.469	52.6667
724.324	52
722.18	48.3333
720.034	48.3333
717.888	57.6667
715.741	57.6667
713.593	51
711.444	53
709.294	53.3333
707.144	53
704.992	55.6667
702.84	48.3333
700.687	52
698.533	53
696.378	52.3333
694.222	57.3333
692.066	51
689.909	56
687.751	48.3333
685.592	50
683.432	60
681.271	39.6667
679.109	50.3333
676.947	53.3333
674.784	48.6667
672.62	51.6667
670.455	53
668.289	50.6667
666.122	50.6667
663.955	61.3333
661.787	54.3333
659.618	52.6667
657.448	51.3333
655.277	55.6667
653.104	55.6667
650.932	54.6667
648.759	56
646.584	54.6667
644.409	52.6667
642.233	59
640.056	56.3333
637.879	52.3333
635.7	60.6667
633.52	58
631.34	54.3333
629.159	46.6667
626.977	51
624.794	46.6667
622.61	51.6667
620.426	54
618.24	47.6667
616.054	52.3333
613.867	50.3333
611.679	50
609.49	44
607.301	52.6667
605.11	49.6667
602.919	50.6667
600.726	43
598.532	50.3333
596.339	48
594.144	52.3333
591.948	44.3333
589.751	43
587.554	52.3333
585.355	51.6667
583.156	50.6667
580.956	44
578.755	51.6667
576.553	48.3333
574.35	53.6667
572.147	51.6667
569.943	52.3333
567.737	57.3333
565.531	49.6667
563.323	48.3333
561.116	51.6667
558.907	47.6667
556.698	51.6667
554.487	48
552.275	49
550.063	46
547.85	45.3333
545.636	50.6667
543.421	47.3333
541.206	45
538.988	53.3333
536.771	43.3333
534.553	49.6667
532.333	43.6667
530.113	46.6667
527.892	41.6667
525.67	43.6667
523.447	37.3333
521.224	45.3333
518.999	43.6667
516.774	46
514.548	40.6667
512.321	45
510.093	47.3333
507.863	40.6667
505.634	46.3333
503.403	48
501.172	48.3333
498.939	48
496.705	39.6667
494.472	49.3333
492.237	45
490.001	42
487.764	45.3333
485.526	50
483.287	44.3333
481.047	44.6667
478.807	46.6667
476.565	47.3333
474.324	45.3333
472.08	45.6667
469.837	43.3333
467.591	48.6667
465.346	44.6667
463.099	49.3333
460.852	52
458.604	52
456.354	49.3333
454.103	47.3333
451.852	50.3333
449.601	51.6667
447.348	52.3333
445.094	55
442.84	49
440.584	45
438.327	58.6667
436.07	56.3333
433.812	51.6667
431.553	51.3333
429.293	52.6667
427.032	59.6667
424.77	56.6667
422.507	52.3333
420.244	56.6667
417.979	56.6667
415.714	53
413.448	58.6667
411.18	61.3333
408.912	48.6667
406.643	66
404.373	55.3333
402.102	50.3333
399.83	55.6667
397.558	59.6667
395.285	60.6667
393.01	58
390.734	61.3333
388.458	56.3333
386.181	55.3333
383.903	54.6667
381.624	66.6667
379.345	61
377.064	64
374.782	62.6667
372.5	65
370.216	57.6667
367.932	54.6667
365.646	63.3333
363.36	50
361.073	65.3333
358.785	65.6667
356.496	64
354.207	61.3333
351.915	63
349.624	63
347.331	55.6667
345.038	70.3333
342.743	56.3333
340.448	64.3333
338.152	63.6667
335.855	72.6667
333.556	58
331.257	64.3333
328.958	57.6667
326.657	57.3333
324.355	58.6667
322.053	69.3333
319.749	60.3333
317.444	53.3333
315.139	62.3333
312.833	62.3333
310.526	53.3333
308.217	62.3333
305.908	54
303.599	59.3333
301.288	53.3333
298.976	62.3333
296.663	49.6667
294.349	60
292.035	54
289.719	56
287.403	59.3333
285.085	57.6667
282.767	64.3333
280.448	53.3333
278.128	61
275.807	60
273.485	52.3333
271.161	60.3333
268.837	61.6667
266.513	58.6667
264.187	63.6667
261.861	58
259.533	56
257.205	61.3333
254.875	62.3333
252.544	61.3333
250.213	58.3333
247.881	57
245.548	60.3333
243.214	54.6667
240.879	64.3333
238.543	58.3333
236.206	56
233.869	63
231.53	55.6667
229.19	63.3333
226.849	62.6667
224.508	64.3333
222.165	63
219.822	58
217.478	64.3333
215.132	61.6667
212.785	63.3333
210.439	59.6667
208.091	57.3333
205.741	57
203.391	65.6667
201.04	58
198.688	59.6667
196.336	54.6667
193.982	61.6667
191.627	55.6667
189.271	55.3333
186.915	64
184.557	63.3333
182.199	56
179.84	64.6667
177.478	66
175.117	61.6667
172.755	52.6667
170.392	63.6667
168.028	66.6667
165.662	66.6667
163.297	62
160.929	61.3333
158.561	60.6667
156.193	65.6667
153.823	55
151.452	71.3333
149.08	63.3333
146.707	65.3333
144.334	63
141.959	58.3333
139.584	60.6667
137.207	66
134.829	64.3333
132.451	63.6667
130.071	61.3333
127.692	60
125.31	59.3333
122.927	53.6667
120.545	60.6667
118.16	65
115.775	49.6667
113.388	65.3333
111.001	59.6667
108.613	60
106.224	60.6667
103.834	56.3333
101.444	55
99.052	50.6667
96.6594	64.3333
94.2649	59
91.8705	65
89.4743	51
87.0781	57.3333
84.68	55.6667
82.282	66.6667
79.882	59.6667
77.4812	60
75.0805	58.3333
72.6778	55.6667
70.2743	59.6667
67.8698	50
65.4644	56.3333
63.0582	50
60.651	54.6667
58.2419	51.3333
55.8328	45.6667
53.4229	44.6667
51.011	46.6667
48.5993	45
46.1856	40.6667
43.772	46.6667
41.3565	41.3333
38.941	37
36.5237	41.3333
34.1054	39
31.6862	33.3333
29.2661	35
26.8451	30.3333
24.4231	29
22.0002	30.3333
19.5764	30
17.1517	36.3333
14.7261	36.3333
12.2995	38
9.87099	35.6667
7.44256	34
5.01321	38.3333
2.58195	34.3333
0.14975	36
-2.28238	34.6667
-4.71644	40.6667
-7.15142	29.3333
-9.58634	38.6667
-12.0232	31
-14.461	39
-16.8997	36
-19.3393	34.3333
-21.7799	43.6667
-24.2214	35
-26.6638	35.3333
-29.1072	39.6667
-31.5525	31.3333
-33.9977	33.6667
-36.4439	37.3333
-38.892	32.6667
-41.3401	42
-43.7901	36
-46.24	39
-48.6919	27
-51.1447	36.6667
-53.5974	41.3333
-56.0521	39
-58.5078	33
-60.9643	36.6667
-63.4218	31.3333
-65.8803	40.3333
-68.3397	37.6667
-70.8	30
-73.2613	34.6667
-75.7236	36.6667
-78.1878	39
-80.6519	33
-83.117	33.3333
-85.584	29
-88.051	33.6667
-90.5199	43
-92.9888	34.6667
-95.4596	31
-97.9314	36
-100.403	32.3333
-102.877	37
-105.351	35.3333
-107.827	37
-110.304	33.3333
-112.781	35
-115.26	40
-117.739	37.6667
-120.219	34.6667
-122.701	32.3333
-125.184	40.6667
-127.667	31
-130.151	33
-132.637	32.3333
-135.124	35.6667
-137.612	35.3333
-140.1	36.6667
-142.59	32
-145.08	38.3333
-147.572	22.3333
-150.065	33.3333
-152.558	32.3333
-155.052	33.6667
-157.548	34.6667
-160.045	30
-162.542	36.6667
-165.041	33
-167.541	37
-170.041	32.3333
-172.544	42.3333
-175.047	40.3333
-177.55	28.3333
-180.056	39
-182.561	29.6667
-185.068	34.6667
-187.576	27.6667
-190.084	32.6667
-192.595	27
-195.105	31.6667
-197.617	31.6667
-200.131	33
-202.645	33.6667
-205.159	37.3333
-207.676	33.3333
-210.193	33.3333
-212.711	30.6667
-215.23	27.6667
-217.75	35.6667
-220.271	26.3333
-222.794	36.3333
-225.318	38.3333
-227.842	28
-230.367	34
-232.893	28
-235.421	39.3333
-237.949	30.6667
-240.479	33.6667
-243.009	36.6667
-245.541	38.3333
-248.073	40.3333
-250.607	28
-253.142	37.6667
-255.677	43.3333
-258.214	24
-260.752	37
-263.291	36.3333
-265.83	37
-268.371	35.3333
-270.913	36.3333
-273.456	23
-276	35.6667
-278.545	30
-281.091	35.3333
-283.639	28.3333
-286.187	31.6667
-288.735	33
-291.286	35.3333
-293.837	36.6667
-296.389	29
-298.943	29.3333
-301.497	37
-304.053	37.3333
-306.61	33.3333
-309.166	33.3333
-311.725	35.6667
-314.285	36.6667
-316.846	30
-319.408	32.3333
-321.97	34.3333
-324.534	41.6667
-327.099	38.6667
-329.665	34.6667
-332.232	37.6667
-334.801	36.3333
-337.37	31
-339.94	34
-342.511	31.6667
-345.083	29.6667
-347.657	33.6667
-350.231	33.6667
-352.807	33.3333
-355.383	28.6667
-357.96	32.3333
-360.539	34.3333
-363.119	31.3333
-365.699	32.3333
-368.281	34.3333
-370.864	33.3333
-373.448	41.3333
-376.033	32.6667
-378.619	31
-381.206	35
-383.794	35
-386.384	27.6667
-388.974	30.6667
-391.565	32.3333
-394.158	37
-396.751	39
-399.346	34.6667
-401.941	35.3333
-404.537	29.6667
-407.136	30
-409.735	35
-412.334	29
-414.936	33.3333
-417.537	35.6667
-420.141	36
-422.745	32
-425.35	38.6667
-427.956	40.6667
-430.564	34.3333
-433.173	40.3333
-435.781	37
-438.392	34.3333
-441.004	37
-443.617	28
-446.231	33.6667
-448.846	29.3333
-451.461	34
-454.078	33.6667
-456.698	34.3333
-459.317	31
-461.937	40.6667
-464.558	32
-467.181	34.3333
-469.804	36
-472.428	24.6667
-475.055	39.3333
-477.681	32.3333
-480.309	34.6667
-482.939	38.3333
-485.568	34
-488.2	35
-490.832	33
-493.465	36.3333
-496.099	38
-498.735	35.3333
-501.372	38.3333
-504.009	36
-506.648	31.6667
-509.288	30
-511.929	33.3333
-514.572	38.3333
-517.215	30.3333
-519.858	29.6667
-522.504	35
-525.15	28.6667
-527.797	35.3333
-530.447	44
-533.097	33.6667
-535.747	38.3333
-538.399	27.3333
-541.052	31
-543.706	31
-546.362	31.6667
-549.018	35.3333
-551.675	33.6667
-554.334	33
-556.993	35.6667
-559.654	39.3333
-562.316	32.6667
-564.979	39
-567.642	33.6667
-570.308	37.3333
-572.975	33.3333
-575.641	32.3333
-578.31	35
-580.98	33.3333
-583.65	30.3333
-586.322	37
-588.995	35
-591.669	38.3333
-594.344	32.3333
-597.02	34
-599.698	32.6667
-602.376	27.3333
-605.056	41.6667
-607.736	33.6667
-610.418	40.6667
-613.1	38.6667
-615.784	29
-618.47	28.3333
-621.156	41.6667
-623.843	33.3333
-626.531	41
-629.222	30
-631.912	41
-634.603	37.3333
-637.297	32.3333
-639.99	31.3333
-642.686	32
-645.382	34
-648.08	35
-650.779	36
-653.477	38.6667
-656.179	42.3333
-658.881	35
-661.583	43.6667
-664.287	34.3333
-666.993	39.6667
-669.7	36
-672.407	37.6667
-675.115	38
-677.825	33
-680.536	37.6667
-683.248	37
-685.961	41.3333
-688.675	31.6667
-691.391	31.6667
-694.108	38.3333
-696.826	37
-699.544	33.6667
-702.264	35.3333
-704.985	35.6667
-707.708	28.3333
-710.431	35.3333
-713.155	30
-715.88	29.3333
-718.608	34.3333
-721.335	39
-724.065	30.6667
-726.795	36.6667
-729.527	35
-732.258	26
-734.993	36.3333
-737.727	30.3333
-740.463	36
-743.2	43
-745.938	38.3333
-748.678	34.6667
-751.418	33.3333
-754.159	35.6667
-756.902	41.3333
-759.646	35.3333
-762.391	39
-765.138	44
-767.885	30.6667
-770.633	35.3333
-773.382	33.6667
-776.133	31
-778.885	42.3333
-781.638	36.3333
-784.393	38
-787.149	34.3333
-789.905	34.6667
-792.663	36.6667
-795.421	38.3333
-798.181	26.6667
-800.942	39.3333
-803.705	30.6667
-806.469	38
-809.233	36.6667
-811.999	39
-814.766	32
-817.534	32
-820.304	43.3333
-823.073	32
-825.846	30.6667
-828.618	38
-831.392	35
-834.167	33
-836.944	36.3333
-839.72	31.6667
-842.499	42
-845.279	35.6667
-848.06	36
-850.842	37.6667
-853.626	35.3333
-856.41	27.3333
-859.195	36
-861.982	32
-864.77	42.3333
-867.559	30
-870.35	39.3333
-873.141	33.6667
-875.934	31.3333
-878.728	32
-881.522	42.3333
-884.318	42.6667
-887.116	30
-889.915	38.6667
-892.714	39
-895.515	36.3333
-898.317	29
-901.12	36.6667
-903.924	33
-906.729	34.6667
-909.537	29
-912.345	32.3333
-915.153	29
-917.963	32.6667
-920.776	41.6667
-923.588	32.6667
-926.401	27.6667
-929.217	26
-932.033	34
-934.851	39.3333
-937.669	32
-940.488	38.6667
-943.31	28.6667
-946.131	39.3333
-948.955	27.3333
-951.78	43.6667
-954.605	31
-957.432	32.3333
-960.26	33
-963.09	35.6667
-965.92	39.3333
-968.751	29
-971.584	40.3333
-974.419	35.3333
-977.254	34.3333
-980.09	30.3333
-982.928	34.6667
-985.767	37
-988.607	33
-991.448	37
-994.291	29.3333
-997.135	38.3333
-999.979	30
-1002.82	34.6667
-1005.67	33.3333
-1008.52	34
-1011.37	32.6667
-1014.22	35
-1017.07	31.6667
-1019.93	33
-1022.78	30.6667
-1025.64	38
-1028.49	30.3333
-1031.35	30
-1034.21	30
-1037.07	34.6667
-1039.93	33.3333
-1042.8	38.6667
-1045.66	28.6667
-1048.53	40
-1051.39	36.6667
-1054.26	36.3333
-1057.13	37
-1060	26
-1062.87	39
-1065.74	33.3333
-1068.62	37.6667
-1071.49	33.3333
-1074.37	40
-1077.25	26.3333
-1080.12	40.3333
-1083.01	33.6667
-1085.89	36.3333
-1088.77	35
-1091.65	36
-1094.54	35.3333
-1097.42	32
-1100.31	38.3333
-1103.2	30.6667
-1106.09	29.3333
-1108.98	36.6667
-1111.87	27.3333
-1114.77	42
-1117.66	29.6667
-1120.56	39.6667
-1123.45	30
-1126.35	31.3333
-1129.25	33.6667
-1132.15	34.3333
-1135.05	32.3333
-1137.96	35.3333
-1140.86	33.3333
-1143.77	32.3333
-1146.67	32.3333
-1149.58	33.3333
-1152.49	34.6667
-1155.4	29.6667
-1158.32	33.6667
-1161.23	37.6667
-1164.14	34.3333
-1167.06	33.3333
-1169.98	28
-1172.89	42.3333
-1175.81	34
-1178.73	36.6667
-1181.66	32.3333
-1184.58	33.6667
-1187.5	32
-1190.43	32.3333
-1193.35	36.6667
-1196.28	27
-1199.21	39.6667
-1202.14	37.6667
-1205.08	37
-1208.01	26.6667
-1210.94	33.6667
-1213.88	34.6667
-1216.82	25.6667
-1219.75	40
-1222.69	29.6667
-1225.63	31
-1228.58	34
-1231.52	36.3333
-1234.46	36.3333
-1237.41	31.3333
-1240.35	42
-1243.3	42
-1246.25	38.6667
-1249.2	33
-1252.16	33.3333
-1255.11	40
-1258.06	37
-1261.02	35
-1263.97	38.6667
-1266.93	36.3333
-1269.89	32.6667
-1272.85	33.6667
-1275.82	34.6667
-1278.78	39.6667
-1281.74	32.3333
-1284.71	37
-1287.68	31
-1290.65	33.3333
-1293.62	36
-1296.59	32
-1299.56	41.3333
-1302.53	40.6667
-1305.51	31.6667
-1308.48	27.6667
-1311.46	35.3333
-1314.44	39.6667
-1317.42	32.6667
-1320.4	36
-1323.38	36
-1326.37	39
-1329.35	32
-1332.34	34
-1335.32	27.6667
-1338.31	30.3333
-1341.3	39
-1344.29	29.6667
-1347.29	37.3333
-1350.28	38.3333
-1353.28	40.6667
-1356.27	28.3333
-1359.27	35
-1362.27	31
-1365.27	31.3333
-1368.27	30
-1371.27	30.3333
-1374.28	34.3333
-1377.28	30.6667
-1380.29	34
-1383.3	34.3333
-1386.31	34
-1389.32	36.3333
-1392.33	33
