#Sample=noise
#Laser=785 nm
#Gating=600
#Exposition=10 s
#Accumulation=1
#Acquired=30.10.2023 15:03:32
2745.96	53.3333
2744.57	52.3333
2743.18	50
2741.8	51.6667
2740.41	48.6667
2739.02	59
2737.63	54.3333
2736.24	61.3333
2734.85	51.3333
2733.46	48.6667
2732.07	52.3333
2730.68	47.3333
2729.29	57.3333
2727.9	53.6667
2726.5	52.6667
2725.11	54.6667
2723.72	52.6667
2722.32	59.6667
2720.93	55.6667
2719.53	56
2718.14	55
2716.74	52
2715.34	54
2713.95	52.6667
2712.55	49.3333
2711.15	50.3333
2709.75	57
2708.35	53.6667
2706.95	48.6667
2705.55	56.6667
2704.15	63.6667
2702.75	49.6667
2701.35	45.6667
2699.95	52
2698.55	57.3333
2697.14	52
2695.74	54.6667
2694.33	50.6667
2692.93	49.6667
2691.52	44.3333
2690.12	52.3333
2688.71	54
2687.31	50.6667
2685.9	52.3333
2684.49	43.3333
2683.08	48.3333
2681.67	42.6667
2680.26	47
2678.85	44.3333
2677.44	45.6667
2676.03	41.6667
2674.62	56.3333
2673.21	50.6667
2671.8	50.3333
2670.38	49
2668.97	53
2667.56	51
2666.14	51
2664.73	46.6667
2663.31	44
2661.9	53
2660.48	48.3333
2659.06	52.3333
2657.64	48.3333
2656.23	48.3333
2654.81	36.6667
2653.39	46.6667
2651.97	38.3333
2650.55	46.3333
2649.13	49
2647.71	43.3333
2646.29	43.6667
2644.86	54.6667
2643.44	52.6667
2642.02	41
2640.6	42
2639.17	51.3333
2637.75	57
2636.32	50.6667
2634.9	52
2633.47	49
2632.04	41.6667
2630.62	46.6667
2629.19	48.3333
2627.76	42.3333
2626.33	53.3333
2624.9	46.6667
2623.47	52.3333
2622.04	50.3333
2620.61	42.6667
2619.18	31
2617.75	54.3333
2616.31	44.3333
2614.88	54
2613.45	45
2612.01	50
2610.58	45.3333
2609.14	44.6667
2607.71	48
2606.27	56.6667
2604.84	46
2603.4	43.3333
2601.96	47.3333
2600.52	47
2599.08	46.6667
2597.65	40.6667
2596.21	54
2594.77	44
2593.32	46.3333
2591.88	46
2590.44	51.6667
2589	42
2587.56	48
2586.11	42
2584.67	43
2583.22	49
2581.78	48.6667
2580.33	50.3333
2578.89	46
2577.44	48.3333
2575.99	44
2574.55	48.6667
2573.1	43.3333
2571.65	44.6667
2570.2	44
2568.75	46.3333
2567.3	46
2565.85	48
2564.4	48.3333
2562.95	42.6667
2561.5	39
2560.04	45.3333
2558.59	41
2557.14	47
2555.68	47.3333
2554.23	48.3333
2552.77	43
2551.31	45.6667
2549.86	44
2548.4	49.3333
2546.94	44.3333
2545.49	42.3333
2544.03	47
2542.57	39.3333
2541.11	46.3333
2539.65	40.6667
2538.19	42
2536.73	37.6667
2535.26	40
2533.8	42.6667
2532.34	40.6667
2530.88	42
2529.41	46.3333
2527.95	46.3333
2526.48	43.6667
2525.02	46.6667
2523.55	36.6667
2522.08	38
2520.62	42.6667
2519.15	41.6667
2517.68	37.6667
2516.21	39.6667
2514.74	46.6667
2513.27	47.6667
2511.8	42.3333
2510.33	42.3333
2508.86	48
2507.39	43
2505.92	44.6667
2504.44	43.3333
2502.97	45.3333
2501.5	40.6667
2500.02	39.6667
2498.55	40.6667
2497.07	43
2495.59	45
2494.12	40.3333
2492.64	41.6667
2491.16	48.3333
2489.68	37.6667
2488.2	39.3333
2486.73	43.6667
2485.25	49
2483.76	33.6667
2482.28	45
2480.8	35.3333
2479.32	43.3333
2477.84	43
2476.35	43.6667
2474.87	42
2473.39	47.6667
2471.9	38
2470.42	40.3333
2468.93	46.6667
2467.44	39
2465.96	43.3333
2464.47	49
2462.98	45.3333
2461.49	51.6667
2460	48.6667
2458.51	40
2457.02	38
2455.53	51
2454.04	51.3333
2452.55	42
2451.06	48.3333
2449.56	43.3333
2448.07	41.6667
2446.58	47.6667
2445.08	44
2443.59	44.3333
2442.09	48
2440.59	44
2439.1	45.6667
2437.6	42.3333
2436.1	43
2434.6	39.6667
2433.11	50.3333
2431.61	35.6667
2430.11	44.3333
2428.61	42.3333
2427.1	38.3333
2425.6	40.6667
2424.1	37
2422.6	36.3333
2421.09	46
2419.59	44.6667
2418.09	42
2416.58	42.6667
2415.07	45
2413.57	44.6667
2412.06	43.3333
2410.56	36
2409.05	39.6667
2407.54	43.3333
2406.03	36
2404.52	45
2403.01	35
2401.5	35.3333
2399.99	46.6667
2398.48	36.6667
2396.97	47.3333
2395.45	35.3333
2393.94	45.3333
2392.43	35
2390.91	38
2389.4	38
2387.88	39.3333
2386.37	39.6667
2384.85	36.3333
2383.33	39.3333
2381.81	37
2380.3	38
2378.78	44.6667
2377.26	37
2375.74	41
2374.22	38.6667
2372.7	37.3333
2371.17	32
2369.65	47.6667
2368.13	39.3333
2366.61	40.3333
2365.08	33
2363.56	43.3333
2362.03	40
2360.51	44
2358.98	33.6667
2357.46	33.3333
2355.93	39.3333
2354.4	37.6667
2352.87	45
2351.34	41
2349.81	38.6667
2348.29	40
2346.75	34.3333
2345.22	40
2343.69	36
2342.16	39.6667
2340.63	38.6667
2339.09	41
2337.56	34.3333
2336.03	35.6667
2334.49	40.6667
2332.96	33.6667
2331.42	32.6667
2329.88	47.3333
2328.35	39.6667
2326.81	41.6667
2325.27	35.6667
2323.73	37.3333
2322.19	44
2320.65	30.6667
2319.11	38.3333
2317.57	33
2316.03	39.6667
2314.49	38.3333
2312.94	41.3333
2311.4	34
2309.85	33.3333
2308.31	30.6667
2306.77	40.6667
2305.22	39
2303.67	43.3333
2302.13	35.6667
2300.58	40.3333
2299.03	42
2297.48	35
2295.93	40
2294.38	29.3333
2292.83	35.6667
2291.28	36.3333
2289.73	37.6667
2288.18	31.6667
2286.63	38.3333
2285.07	33.6667
2283.52	39.6667
2281.97	35.6667
2280.41	40
2278.86	36.3333
2277.3	37
2275.74	43
2274.19	42
2272.63	38.6667
2271.07	47.6667
2269.51	34.6667
2267.95	41
2266.39	40.6667
2264.83	36
2263.27	41.3333
2261.71	39.6667
2260.15	34
2258.59	38
2257.02	37.6667
2255.46	35.6667
2253.89	33.3333
2252.33	39.3333
2250.76	30.6667
2249.2	36
2247.63	32
2246.06	31
2244.49	39.3333
2242.93	30
2241.36	45.6667
2239.79	37.6667
2238.22	33
2236.65	38.6667
2235.08	35.3333
2233.5	39.6667
2231.93	37
2230.36	38
2228.78	40.3333
2227.21	35
2225.63	34
2224.06	37.3333
2222.48	36.6667
2220.91	34.3333
2219.33	32
2217.75	37
2216.17	37
2214.59	42.6667
2213.01	30.6667
2211.44	45.6667
2209.85	33.3333
2208.27	34.6667
2206.69	40
2205.11	40.3333
2203.53	35.6667
2201.94	34.3333
2200.36	38.3333
2198.77	47.3333
2197.19	37.6667
2195.6	41.3333
2194.02	36
2192.43	38
2190.84	32
2189.25	36.3333
2187.66	35.6667
2186.07	44.3333
2184.48	36
2182.89	39.6667
2181.3	42
2179.71	25.3333
2178.12	37.6667
2176.53	38.6667
2174.93	33.3333
2173.34	35.3333
2171.74	37.6667
2170.15	40.3333
2168.55	33.6667
2166.96	41
2165.36	40
2163.76	37
2162.16	34
2160.56	41.6667
2158.97	43.3333
2157.37	36.3333
2155.76	44
2154.16	31
2152.56	45
2150.96	38.3333
2149.36	33.6667
2147.75	30
2146.15	35
2144.54	33.3333
2142.94	36.6667
2141.33	34
2139.73	38.6667
2138.12	33
2136.51	31.6667
2134.9	35
2133.29	33.6667
2131.69	40
2130.08	35
2128.46	37.3333
2126.85	40.3333
2125.24	34.3333
2123.63	40.3333
2122.02	31.6667
2120.4	39
2118.79	38.3333
2117.17	37.3333
2115.56	41
2113.94	38.6667
2112.33	39.6667
2110.71	40
2109.09	39
2107.47	38.6667
2105.85	42.3333
2104.23	38.6667
2102.61	32.3333
2100.99	35
2099.37	32.3333
2097.75	35.3333
2096.13	37.6667
2094.5	36.6667
2092.88	41
2091.26	38.3333
2089.63	30.6667
2088.01	34.3333
2086.38	40
2084.75	36
2083.13	36
2081.5	36.3333
2079.87	37.3333
2078.24	30.3333
2076.61	40.3333
2074.98	36.3333
2073.35	34.3333
2071.72	36.3333
2070.08	37.6667
2068.45	32.3333
2066.82	33.6667
2065.18	39.3333
2063.55	37.6667
2061.92	33
2060.28	40.6667
2058.64	32.3333
2057.01	35.6667
2055.37	38
2053.73	36
2052.09	36
2050.45	35.6667
2048.81	43.3333
2047.17	40.3333
2045.53	37
2043.89	34.6667
2042.25	27.6667
2040.6	34.6667
2038.96	33.6667
2037.31	36
2035.67	37.3333
2034.02	39.3333
2032.38	36.6667
2030.73	32.6667
2029.08	33
2027.44	41.3333
2025.79	30
2024.14	38.6667
2022.49	33.3333
2020.84	35.3333
2019.19	40
2017.54	37.6667
2015.88	42.3333
2014.23	32.3333
2012.58	45.3333
2010.92	39
2009.27	29.3333
2007.61	38
2005.96	37.3333
2004.3	37
2002.64	44.3333
2000.99	39.6667
1999.33	36
1997.67	38.3333
1996.01	42
1994.35	35.3333
1992.69	39.6667
1991.03	43.3333
1989.36	37.3333
1987.7	34.3333
1986.04	42.6667
1984.37	36
1982.71	34.6667
1981.04	40.3333
1979.38	35.6667
1977.71	41.6667
1976.05	35
1974.38	42.6667
1972.71	47
1971.04	44
1969.37	41
1967.7	41
1966.03	49
1964.36	38.3333
1962.69	49
1961.01	36.6667
1959.34	48.3333
1957.67	48.6667
1955.99	55.3333
1954.32	54.6667
1952.64	46
1950.97	49.3333
1949.29	48.6667
1947.61	53.3333
1945.93	54.3333
1944.26	52.3333
1942.58	51
1940.9	53.6667
1939.21	48.6667
1937.53	47
1935.85	53.3333
1934.17	51.6667
1932.49	47
1930.8	44.6667
1929.12	39
1927.43	48.6667
1925.75	52
1924.06	49
1922.37	46
1920.69	49.6667
1919	46
1917.31	53.6667
1915.62	52
1913.93	49.3333
1912.24	44.6667
1910.55	47.3333
1908.86	51.6667
1907.16	47.6667
1905.47	47
1903.78	50
1902.08	47.6667
1900.39	50.6667
1898.69	49.6667
1896.99	53.6667
1895.3	60.6667
1893.6	47.3333
1891.9	53.3333
1890.2	51.6667
1888.5	55.3333
1886.8	53.3333
1885.1	48.6667
1883.4	45.6667
1881.7	57.6667
1880	53.6667
1878.29	52.3333
1876.59	50.6667
1874.88	50.3333
1873.18	55.3333
1871.47	45.6667
1869.77	47
1868.06	51.6667
1866.35	41
1864.64	44
1862.93	51
1861.22	47.6667
1859.51	44.6667
1857.8	48.6667
1856.09	42.3333
1854.38	51
1852.67	47
1850.95	42.6667
1849.24	38
1847.52	45.6667
1845.81	53
1844.09	44.3333
1842.38	41.6667
1840.66	52
1838.94	47
1837.22	54
1835.5	45
1833.78	48.3333
1832.06	35.3333
1830.34	43.6667
1828.62	42.6667
1826.9	50.3333
1825.17	50
1823.45	38.6667
1821.72	47.3333
1820	47
1818.27	41.3333
1816.55	44.3333
1814.82	46.3333
1813.09	50.3333
1811.36	36.3333
1809.64	43.3333
1807.91	42.3333
1806.18	40.3333
1804.44	46
1802.71	49
1800.98	48
1799.25	53.6667
1797.51	45
1795.78	46.6667
1794.05	46
1792.31	44
1790.57	49.6667
1788.84	43.6667
1787.1	44.3333
1785.36	55.3333
1783.62	40.3333
1781.88	43.6667
1780.14	44
1778.4	43.6667
1776.66	47.3333
1774.92	46.3333
1773.18	50
1771.43	39
1769.69	49.3333
1767.95	43.3333
1766.2	45.3333
1764.45	49.3333
1762.71	45.6667
1760.96	44.3333
1759.21	45.3333
1757.47	41.3333
1755.72	41.6667
1753.97	47.6667
1752.22	39.6667
1750.47	40.3333
1748.71	45.6667
1746.96	48.3333
1745.21	48
1743.45	47.3333
1741.7	44
1739.94	39.3333
1738.19	45.6667
1736.43	36.3333
1734.68	46.3333
1732.92	46.3333
1731.16	47.6667
1729.4	46
1727.64	44.3333
1725.88	45.3333
1724.12	51
1722.36	44.3333
1720.6	48
1718.83	51.6667
1717.07	47.3333
1715.3	57.6667
1713.54	53.6667
1711.77	52
1710.01	51.3333
1708.24	48.6667
1706.47	56.3333
1704.71	49
1702.94	57
1701.17	58
1699.4	49
1697.63	52.3333
1695.85	49.6667
1694.08	55.3333
1692.31	52.6667
1690.54	57.6667
1688.76	55.3333
1686.99	55.6667
1685.21	57
1683.44	56.6667
1681.66	52
1679.88	52
1678.1	52.3333
1676.32	55
1674.54	53.3333
1672.76	41.3333
1670.98	59
1669.2	45
1667.42	46.3333
1665.64	55
1663.85	40.3333
1662.07	43.6667
1660.28	46.6667
1658.5	40.6667
1656.71	44.3333
1654.92	43
1653.14	42.3333
1651.35	41.3333
1649.56	50.6667
1647.77	48.3333
1645.98	42
1644.19	47.3333
1642.4	47.6667
1640.61	50.3333
1638.81	47
1637.02	41.6667
1635.22	46
1633.43	49
1631.63	44.6667
1629.84	49.6667
1628.04	42.3333
1626.24	42
1624.44	56
1622.64	36
1620.85	49.6667
1619.04	54.3333
1617.24	35.3333
1615.44	51
1613.64	49
1611.84	54.3333
1610.03	51
1608.23	46
1606.42	44.6667
1604.62	52
1602.81	54
1601	52.3333
1599.2	50.3333
1597.39	47.3333
1595.58	45
1593.77	44
1591.96	44.3333
1590.15	58.3333
1588.33	58.6667
1586.52	46
1584.71	55
1582.89	49
1581.08	57.6667
1579.26	53
1577.45	54.6667
1575.63	50.6667
1573.81	50.6667
1571.99	58.3333
1570.18	54.6667
1568.36	53.6667
1566.54	61
1564.72	55.6667
1562.89	60
1561.07	59
1559.25	58.3333
1557.42	62.6667
1555.6	53.3333
1553.78	59.6667
1551.95	60.3333
1550.12	58.6667
1548.3	64.6667
1546.47	66.3333
1544.64	51.3333
1542.81	60.3333
1540.98	62.3333
1539.15	70
1537.32	63
1535.49	66.3333
1533.65	63.6667
1531.82	67
1529.99	68
1528.15	69.6667
1526.32	62
1524.48	75
1522.64	73
1520.81	67.3333
1518.97	68.6667
1517.13	68
1515.29	76.3333
1513.45	64.6667
1511.61	73.6667
1509.77	66
1507.92	67.6667
1506.08	71.3333
1504.24	67.3333
1502.39	79
1500.55	66.6667
1498.7	69.3333
1496.86	61.3333
1495.01	69.3333
1493.16	67
1491.31	70.6667
1489.46	63.6667
1487.61	68.6667
1485.76	71
1483.91	71
1482.06	75.3333
1480.21	74.6667
1478.35	76.3333
1476.5	71
1474.64	65
1472.79	71.3333
1470.93	70.3333
1469.07	67.6667
1467.22	67.6667
1465.36	63.6667
1463.5	71.3333
1461.64	67.3333
1459.78	67.3333
1457.92	65.3333
1456.05	68.3333
1454.19	74.6667
1452.33	79
1450.46	65.3333
1448.6	69
1446.73	71.6667
1444.87	64.3333
1443	70
1441.13	70.6667
1439.26	67.6667
1437.39	72.6667
1435.52	71
1433.65	69
1431.78	73.6667
1429.91	72
1428.04	66.6667
1426.17	62.3333
1424.29	69.3333
1422.42	65
1420.54	79
1418.66	67
1416.79	66.6667
1414.91	70.3333
1413.03	74.6667
1411.15	63
1409.27	79
1407.39	59.6667
1405.51	67.3333
1403.63	68.3333
1401.75	63
1399.86	71
1397.98	80
1396.09	76
1394.21	65
1392.32	80.6667
1390.44	70.3333
1388.55	65.6667
1386.66	69
1384.77	64
1382.88	67.3333
1380.99	68.3333
1379.1	74.6667
1377.21	75.6667
1375.31	69
1373.42	66.6667
1371.53	71.6667
1369.63	62.3333
1367.74	67.3333
1365.84	77.6667
1363.94	69.6667
1362.05	70
1360.15	76.6667
1358.25	71
1356.35	74.3333
1354.45	63
1352.55	72
1350.64	66.6667
1348.74	69
1346.84	74
1344.93	72.3333
1343.03	65
1341.12	71.6667
1339.22	66
1337.31	69.3333
1335.4	71.6667
1333.49	70
1331.58	64.6667
1329.67	64
1327.76	74.6667
1325.85	70
1323.94	73.3333
1322.03	73.3333
1320.11	68
1318.2	72.3333
1316.28	68
1314.37	68.3333
1312.45	73.6667
1310.53	64.3333
1308.62	75.6667
1306.7	72.6667
1304.78	69.3333
1302.86	67.6667
1300.94	72.6667
1299.01	63
1297.09	65.6667
1295.17	75.6667
1293.24	80.6667
1291.32	69.3333
1289.39	70
1287.47	61
1285.54	67.3333
1283.61	70
1281.68	64
1279.76	74
1277.83	66.6667
1275.9	69.6667
1273.96	64
1272.03	72.3333
1270.1	73.3333
1268.17	65.6667
1266.23	76.6667
1264.3	73
1262.36	75
1260.42	70.6667
1258.49	66.6667
1256.55	64.3333
1254.61	64.6667
1252.67	79.6667
1250.73	70.3333
1248.79	75
1246.85	66.3333
1244.91	71.6667
1242.96	74
1241.02	68.6667
1239.07	63.6667
1237.13	72
1235.18	76.6667
1233.24	69.6667
1231.29	77.3333
1229.34	61
1227.39	72.3333
1225.44	75
1223.49	73
1221.54	74.3333
1219.59	68
1217.63	67.3333
1215.68	67.6667
1213.73	64
1211.77	71.3333
1209.81	73.6667
1207.86	64.6667
1205.9	69
1203.94	66
1201.98	68.6667
1200.02	69
1198.06	67
1196.1	62.6667
1194.14	75.3333
1192.18	69.3333
1190.21	70
1188.25	70
1186.29	79
1184.32	69.3333
1182.35	69
1180.39	68.6667
1178.42	75.3333
1176.45	65.6667
1174.48	69
1172.51	64
1170.54	74.6667
1168.57	69.3333
1166.6	71.3333
1164.62	71.3333
1162.65	71
1160.67	74.3333
1158.7	65.3333
1156.72	77.3333
1154.74	73
1152.77	76
1150.79	74.3333
1148.81	67
1146.83	65.3333
1144.85	70
1142.87	68.3333
1140.88	68.6667
1138.9	73
1136.92	67
1134.93	71.3333
1132.95	66
1130.96	69
1128.97	71.3333
1126.99	64.3333
1125	67.6667
1123.01	65.3333
1121.02	66
1119.03	63
1117.04	71
1115.04	62
1113.05	68.3333
1111.06	74.6667
1109.06	70
1107.07	71.6667
1105.07	64
1103.08	72
1101.08	69.6667
1099.08	68
1097.08	70
1095.08	61.6667
1093.08	64
1091.08	74.6667
1089.08	63.6667
1087.07	67.3333
1085.07	73.3333
1083.06	72.3333
1081.06	71.3333
1079.05	71.3333
1077.05	62.3333
1075.04	71.3333
1073.03	66.3333
1071.02	64.6667
1069.01	60
1067	75
1064.99	64.6667
1062.98	63.3333
1060.96	64.6667
1058.95	67.3333
1056.93	55.3333
1054.92	67.3333
1052.9	58
1050.89	65.3333
1048.87	71.3333
1046.85	62
1044.83	60.6667
1042.81	60.6667
1040.79	62.6667
1038.77	64
1036.75	58.6667
1034.72	71.3333
1032.7	60.6667
1030.67	67.3333
1028.65	66.3333
1026.62	68.3333
1024.59	72.6667
1022.57	74
1020.54	60.6667
1018.51	63.3333
1016.48	59.6667
1014.45	64.6667
1012.42	65.3333
1010.38	64.6667
1008.35	64.6667
1006.32	64.6667
1004.28	72
1002.24	73.3333
1000.21	64.6667
998.171	63.3333
996.133	78
994.094	65.3333
992.054	62.6667
990.013	64.6667
987.972	65.3333
985.93	66.6667
983.888	62.3333
981.843	69
979.799	67.3333
977.754	69
975.708	71
973.661	66
971.614	77.6667
969.565	66.6667
967.516	70
965.466	70.3333
963.415	69.3333
961.364	70
959.312	68.6667
957.258	67.3333
955.204	74
953.15	62
951.094	75.3333
949.038	70.6667
946.98	70
944.923	74
942.864	72.6667
940.804	64
938.744	70.3333
936.683	74.3333
934.621	74.6667
932.558	71.3333
930.495	64.6667
928.43	66.6667
926.365	66
924.299	63
922.233	79.3333
920.165	70
918.096	76
916.028	70.6667
913.957	66.3333
911.887	70
909.815	74
907.743	67.3333
905.669	66
903.595	71.3333
901.521	73.3333
899.445	67.3333
897.369	67.3333
895.292	70
893.214	61
891.135	70.3333
889.055	70.6667
886.975	65.6667
884.894	60.3333
882.812	62.6667
880.729	63.3333
878.646	58.3333
876.561	68.6667
874.475	66
872.389	71
870.303	66
868.215	59.6667
866.126	63.3333
864.037	64.6667
861.947	66.3333
859.856	67.3333
857.764	70.6667
855.671	65.3333
853.578	68
851.484	65.3333
849.389	68.6667
847.293	64.3333
845.196	65.6667
843.099	64.6667
841	66
838.901	74
836.801	73.3333
834.701	74.3333
832.599	66
830.496	58.6667
828.393	72
826.29	64.6667
824.184	62.6667
822.079	69
819.972	65.6667
817.865	67.3333
815.757	60
813.648	63.3333
811.538	59.3333
809.428	61
807.316	58
805.204	58.6667
803.091	56
800.977	64.3333
798.863	57.6667
796.747	67.3333
794.631	57
792.513	63.6667
790.395	59.3333
788.276	62.3333
786.157	57.3333
784.036	60
781.915	61
779.793	58.6667
777.669	62.6667
775.546	59.6667
773.421	60.3333
771.296	54
769.169	59.6667
767.042	50.3333
764.915	62.6667
762.786	54.3333
760.656	55.3333
758.526	55.3333
756.394	53
754.262	57
752.129	53
749.995	60.6667
747.861	54
745.725	51.3333
743.588	55.3333
741.452	55.3333
739.314	53
737.175	57.3333
735.035	58
732.895	60.6667
730.753	64
728.611	55.3333
726.469	54.3333
724.324	56
722.18	53.3333
720.034	56.6667
717.888	56.6667
715.741	57.3333
713.593	49.6667
711.444	56
709.294	53.3333
707.144	47.6667
704.992	59.6667
702.84	60.3333
700.687	50.3333
698.533	55.6667
696.378	58.6667
694.222	56.6667
692.066	55
689.909	62
687.751	40.6667
685.592	55.6667
683.432	52
681.271	56
679.109	55.6667
676.947	52
674.784	47.3333
672.62	49
670.455	50
668.289	45.3333
666.122	57
663.955	54
661.787	53.3333
659.618	49.3333
657.448	56.3333
655.277	55
653.104	51.3333
650.932	50
648.759	54.3333
646.584	49
644.409	63.3333
642.233	47.3333
640.056	50.6667
637.879	44.6667
635.7	60.6667
633.52	56.6667
631.34	58.6667
629.159	60
626.977	54
624.794	54.6667
622.61	60.6667
620.426	54.6667
618.24	57.3333
616.054	54.6667
613.867	46.6667
611.679	53
609.49	53.6667
607.301	47
605.11	46
602.919	51
600.726	52.6667
598.532	46.3333
596.339	36.6667
594.144	41
591.948	38.3333
589.751	50.6667
587.554	49.3333
585.355	40.6667
583.156	47.3333
580.956	50
578.755	44.6667
576.553	53.3333
574.35	46
572.147	50.6667
569.943	45.3333
567.737	59.3333
565.531	52.6667
563.323	54.3333
561.116	52.3333
558.907	57.6667
556.698	48.3333
554.487	53.3333
552.275	50.3333
550.063	47
547.85	49
545.636	61
543.421	43.3333
541.206	42
538.988	50.3333
536.771	49
534.553	44.6667
532.333	40.6667
530.113	52.6667
527.892	51.3333
525.67	42.6667
523.447	48
521.224	44
518.999	54.6667
516.774	44
514.548	45
512.321	41
510.093	52.3333
507.863	42
505.634	47
503.403	45.3333
501.172	39.3333
498.939	47.6667
496.705	46
494.472	44.3333
492.237	45.6667
490.001	43.3333
487.764	43.6667
485.526	42
483.287	45
481.047	43.6667
478.807	50.6667
476.565	46
474.324	44.6667
472.08	46
469.837	50.6667
467.591	44.6667
465.346	49
463.099	42.3333
460.852	51
458.604	48.3333
456.354	46
454.103	52.3333
451.852	44.6667
449.601	51.3333
447.348	58.6667
445.094	45
442.84	52.6667
440.584	55.3333
438.327	50
436.07	65.6667
433.812	53.6667
431.553	58
429.293	55.3333
427.032	55
424.77	52.3333
422.507	56.6667
420.244	56.6667
417.979	61.3333
415.714	56.3333
413.448	57.6667
411.18	63.6667
408.912	59.3333
406.643	57.6667
404.373	56
402.102	70.3333
399.83	60
397.558	59
395.285	61.6667
393.01	68
390.734	57.3333
388.458	60.3333
386.181	61.6667
383.903	65
381.624	69.3333
379.345	59
377.064	57.3333
374.782	61.6667
372.5	64
370.216	61.6667
367.932	71
365.646	67.6667
363.36	60.3333
361.073	69
358.785	66.3333
356.496	67.3333
354.207	62.3333
351.915	60.3333
349.624	59
347.331	60.3333
345.038	68.6667
342.743	62.6667
340.448	69
338.152	60
335.855	63
333.556	64.3333
331.257	64.3333
328.958	62
326.657	59
324.355	58.3333
322.053	59.6667
319.749	62.3333
317.444	58.6667
315.139	62.3333
312.833	67.3333
310.526	56.6667
308.217	65.3333
305.908	64.3333
303.599	60
301.288	59.3333
298.976	59.6667
296.663	64
294.349	51.6667
292.035	60.3333
289.719	65.3333
287.403	55.3333
285.085	65
282.767	56
280.448	65.6667
278.128	59
275.807	51.3333
273.485	60
271.161	63
268.837	62.6667
266.513	59
264.187	66
261.861	57.6667
259.533	51.3333
257.205	58.3333
254.875	55
252.544	62
250.213	60.6667
247.881	53.3333
245.548	62
243.214	64.3333
240.879	53.3333
238.543	64.6667
236.206	65.6667
233.869	64
231.53	64
229.19	65
226.849	64
224.508	62.6667
222.165	64.3333
219.822	64
217.478	61.3333
215.132	61
212.785	58.3333
210.439	57.6667
208.091	63
205.741	61
203.391	64
201.04	70
198.688	61.6667
196.336	59
193.982	54
191.627	67.6667
189.271	59.3333
186.915	64
184.557	56
182.199	63.3333
179.84	58
177.478	67.3333
175.117	64
172.755	64
170.392	60
168.028	66
165.662	66
163.297	65.3333
160.929	70.3333
158.561	63.6667
156.193	63.3333
153.823	68.6667
151.452	59
149.08	68.3333
146.707	62
144.334	60.3333
141.959	66.6667
139.584	64.6667
137.207	54.3333
134.829	62
132.451	62.3333
130.071	68.6667
127.692	68.6667
125.31	56.6667
122.927	64.6667
120.545	59.3333
118.16	58.6667
115.775	64.6667
113.388	61.3333
111.001	60.6667
108.613	65.6667
106.224	60.3333
103.834	62
101.444	68.3333
99.052	63.3333
96.6594	57
94.2649	59.3333
91.8705	56
89.4743	65.6667
87.0781	64.6667
84.68	52
82.282	58
79.882	63
77.4812	66.3333
75.0805	55.3333
72.6778	59
70.2743	56.6667
67.8698	64
65.4644	56
63.0582	52.6667
60.651	46
58.2419	54
55.8328	47.6667
53.4229	55
51.011	46
48.5993	43.3333
46.1856	45
43.772	39.6667
41.3565	31
38.941	40
36.5237	44.6667
34.1054	41.3333
31.6862	34
29.2661	37.6667
26.8451	33
24.4231	37.6667
22.0002	38
19.5764	37.3333
17.1517	43.6667
14.7261	33.3333
12.2995	39
9.87099	30.6667
7.44256	34.6667
5.01321	34
2.58195	32.3333
0.14975	38.3333
-2.28238	41.3333
-4.71644	37.6667
-7.15142	32
-9.58634	31
-12.0232	39
-14.461	31
-16.8997	39
-19.3393	29.6667
-21.7799	29.3333
-24.2214	38.3333
-26.6638	34.3333
-29.1072	33
-31.5525	33.6667
-33.9977	34.3333
-36.4439	40
-38.892	32
-41.3401	41.6667
-43.7901	35.6667
-46.24	30.6667
-48.6919	35.6667
-51.1447	36.3333
-53.5974	33
-56.0521	34
-58.5078	34
-60.9643	33
-63.4218	33.6667
-65.8803	34
-68.3397	33.6667
-70.8	38.6667
-73.2613	36.6667
-75.7236	37.6667
-78.1878	35.3333
-80.6519	45.3333
-83.117	35.6667
-85.584	38.6667
-88.051	36
-90.5199	37
-92.9888	41
-95.4596	44
-97.9314	36.3333
-100.403	37.3333
-102.877	38
-105.351	34.6667
-107.827	31.6667
-110.304	41.6667
-112.781	41.6667
-115.26	32.6667
-117.739	38.3333
-120.219	37.3333
-122.701	32.6667
-125.184	37.6667
-127.667	42
-130.151	32
-132.637	35.3333
-135.124	32
-137.612	34
-140.1	30
-142.59	40
-145.08	37.3333
-147.572	38.3333
-150.065	33.3333
-152.558	33.3333
-155.052	29.6667
-157.548	36
-160.045	31.6667
-162.542	41.6667
-165.041	30.3333
-167.541	43
-170.041	27.6667
-172.544	28.6667
-175.047	36.3333
-177.55	30
-180.056	32.6667
-182.561	43.3333
-185.068	34
-187.576	30.3333
-190.084	33.3333
-192.595	32.6667
-195.105	35.3333
-197.617	35.3333
-200.131	35.3333
-202.645	31
-205.159	36
-207.676	34.6667
-210.193	38
-212.711	30
-215.23	37
-217.75	35.3333
-220.271	39
-222.794	31.3333
-225.318	30
-227.842	31
-230.367	36
-232.893	45
-235.421	33.3333
-237.949	33.6667
-240.479	39.3333
-243.009	33.6667
-245.541	36
-248.073	32
-250.607	35.6667
-253.142	36.6667
-255.677	34.6667
-258.214	27
-260.752	31.3333
-263.291	34.6667
-265.83	39
-268.371	36.6667
-270.913	31.6667
-273.456	32.6667
-276	28.3333
-278.545	33.6667
-281.091	28
-283.639	38.6667
-286.187	36
-288.735	37.6667
-291.286	37.6667
-293.837	30.3333
-296.389	39
-298.943	32.3333
-301.497	37.6667
-304.053	43.3333
-306.61	36.6667
-309.166	38
-311.725	40
-314.285	34.6667
-316.846	36
-319.408	29.3333
-321.97	37.3333
-324.534	34
-327.099	37.6667
-329.665	31
-332.232	31
-334.801	28.6667
-337.37	34.6667
-339.94	38.3333
-342.511	31.6667
-345.083	33.6667
-347.657	27
-350.231	33
-352.807	36
-355.383	30.6667
-357.96	35.3333
-360.539	34.3333
-363.119	33
-365.699	41
-368.281	34
-370.864	36
-373.448	24
-376.033	32
-378.619	34.6667
-381.206	42.6667
-383.794	30.3333
-386.384	32.3333
-388.974	35.6667
-391.565	30.3333
-394.158	36.3333
-396.751	34.6667
-399.346	33.6667
-401.941	29.6667
-404.537	29.3333
-407.136	32
-409.735	31
-412.334	33.6667
-414.936	31
-417.537	29
-420.141	38.3333
-422.745	35.6667
-425.35	32.3333
-427.956	33.6667
-430.564	28.3333
-433.173	41.3333
-435.781	42
-438.392	35.3333
-441.004	33.6667
-443.617	32.3333
-446.231	27.6667
-448.846	38
-451.461	32
-454.078	31.6667
-456.698	42
-459.317	37.3333
-461.937	28
-464.558	31
-467.181	35.3333
-469.804	31.6667
-472.428	38.3333
-475.055	35.3333
-477.681	36
-480.309	34.6667
-482.939	34
-485.568	29.3333
-488.2	39.3333
-490.832	27
-493.465	39
-496.099	33
-498.735	36.3333
-501.372	46.3333
-504.009	30.3333
-506.648	31
-509.288	31
-511.929	39.3333
-514.572	38.6667
-517.215	29.3333
-519.858	38.3333
-522.504	30.3333
-525.15	32
-527.797	35.6667
-530.447	36.6667
-533.097	36.6667
-535.747	38.3333
-538.399	41
-541.052	37.3333
-543.706	29.3333
-546.362	34
-549.018	27.6667
-551.675	35
-554.334	33.6667
-556.993	37.3333
-559.654	36
-562.316	36
-564.979	38.6667
-567.642	36
-570.308	35
-572.975	39.6667
-575.641	36.3333
-578.31	34.3333
-580.98	33
-583.65	36
-586.322	32.6667
-588.995	33.6667
-591.669	29.3333
-594.344	36
-597.02	41.6667
-599.698	30.6667
-602.376	38.3333
-605.056	36.3333
-607.736	32.3333
-610.418	43
-613.1	37
-615.784	41
-618.47	32.3333
-621.156	37.6667
-623.843	28.6667
-626.531	34
-629.222	36.3333
-631.912	36.3333
-634.603	34.3333
-637.297	39.3333
-639.99	31.3333
-642.686	26.3333
-645.382	37
-648.08	33.3333
-650.779	32.6667
-653.477	38.6667
-656.179	36
-658.881	26.6667
-661.583	35.6667
-664.287	28
-666.993	35.6667
-669.7	30
-672.407	30
-675.115	36.6667
-677.825	32
-680.536	34.6667
-683.248	29.6667
-685.961	39
-688.675	40
-691.391	39.6667
-694.108	27
-696.826	40.3333
-699.544	33.6667
-702.264	29.3333
-704.985	26.3333
-707.708	36
-710.431	33
-713.155	34.3333
-715.88	36
-718.608	38
-721.335	32.3333
-724.065	32
-726.795	39.6667
-729.527	36.3333
-732.258	26
-734.993	35.6667
-737.727	31.3333
-740.463	35.3333
-743.2	41
-745.938	38.3333
-748.678	38.6667
-751.418	31.3333
-754.159	36
-756.902	37.6667
-759.646	31.3333
-762.391	27
-765.138	34.6667
-767.885	29
-770.633	39.6667
-773.382	37.3333
-776.133	38
-778.885	33
-781.638	34
-784.393	32
-787.149	35.6667
-789.905	39.3333
-792.663	35.3333
-795.421	36.6667
-798.181	36.3333
-800.942	28
-803.705	36
-806.469	34.3333
-809.233	39.3333
-811.999	37.6667
-814.766	33.6667
-817.534	32.3333
-820.304	35.3333
-823.073	32.3333
-825.846	33
-828.618	35.6667
-831.392	31.3333
-834.167	28.6667
-836.944	32.3333
-839.72	34
-842.499	30
-845.279	38.6667
-848.06	36
-850.842	34
-853.626	26
-856.41	37
-859.195	31.6667
-861.982	36.6667
-864.77	28
-867.559	37.3333
-870.35	35.3333
-873.141	39.6667
-875.934	34.6667
-878.728	35.6667
-881.522	45.6667
-884.318	30
-887.116	30
-889.915	33
-892.714	41
-895.515	34.3333
-898.317	32.6667
-901.12	35.3333
-903.924	37.3333
-906.729	35
-909.537	39.3333
-912.345	37.3333
-915.153	30.6667
-917.963	39.6667
-920.776	37.6667
-923.588	40
-926.401	33
-929.217	38.3333
-932.033	36
-934.851	27.6667
-937.669	36.6667
-940.488	33.6667
-943.31	36
-946.131	32.6667
-948.955	33.6667
-951.78	32.6667
-954.605	44.3333
-957.432	29
-960.26	37
-963.09	35
-965.92	36.3333
-968.751	38.3333
-971.584	40.6667
-974.419	39.3333
-977.254	38.3333
-980.09	35.6667
-982.928	31
-985.767	34.6667
-988.607	28
-991.448	38.6667
-994.291	30.6667
-997.135	32
-999.979	43.6667
-1002.82	31
-1005.67	37
-1008.52	36
-1011.37	34
-1014.22	34
-1017.07	37
-1019.93	33.3333
-1022.78	36.3333
-1025.64	34.6667
-1028.49	38.6667
-1031.35	37.3333
-1034.21	32.3333
-1037.07	42.3333
-1039.93	32
-1042.8	30.3333
-1045.66	33
-1048.53	41.6667
-1051.39	44.3333
-1054.26	33.6667
-1057.13	38.6667
-1060	36
-1062.87	35.6667
-1065.74	40.3333
-1068.62	35.6667
-1071.49	35
-1074.37	35
-1077.25	33.6667
-1080.12	37.6667
-1083.01	32.6667
-1085.89	40.3333
-1088.77	33
-1091.65	29.3333
-1094.54	35
-1097.42	39
-1100.31	23.6667
-1103.2	36.6667
-1106.09	34
-1108.98	38.6667
-1111.87	27.6667
-1114.77	36.6667
-1117.66	34.6667
-1120.56	27.6667
-1123.45	37
-1126.35	32.6667
-1129.25	31.6667
-1132.15	39
-1135.05	27.3333
-1137.96	30
-1140.86	31.3333
-1143.77	45.3333
-1146.67	33
-1149.58	34.6667
-1152.49	28
-1155.4	35.3333
-1158.32	40
-1161.23	33.3333
-1164.14	38.3333
-1167.06	29
-1169.98	34.3333
-1172.89	33.6667
-1175.81	30.3333
-1178.73	33.3333
-1181.66	35.3333
-1184.58	35.3333
-1187.5	29.6667
-1190.43	36
-1193.35	34
-1196.28	38
-1199.21	39.3333
-1202.14	39.6667
-1205.08	32.3333
-1208.01	36.6667
-1210.94	38.3333
-1213.88	36
-1216.82	30.6667
-1219.75	31
-1222.69	40
-1225.63	40
-1228.58	39
-1231.52	31
-1234.46	41.6667
-1237.41	37.3333
-1240.35	42
-1243.3	37
-1246.25	33
-1249.2	35.6667
-1252.16	35
-1255.11	30.6667
-1258.06	31.3333
-1261.02	37
-1263.97	37.3333
-1266.93	45
-1269.89	29
-1272.85	39.3333
-1275.82	32
-1278.78	32.3333
-1281.74	34.6667
-1284.71	32
-1287.68	34.6667
-1290.65	38.6667
-1293.62	39.3333
-1296.59	25.6667
-1299.56	29.6667
-1302.53	31.6667
-1305.51	39.6667
-1308.48	34.6667
-1311.46	29
-1314.44	35
-1317.42	37.3333
-1320.4	34.3333
-1323.38	35.6667
-1326.37	31.3333
-1329.35	40.6667
-1332.34	39.6667
-1335.32	32.6667
-1338.31	31.3333
-1341.3	30.3333
-1344.29	36.6667
-1347.29	28.6667
-1350.28	42.6667
-1353.28	39
-1356.27	42
-1359.27	28
-1362.27	33.6667
-1365.27	39.6667
-1368.27	36.3333
-1371.27	35.3333
-1374.28	33
-1377.28	36.6667
-1380.29	34
-1383.3	32
-1386.31	38
-1389.32	39.3333
-1392.33	35.3333
6667
-1051.39	44.3333
-1054.26	33.6667
-1057.13	38.6667
-1060	36
-1062.87	35.6667
-1065.74	40.3333
-1068.62	35.6667
-1071.49	35
-1074.37	35
-1077.25	33.6667
-1080.12	37.6667
-1083.01	32.6667
-1085.89	40.3333
-1088.77	33
-1091.65	29.3333
-1094.54	35
-1097.42	39
-1100.31	23.6667
-1103.2	36.6667
-1106.09	34
-1108.98	38.6667
-1111.87	27.6667
-1114.77	36.6667
-1117.66	34.6667
-1120.56	27.6667
-1123.45	37
-1126.35	32.6667
-1129.25	31.6667
-1132.15	39
-1135.05	27.3333
-1137.96	30
-1140.86	31.3333
-1143.77	45.3333
-1146.67	33
-1149.58	34.6667
-1152.49	28
-1155.4	35.3333
-1158.32	40
-1161.23	33.3333
-1164.14	38.3333
-1167.06	29
-1169.98	34.3333
-1172.89	33.6667
-1175.81	30.3333
-1178.73	33.3333
-1181.66	35.3333
-1184.58	35.3333
-1187.5	29.6667
-1190.43	36
-1193.35	34
-1196.28	38
-1199.21	39.3333
-1202.14	39.6667
-1205.08	32.3333
-1208.01	36.6667
-1210.94	38.3333
-1213.88	36
-1216.82	30.6667
-1219.75	31
-1222.69	40
-1225.63	40
-1228.58	39
-1231.52	31
-1234.46	41.6667
-1237.41	37.3333
-1240.35	42
-1243.3	37
-1246.25	33
-1249.2	35.6667
-1252.16	35
-1255.11	30.6667
-1258.06	31.3333
-1261.02	37
-1263.97	37.3333
-1266.93	45
-1269.89	29
-1272.85	39.3333
-1275.82	32
-1278.78	32.3333
-1281.74	34.6667
-1284.71	32
-1287.68	34.6667
-1290.65	38.6667
-1293.62	39.3333
-1296.59	25.6667
-1299.56	29.6667
-1302.53	31.6667
-1305.51	39.6667
-1308.48	34.6667
-1311.46	29
-1314.44	35
-1317.42	37.3333
-1320.4	34.3333
-1323.38	35.6667
-1326.37	31.3333
-1329.35	40.6667
-1332.34	39.6667
-1335.32	32.6667
-1338.31	31.3333
-1341.3	30.3333
-1344.29	36.6667
-1347.29	28.6667
-1350.28	42.6667
-1353.28	39
-1356.27	42
-1359.27	28
-1362.27	33.6667
-1365.27	39.6667
-1368.27	36.3333
-1371.27	35.3333
-1374.28	33
-1377.28	36.6667
-1380.29	34
-1383.3	32
-1386.31	38
-1389.32	39.3333
-1392.33	35.3333
