2745.96	162
2744.57	151.333
2743.18	158.667
2741.8	171
2740.41	154
2739.02	160.333
2737.63	166.667
2736.24	166.667
2734.85	162.333
2733.46	160.333
2732.07	167.667
2730.68	165
2729.29	169.333
2727.9	158.667
2726.5	168.333
2725.11	162.667
2723.72	174
2722.32	165
2720.93	164.333
2719.53	163
2718.14	177.667
2716.74	172.667
2715.34	168
2713.95	176.333
2712.55	163.333
2711.15	169
2709.75	157.333
2708.35	175
2706.95	170.333
2705.55	167.333
2704.15	173.333
2702.75	175
2701.35	171.667
2699.95	174
2698.55	176.333
2697.14	175
2695.74	176
2694.33	169.333
2692.93	173.333
2691.52	177.333
2690.12	174.333
2688.71	174.333
2687.31	182
2685.9	175
2684.49	187
2683.08	184.667
2681.67	180.667
2680.26	183
2678.85	181
2677.44	179.667
2676.03	184.667
2674.62	188.667
2673.21	177
2671.8	172.667
2670.38	177.667
2668.97	186
2667.56	184
2666.14	182.667
2664.73	174
2663.31	177.667
2661.9	183.667
2660.48	190
2659.06	189
2657.64	185.667
2656.23	186
2654.81	186
2653.39	196
2651.97	182.667
2650.55	187.667
2649.13	182
2647.71	194.333
2646.29	196.333
2644.86	191.667
2643.44	197
2642.02	200
2640.6	195.333
2639.17	200.333
2637.75	199
2636.32	199.333
2634.9	191.667
2633.47	197.333
2632.04	195
2630.62	194.333
2629.19	206.667
2627.76	210
2626.33	204.667
2624.9	202
2623.47	208.333
2622.04	206.333
2620.61	202
2619.18	213.667
2617.75	208.667
2616.31	207
2614.88	211.333
2613.45	215
2612.01	214.667
2610.58	209.667
2609.14	207
2607.71	201.333
2606.27	212.333
2604.84	207.333
2603.4	204.667
2601.96	213.667
2600.52	206.333
2599.08	208
2597.65	210.667
2596.21	205
2594.77	219
2593.32	220
2591.88	217
2590.44	221.667
2589	214.667
2587.56	220
2586.11	232.333
2584.67	223.667
2583.22	221
2581.78	222.333
2580.33	225.667
2578.89	219.667
2577.44	225.333
2575.99	236
2574.55	230.667
2573.1	228.333
2571.65	231.333
2570.2	236
2568.75	231.667
2567.3	223.333
2565.85	244.333
2564.4	230
2562.95	227
2561.5	231.333
2560.04	229.333
2558.59	240
2557.14	236.667
2555.68	231.667
2554.23	240
2552.77	245
2551.31	235.667
2549.86	246.667
2548.4	228.667
2546.94	242.667
2545.49	239.667
2544.03	235.667
2542.57	241
2541.11	251
2539.65	242
2538.19	237.333
2536.73	250.667
2535.26	250
2533.8	263
2532.34	262.333
2530.88	242.333
2529.41	249
2527.95	262.667
2526.48	255
2525.02	255.333
2523.55	247.667
2522.08	256
2520.62	261.667
2519.15	260
2517.68	256
2516.21	257.667
2514.74	266.333
2513.27	259
2511.8	257.667
2510.33	261
2508.86	260
2507.39	264.333
2505.92	265
2504.44	263.667
2502.97	269.333
2501.5	260.333
2500.02	255
2498.55	273.667
2497.07	268
2495.59	269
2494.12	256.667
2492.64	267.667
2491.16	275.667
2489.68	263
2488.2	277.667
2486.73	274.333
2485.25	275.333
2483.76	272
2482.28	265
2480.8	274.333
2479.32	268
2477.84	278.667
2476.35	288.333
2474.87	273.333
2473.39	280
2471.9	279
2470.42	283
2468.93	294
2467.44	291.333
2465.96	283
2464.47	285.667
2462.98	292.667
2461.49	281
2460	289.667
2458.51	297.333
2457.02	287.667
2455.53	286.667
2454.04	300.667
2452.55	295
2451.06	291.667
2449.56	292
2448.07	296.333
2446.58	302.667
2445.08	298.333
2443.59	314
2442.09	308
2440.59	304
2439.1	300
2437.6	308.333
2436.1	322
2434.6	311.667
2433.11	309.333
2431.61	313
2430.11	306.667
2428.61	314
2427.1	323.333
2425.6	317.333
2424.1	319.333
2422.6	310.333
2421.09	322.667
2419.59	316
2418.09	325
2416.58	326
2415.07	318.667
2413.57	325
2412.06	323.667
2410.56	334.333
2409.05	317.333
2407.54	318.333
2406.03	333.333
2404.52	332.333
2403.01	339.333
2401.5	326.333
2399.99	328.333
2398.48	335.667
2396.97	332.333
2395.45	335.333
2393.94	330.333
2392.43	332.667
2390.91	344.667
2389.4	336.333
2387.88	332.667
2386.37	325.333
2384.85	344
2383.33	333.333
2381.81	343.333
2380.3	342.667
2378.78	328.333
2377.26	353.667
2375.74	357.667
2374.22	358.667
2372.7	353.667
2371.17	353.667
2369.65	343
2368.13	370.333
2366.61	360
2365.08	373
2363.56	358
2362.03	358.333
2360.51	360
2358.98	363
2357.46	356.667
2355.93	359.333
2354.4	368
2352.87	366
2351.34	375
2349.81	360.667
2348.29	355.333
2346.75	358
2345.22	363.667
2343.69	362.333
2342.16	371.667
2340.63	384.333
2339.09	364.667
2337.56	376
2336.03	368.333
2334.49	396
2332.96	385.667
2331.42	376
2329.88	383
2328.35	375.667
2326.81	389
2325.27	372.333
2323.73	386.333
2322.19	384.667
2320.65	381.667
2319.11	386.667
2317.57	395
2316.03	398
2314.49	393.333
2312.94	387
2311.4	395
2309.85	384.333
2308.31	395.667
2306.77	400
2305.22	392.333
2303.67	403
2302.13	399.333
2300.58	396.667
2299.03	405
2297.48	399.667
2295.93	399
2294.38	406
2292.83	408.333
2291.28	408
2289.73	418.667
2288.18	405
2286.63	407.333
2285.07	407
2283.52	413.667
2281.97	410.333
2280.41	406.667
2278.86	408
2277.3	427.667
2275.74	417.667
2274.19	414
2272.63	417
2271.07	417.333
2269.51	422
2267.95	424.667
2266.39	421
2264.83	424.667
2263.27	420.333
2261.71	431.667
2260.15	425
2258.59	418.667
2257.02	419.667
2255.46	426.667
2253.89	439.333
2252.33	440
2250.76	434.333
2249.2	427.333
2247.63	441
2246.06	433
2244.49	433.667
2242.93	461.333
2241.36	429.667
2239.79	446
2238.22	440.667
2236.65	445.667
2235.08	450.667
2233.5	459
2231.93	447.667
2230.36	452
2228.78	458.333
2227.21	453.333
2225.63	451
2224.06	451
2222.48	454
2220.91	460.333
2219.33	459.333
2217.75	460.333
2216.17	457
2214.59	460
2213.01	472.333
2211.44	463.333
2209.85	465
2208.27	454.333
2206.69	462.667
2205.11	461
2203.53	470
2201.94	459.333
2200.36	476.667
2198.77	469.667
2197.19	472.667
2195.6	474.667
2194.02	472.667
2192.43	463.667
2190.84	485.667
2189.25	476.667
2187.66	486
2186.07	487.333
2184.48	481
2182.89	477
2181.3	474
2179.71	476.667
2178.12	482
2176.53	489.667
2174.93	483.667
2173.34	494.667
2171.74	514
2170.15	502.667
2168.55	495
2166.96	488
2165.36	496.333
2163.76	499
2162.16	495.333
2160.56	502
2158.97	505.667
2157.37	507
2155.76	513.667
2154.16	517.333
2152.56	508.333
2150.96	523
2149.36	517.667
2147.75	513.667
2146.15	522
2144.54	525.667
2142.94	528.333
2141.33	515.667
2139.73	526.333
2138.12	523.333
2136.51	523.667
2134.9	517
2133.29	533.667
2131.69	515.333
2130.08	527
2128.46	546.667
2126.85	532.667
2125.24	534.333
2123.63	534
2122.02	544.333
2120.4	537
2118.79	535
2117.17	534
2115.56	536.667
2113.94	517.667
2112.33	530.667
2110.71	552.333
2109.09	529.333
2107.47	543.333
2105.85	532.333
2104.23	544
2102.61	546.333
2100.99	545.333
2099.37	552.667
2097.75	541
2096.13	555.667
2094.5	548.667
2092.88	557
2091.26	557.333
2089.63	551.333
2088.01	557.333
2086.38	542.333
2084.75	556.667
2083.13	564.333
2081.5	559.667
2079.87	559.667
2078.24	555.333
2076.61	566
2074.98	559.667
2073.35	575
2071.72	572.667
2070.08	574
2068.45	566.667
2066.82	570.333
2065.18	583.667
2063.55	582.667
2061.92	588
2060.28	591
2058.64	600
2057.01	579.333
2055.37	581.667
2053.73	598.667
2052.09	594.333
2050.45	589.667
2048.81	601.333
2047.17	597
2045.53	609.333
2043.89	597
2042.25	615
2040.6	603
2038.96	621.333
2037.31	615
2035.67	613.333
2034.02	604.333
2032.38	602.333
2030.73	613
2029.08	602.333
2027.44	608.667
2025.79	611.667
2024.14	612.667
2022.49	619.333
2020.84	612.667
2019.19	603.333
2017.54	628
2015.88	635
2014.23	628
2012.58	616
2010.92	621.333
2009.27	615.667
2007.61	616.333
2005.96	632
2004.3	616.333
2002.64	640.333
2000.99	649.333
1999.33	637.667
1997.67	625.667
1996.01	654
1994.35	650.333
1992.69	641.333
1991.03	643.667
1989.36	636.667
1987.7	645.667
1986.04	643.333
1984.37	653
1982.71	665.333
1981.04	646.667
1979.38	657
1977.71	658
1976.05	658
1974.38	678.333
1972.71	663.667
1971.04	661
1969.37	666
1967.7	667.333
1966.03	682
1964.36	693.333
1962.69	700
1961.01	697.333
1959.34	680.667
1957.67	697.333
1955.99	701.667
1954.32	681.667
1952.64	687.667
1950.97	689
1949.29	706.333
1947.61	714.333
1945.93	709.667
1944.26	708.667
1942.58	720
1940.9	696.667
1939.21	705.333
1937.53	710.667
1935.85	733
1934.17	711.667
1932.49	720.333
1930.8	737.667
1929.12	717.667
1927.43	722.667
1925.75	721.333
1924.06	726.667
1922.37	731.333
1920.69	736.667
1919	737.667
1917.31	729
1915.62	745
1913.93	744
1912.24	728
1910.55	744
1908.86	732.667
1907.16	743
1905.47	745.667
1903.78	745
1902.08	735.333
1900.39	746
1898.69	749.667
1896.99	745.667
1895.3	753.667
1893.6	747.333
1891.9	756.667
1890.2	768.333
1888.5	751
1886.8	765.667
1885.1	772
1883.4	752.667
1881.7	768.333
1880	767.667
1878.29	765.667
1876.59	787
1874.88	769.667
1873.18	778.333
1871.47	788
1869.77	797
1868.06	791
1866.35	789.667
1864.64	778.333
1862.93	782.333
1861.22	798
1859.51	776.333
1857.8	797.667
1856.09	778.333
1854.38	805.667
1852.67	786
1850.95	806.333
1849.24	795
1847.52	798.333
1845.81	818.333
1844.09	814.667
1842.38	803.667
1840.66	815.667
1838.94	804.667
1837.22	834.667
1835.5	830
1833.78	835.667
1832.06	812
1830.34	828.667
1828.62	846.333
1826.9	822.667
1825.17	839.333
1823.45	843.667
1821.72	834
1820	839.333
1818.27	859
1816.55	866
1814.82	852.333
1813.09	873.333
1811.36	856
1809.64	857.667
1807.91	869.333
1806.18	881.667
1804.44	874.667
1802.71	868
1800.98	879.333
1799.25	898.333
1797.51	885.667
1795.78	893
1794.05	874
1792.31	887.333
1790.57	879.333
1788.84	907.333
1787.1	908
1785.36	912
1783.62	896
1781.88	903.333
1780.14	904.667
1778.4	895.333
1776.66	891
1774.92	932.333
1773.18	924.667
1771.43	894.667
1769.69	930.667
1767.95	931
1766.2	923
1764.45	926.667
1762.71	913.667
1760.96	949.667
1759.21	948.333
1757.47	949
1755.72	946.333
1753.97	945
1752.22	953
1750.47	941.333
1748.71	959.333
1746.96	977.333
1745.21	942
1743.45	959.333
1741.7	964
1739.94	964.667
1738.19	984.333
1736.43	970.333
1734.68	967.333
1732.92	982.333
1731.16	980.333
1729.4	985.667
1727.64	993
1725.88	989.333
1724.12	1012.67
1722.36	994
1720.6	1019
1718.83	1012.67
1717.07	1018
1715.3	1024.67
1713.54	1022.67
1711.77	1019.67
1710.01	1041.67
1708.24	1037
1706.47	1034
1704.71	1058.67
1702.94	1064.67
1701.17	1062.67
1699.4	1076.33
1697.63	1067.67
1695.85	1085.33
1694.08	1099.33
1692.31	1078
1690.54	1095.67
1688.76	1080
1686.99	1113.67
1685.21	1119.67
1683.44	1121.67
1681.66	1113.67
1679.88	1138.67
1678.1	1140
1676.32	1144.33
1674.54	1152.67
1672.76	1135
1670.98	1153
1669.2	1145
1667.42	1149.67
1665.64	1161.67
1663.85	1176.33
1662.07	1155.33
1660.28	1180.33
1658.5	1187.67
1656.71	1181.33
1654.92	1178.33
1653.14	1183
1651.35	1177
1649.56	1183.33
1647.77	1198.33
1645.98	1190.67
1644.19	1192.33
1642.4	1194.67
1640.61	1195.67
1638.81	1207
1637.02	1210
1635.22	1182
1633.43	1191.67
1631.63	1188
1629.84	1191
1628.04	1178.67
1626.24	1160.67
1624.44	1187.33
1622.64	1171.67
1620.85	1201.33
1619.04	1184
1617.24	1174
1615.44	1202
1613.64	1172
1611.84	1163.67
1610.03	1179
1608.23	1186
1606.42	1202.33
1604.62	1201
1602.81	1191.67
1601	1179.67
1599.2	1198.67
1597.39	1176
1595.58	1175
1593.77	1170.67
1591.96	1180
1590.15	1190.33
1588.33	1177
1586.52	1182.67
1584.71	1206.33
1582.89	1186.33
1581.08	1197.33
1579.26	1186.67
1577.45	1181.67
1575.63	1172.67
1573.81	1186
1571.99	1204.33
1570.18	1179.67
1568.36	1209.33
1566.54	1204
1564.72	1200.67
1562.89	1214.33
1561.07	1201.33
1559.25	1225
1557.42	1228.33
1555.6	1215.33
1553.78	1210
1551.95	1218.67
1550.12	1216.67
1548.3	1231
1546.47	1225.33
1544.64	1206
1542.81	1223.33
1540.98	1250
1539.15	1217.67
1537.32	1220.67
1535.49	1230.67
1533.65	1228.67
1531.82	1230.67
1529.99	1231
1528.15	1238
1526.32	1224.33
1524.48	1231
1522.64	1220.33
1520.81	1238.67
1518.97	1226.33
1517.13	1244
1515.29	1220.67
1513.45	1241
1511.61	1252.33
1509.77	1216
1507.92	1212.33
1506.08	1254.67
1504.24	1231.33
1502.39	1261
1500.55	1242
1498.7	1243
1496.86	1234
1495.01	1271.33
1493.16	1254.33
1491.31	1235.33
1489.46	1255
1487.61	1234.67
1485.76	1263
1483.91	1260
1482.06	1251.67
1480.21	1276.33
1478.35	1267.33
1476.5	1257
1474.64	1278
1472.79	1292
1470.93	1303.67
1469.07	1303.33
1467.22	1318
1465.36	1313.67
1463.5	1339.33
1461.64	1323.33
1459.78	1316.67
1457.92	1341
1456.05	1336.33
1454.19	1337.33
1452.33	1344
1450.46	1352
1448.6	1365
1446.73	1338.33
1444.87	1329
1443	1347
1441.13	1333
1439.26	1330.67
1437.39	1320.67
1435.52	1318
1433.65	1305
1431.78	1315.33
1429.91	1328
1428.04	1312
1426.17	1303.33
1424.29	1318.67
1422.42	1320.67
1420.54	1321.33
1418.66	1319.67
1416.79	1289.67
1414.91	1315
1413.03	1302
1411.15	1313
1409.27	1285.67
1407.39	1299.67
1405.51	1296.33
1403.63	1295
1401.75	1298
1399.86	1294.67
1397.98	1282.33
1396.09	1293
1394.21	1282.33
1392.32	1283.67
1390.44	1280
1388.55	1290
1386.66	1278.33
1384.77	1312
1382.88	1273.33
1380.99	1269.33
1379.1	1299.33
1377.21	1310.33
1375.31	1281.67
1373.42	1302.33
1371.53	1287
1369.63	1281.33
1367.74	1314.67
1365.84	1289.67
1363.94	1320
1362.05	1314.67
1360.15	1316.33
1358.25	1297.67
1356.35	1314.67
1354.45	1320.33
1352.55	1347.67
1350.64	1330.67
1348.74	1326.33
1346.84	1329
1344.93	1336
1343.03	1345.33
1341.12	1352.67
1339.22	1357
1337.31	1340.67
1335.4	1346.33
1333.49	1367.67
1331.58	1358.33
1329.67	1364.67
1327.76	1357.67
1325.85	1391
1323.94	1358.67
1322.03	1394.67
1320.11	1380
1318.2	1386.67
1316.28	1377
1314.37	1394
1312.45	1410.67
1310.53	1406
1308.62	1386.67
1306.7	1388.67
1304.78	1394
1302.86	1374.67
1300.94	1414.33
1299.01	1408.33
1297.09	1411
1295.17	1422
1293.24	1416.33
1291.32	1422
1289.39	1429.67
1287.47	1440.33
1285.54	1408.67
1283.61	1441.33
1281.68	1439.33
1279.76	1427
1277.83	1443
1275.9	1424
1273.96	1453
1272.03	1442
1270.1	1450.67
1268.17	1427
1266.23	1441.33
1264.3	1439.33
1262.36	1454.67
1260.42	1424.67
1258.49	1443
1256.55	1440.33
1254.61	1433
1252.67	1440.33
1250.73	1426.67
1248.79	1423
1246.85	1444.33
1244.91	1401.33
1242.96	1422
1241.02	1410.33
1239.07	1403.67
1237.13	1393
1235.18	1407.67
1233.24	1376.67
1231.29	1392.67
1229.34	1370.33
1227.39	1376
1225.44	1343.33
1223.49	1384
1221.54	1358
1219.59	1355
1217.63	1362
1215.68	1327.67
1213.73	1342.33
1211.77	1319.67
1209.81	1297.33
1207.86	1321
1205.9	1314
1203.94	1318.67
1201.98	1306
1200.02	1303.67
1198.06	1300
1196.1	1314.33
1194.14	1306.33
1192.18	1294
1190.21	1289.67
1188.25	1304.33
1186.29	1280
1184.32	1280.67
1182.35	1261.33
1180.39	1282.33
1178.42	1278
1176.45	1298.33
1174.48	1270
1172.51	1277.67
1170.54	1291.33
1168.57	1281.67
1166.6	1282.33
1164.62	1268.67
1162.65	1265.67
1160.67	1276.67
1158.7	1269
1156.72	1287
1154.74	1272.67
1152.77	1285
1150.79	1276
1148.81	1281.33
1146.83	1302
1144.85	1291.33
1142.87	1285.33
1140.88	1291.67
1138.9	1299
1136.92	1301.67
1134.93	1301.33
1132.95	1298.33
1130.96	1301.67
1128.97	1298.33
1126.99	1291
1125	1304.33
1123.01	1314
1121.02	1303.33
1119.03	1306.67
1117.04	1313.67
1115.04	1313
1113.05	1289.33
1111.06	1306
1109.06	1306.67
1107.07	1317.67
1105.07	1324.67
1103.08	1305.67
1101.08	1318
1099.08	1333.33
1097.08	1323
1095.08	1335
1093.08	1339
1091.08	1334.33
1089.08	1350
1087.07	1313.33
1085.07	1348.33
1083.06	1333.33
1081.06	1356
1079.05	1365.67
1077.05	1328.33
1075.04	1333.67
1073.03	1335
1071.02	1361.67
1069.01	1365.33
1067	1345.67
1064.99	1367.67
1062.98	1348.33
1060.96	1358.67
1058.95	1372.33
1056.93	1343.67
1054.92	1370
1052.9	1349.33
1050.89	1365
1048.87	1368.33
1046.85	1331.33
1044.83	1346.33
1042.81	1339
1040.79	1361.33
1038.77	1344.67
1036.75	1356.67
1034.72	1372
1032.7	1352.33
1030.67	1352.33
1028.65	1370.67
1026.62	1364
1024.59	1357
1022.57	1360.67
1020.54	1346
1018.51	1377.67
1016.48	1362.33
1014.45	1366.67
1012.42	1380.67
1010.38	1387.33
1008.35	1381.67
1006.32	1391.33
1004.28	1375.67
1002.24	1384
1000.21	1396
998.171	1386.67
996.133	1404
994.094	1367
992.054	1405.67
990.013	1410
987.972	1398.33
985.93	1414.33
983.888	1424
981.843	1412.33
979.799	1418
977.754	1426.67
975.708	1433.33
973.661	1441.33
971.614	1456.33
969.565	1472
967.516	1455.67
965.466	1451.67
963.415	1451
961.364	1452.67
959.312	1465.67
957.258	1471
955.204	1483.33
953.15	1491.67
951.094	1493.33
949.038	1492.33
946.98	1442.33
944.923	1497.33
942.864	1511.33
940.804	1517.33
938.744	1518
936.683	1512.67
934.621	1503
932.558	1482.67
930.495	1473
928.43	1496
926.365	1497.67
924.299	1500
922.233	1522.33
920.165	1519.33
918.096	1511.67
916.028	1505.67
913.957	1506.67
911.887	1526.67
909.815	1502
907.743	1496
905.669	1496.33
903.595	1513
901.521	1511.33
899.445	1482.67
897.369	1502.33
895.292	1489.67
893.214	1505.33
891.135	1500
889.055	1512.33
886.975	1505.33
884.894	1483
882.812	1509.67
880.729	1519
878.646	1506.33
876.561	1519
874.475	1531.67
872.389	1525
870.303	1525.33
868.215	1525.33
866.126	1530.33
864.037	1532.33
861.947	1554.67
859.856	1544.33
857.764	1535.67
855.671	1544.67
853.578	1535.67
851.484	1560.67
849.389	1547.67
847.293	1544.67
845.196	1553
843.099	1542
841	1541.33
838.901	1549
836.801	1557.33
834.701	1568.33
832.599	1560.67
830.496	1562
828.393	1548.67
826.29	1564
824.184	1543.67
822.079	1555.67
819.972	1550.67
817.865	1553
815.757	1540
813.648	1534.67
811.538	1528
809.428	1538
807.316	1545.33
805.204	1527.67
803.091	1547
800.977	1521.67
798.863	1553.67
796.747	1545.67
794.631	1540.67
792.513	1536
790.395	1548.67
788.276	1551
786.157	1560.33
784.036	1515.33
781.915	1533
779.793	1556.67
777.669	1519
775.546	1536.33
773.421	1553.33
771.296	1560.67
769.169	1558.33
767.042	1578.67
764.915	1585.67
762.786	1570
760.656	1580
758.526	1576.33
756.394	1595.67
754.262	1584.33
752.129	1590.67
749.995	1584
747.861	1611.67
745.725	1587
743.588	1609
741.452	1601.67
739.314	1608.33
737.175	1624.67
735.035	1608.67
732.895	1631.67
730.753	1614.33
728.611	1618
726.469	1656.67
724.324	1618.33
722.18	1620.67
720.034	1618.67
717.888	1628.33
715.741	1635
713.593	1605.33
711.444	1616.67
709.294	1625.67
707.144	1621.67
704.992	1617.67
702.84	1614.33
700.687	1597.33
698.533	1599
696.378	1586.33
694.222	1613.33
692.066	1612
689.909	1597.67
687.751	1585
685.592	1602
683.432	1578.33
681.271	1586.67
679.109	1583
676.947	1595.33
674.784	1598.67
672.62	1591.33
670.455	1585.33
668.289	1609
666.122	1585.33
663.955	1603
661.787	1605.33
659.618	1611
657.448	1601
655.277	1615.33
653.104	1622.33
650.932	1620
648.759	1625.33
646.584	1633.33
644.409	1639
642.233	1621.33
640.056	1660.33
637.879	1643.33
635.7	1645.33
633.52	1659.67
631.34	1657
629.159	1668.33
626.977	1677.33
624.794	1674.33
622.61	1680
620.426	1663.67
618.24	1687.33
616.054	1696.33
613.867	1694.33
611.679	1689.67
609.49	1668
607.301	1644.67
605.11	1668.67
602.919	1655
600.726	1660.67
598.532	1674.33
596.339	1679
594.144	1656
591.948	1663
589.751	1651
587.554	1666.67
585.355	1661.33
583.156	1641.67
580.956	1680.33
578.755	1679
576.553	1685.33
574.35	1665.67
572.147	1666.33
569.943	1683
567.737	1680.33
565.531	1680
563.323	1691.67
561.116	1680.33
558.907	1684.33
556.698	1701
554.487	1694.33
552.275	1693.33
550.063	1660.33
547.85	1681.33
545.636	1690
543.421	1687.33
541.206	1693.33
538.988	1712
536.771	1710.33
534.553	1720.67
532.333	1716.33
530.113	1727.67
527.892	1721.67
525.67	1718
523.447	1724.67
521.224	1732.33
518.999	1746.67
516.774	1717
514.548	1731.33
512.321	1736.67
510.093	1748.33
507.863	1747.33
505.634	1718.67
503.403	1752.33
501.172	1731.33
498.939	1712.33
496.705	1735.33
494.472	1718.33
492.237	1716
490.001	1727.33
487.764	1724.33
485.526	1716
483.287	1745.67
481.047	1696
478.807	1720.33
476.565	1715
474.324	1731.67
472.08	1712
469.837	1715.33
467.591	1727.67
465.346	1722.33
463.099	1739.33
460.852	1738
458.604	1753.33
456.354	1756.67
454.103	1754.67
451.852	1771.33
449.601	1750.33
447.348	1763.67
445.094	1767
442.84	1768.33
440.584	1792
438.327	1775.33
436.07	1796
433.812	1798.33
431.553	1803
429.293	1810.33
427.032	1830.67
424.77	1846.33
422.507	1853.67
420.244	1848.33
417.979	1858
415.714	1849
413.448	1858
411.18	1845.67
408.912	1823
406.643	1845.33
404.373	1836.67
402.102	1838.67
399.83	1832.33
397.558	1843
395.285	1855
393.01	1840
390.734	1849
388.458	1833.67
386.181	1850.33
383.903	1857
381.624	1835.67
379.345	1863
377.064	1887.67
374.782	1861.33
372.5	1860
370.216	1875.67
367.932	1893
365.646	1889.33
363.36	1887
361.073	1875
358.785	1910.67
356.496	1912
354.207	1917.67
351.915	1915
349.624	1903.67
347.331	1928.33
345.038	1919.67
342.743	1958.33
340.448	1922
338.152	1929.33
335.855	1926.33
333.556	1937.33
331.257	1935.33
328.958	1935.33
326.657	1964.67
324.355	1955.67
322.053	1967.67
319.749	1983.33
317.444	1979
315.139	2000.67
312.833	2003.33
310.526	2024
308.217	2040
305.908	2037.67
303.599	2023.33
301.288	2033.67
298.976	2062.33
296.663	2086.67
294.349	2087.33
292.035	2094.67
289.719	2107
287.403	2127.67
285.085	2148
282.767	2136
280.448	2178
278.128	2143
275.807	2181.33
273.485	2202.33
271.161	2220.33
268.837	2222
266.513	2218.67
264.187	2243.67
261.861	2240
259.533	2247.67
257.205	2274
254.875	2291.67
252.544	2292
250.213	2339
247.881	2330
245.548	2354
243.214	2367
240.879	2418.33
238.543	2437.67
236.206	2447
233.869	2474.67
231.53	2488.33
229.19	2526.33
226.849	2584.33
224.508	2576.67
222.165	2601
219.822	2614.67
217.478	2644.67
215.132	2709
212.785	2646.67
210.439	2728
208.091	2774.33
205.741	2761
203.391	2790.33
201.04	2868.33
198.688	2947
196.336	2945.67
193.982	2910.67
191.627	2947.33
189.271	3004.33
186.915	3053.67
184.557	3046.67
182.199	3054.33
179.84	3092
177.478	3110
175.117	3113.67
172.755	3149
170.392	3197.33
168.028	3216.33
165.662	3224
163.297	3302.67
160.929	3339.33
158.561	3400.67
156.193	3445.33
153.823	3479
151.452	3511
149.08	3552.67
146.707	3494.67
144.334	3527.33
141.959	3593.67
139.584	3603.67
137.207	3634.67
134.829	3647
132.451	3748
130.071	3842
127.692	3909
125.31	3994
122.927	4042
120.545	4105.67
118.16	4142
115.775	4202.67
113.388	4361
111.001	4464
108.613	4561
106.224	4680
103.834	4808
101.444	4978.33
99.052	5135
96.6594	5322
94.2649	5506.33
91.8705	5773.67
89.4743	6013
87.0781	6287.67
84.68	6664.67
82.282	6973.33
79.882	7469
77.4812	7994
75.0805	8614
72.6778	9447.33
70.2743	10861.3
67.8698	12628.7
65.4644	14477.3
63.0582	16000.7
60.651	17279.3
58.2419	18699.3
55.8328	20063.7
53.4229	21467.7
51.011	23041.3
48.5993	24880
46.1856	26983.7
43.772	29447.3
41.3565	32397.3
38.941	35954
36.5237	40557.7
34.1054	46126
31.6862	53020.3
29.2661	60918.3
26.8451	64524
24.4231	64524
22.0002	64524
19.5764	64524
17.1517	64524
14.7261	64524
12.2995	64524
9.87099	64524
7.44256	64524
5.01321	64524
2.58195	64524
0.14975	64524
-2.28238	64524
-4.71644	64524
-7.15142	64524
-9.58634	64524
-12.0232	64524
-14.461	64524
-16.8997	64524
-19.3393	64524
-21.7799	64524
-24.2214	64524
-26.6638	64524
-29.1072	64524
-31.5525	64524
-33.9977	64524
-36.4439	64524
-38.892	41802
-41.3401	32905.7
-43.7901	27573.3
-46.24	23729.3
-48.6919	20606.7
-51.1447	17861
-53.5974	15551
-56.0521	13626.7
-58.5078	12040
-60.9643	10530.3
-63.4218	9250.67
-65.8803	8244.33
-68.3397	7195
-70.8	6419
-73.2613	5626
-75.7236	5002.67
-78.1878	4444.33
-80.6519	3970.67
-83.117	3513.33
-85.584	3143.67
-88.051	2819.67
-90.5199	2540.33
-92.9888	2332.33
-95.4596	2098
-97.9314	1910
-100.403	1743.33
-102.877	1602.33
-105.351	1449
-107.827	1277.67
-110.304	1136.67
-112.781	1005.67
-115.26	917.333
-117.739	834.667
-120.219	772.333
-122.701	735.333
-125.184	655
-127.667	618.333
-130.151	551
-132.637	494.667
-135.124	455.333
-137.612	417.333
-140.1	382.667
-142.59	355
-145.08	339
-147.572	308
-150.065	293.667
-152.558	277
-155.052	257
-157.548	249.667
-160.045	233
-162.542	241
-165.041	210.333
-167.541	213.333
-170.041	199.667
-172.544	201.333
-175.047	198.667
-177.55	184
-180.056	180.333
-182.561	171.333
-185.068	170.333
-187.576	167
-190.084	161.667
-192.595	159
-195.105	155.333
-197.617	157.667
-200.131	160.333
-202.645	151.333
-205.159	139.333
-207.676	152.667
-210.193	149.667
-212.711	151.333
-215.23	146.667
-217.75	142
-220.271	152
-222.794	139
-225.318	140.667
-227.842	131.667
-230.367	132.667
-232.893	127
-235.421	129
-237.949	128
-240.479	123.667
-243.009	128
-245.541	125
-248.073	127.333
-250.607	116.333
-253.142	124
-255.677	116
-258.214	122.667
-260.752	121.667
-263.291	110.333
-265.83	113
-268.371	111.333
-270.913	114.667
-273.456	115
-276	108
-278.545	99.6667
-281.091	98
-283.639	107.667
-286.187	98.3333
-288.735	105
-291.286	93.3333
-293.837	99.3333
-296.389	97.3333
-298.943	102.333
-301.497	96.3333
-304.053	92.3333
-306.61	97.6667
-309.166	97.6667
-311.725	88.6667
-314.285	84.3333
-316.846	83.6667
-319.408	89
-321.97	82.3333
-324.534	88.3333
-327.099	89.6667
-329.665	84.6667
-332.232	93.3333
-334.801	79
-337.37	79
-339.94	81.6667
-342.511	85.3333
-345.083	83
-347.657	82.3333
-350.231	72.3333
-352.807	78.3333
-355.383	77
-357.96	79.6667
-360.539	75.6667
-363.119	81.3333
-365.699	76
-368.281	74.3333
-370.864	80
-373.448	78.6667
-376.033	75
-378.619	78
-381.206	74
-383.794	77.3333
-386.384	72.3333
-388.974	79.6667
-391.565	66.6667
-394.158	75
-396.751	68.3333
-399.346	69
-401.941	64.6667
-404.537	71.3333
-407.136	72.3333
-409.735	73.3333
-412.334	72
-414.936	63.3333
-417.537	75.3333
-420.141	61
-422.745	65
-425.35	63.3333
-427.956	62.6667
-430.564	73.3333
-433.173	65.3333
-435.781	64.6667
-438.392	72.6667
-441.004	62.3333
-443.617	65
-446.231	69.6667
-448.846	65.3333
-451.461	60.6667
-454.078	63.3333
-456.698	59.6667
-459.317	65.6667
-461.937	61
-464.558	66.6667
-467.181	60.6667
-469.804	63.3333
-472.428	59
-475.055	65.3333
-477.681	59.6667
-480.309	67
-482.939	66
-485.568	54.3333
-488.2	57.6667
-490.832	62.6667
-493.465	53.3333
-496.099	62
-498.735	61
-501.372	63
-504.009	50.3333
-506.648	60.3333
-509.288	67
-511.929	65
-514.572	63.6667
-517.215	66.3333
-519.858	62.3333
-522.504	57.6667
-525.15	54.3333
-527.797	56.3333
-530.447	47.6667
-533.097	56.6667
-535.747	57
-538.399	62.6667
-541.052	52
-543.706	66.6667
-546.362	56
-549.018	61.3333
-551.675	65
-554.334	62.3333
-556.993	66.3333
-559.654	54.3333
-562.316	51
-564.979	64.6667
-567.642	54
-570.308	53.3333
-572.975	55.3333
-575.641	68.6667
-578.31	50.6667
-580.98	62
-583.65	53.3333
-586.322	62
-588.995	55.3333
-591.669	61.6667
-594.344	52.6667
-597.02	57.6667
-599.698	58.6667
-602.376	56.3333
-605.056	62
-607.736	60.6667
-610.418	57.6667
-613.1	54.3333
-615.784	55
-618.47	67.3333
-621.156	67.3333
-623.843	57
-626.531	63.6667
-629.222	67
-631.912	53.3333
-634.603	66
-637.297	58.6667
-639.99	61.3333
-642.686	60.6667
-645.382	59.3333
-648.08	60
-650.779	61.6667
-653.477	63.3333
-656.179	69
-658.881	59
-661.583	60.3333
-664.287	61
-666.993	60.6667
-669.7	61.3333
-672.407	57.6667
-675.115	61
-677.825	59.6667
-680.536	63
-683.248	59.3333
-685.961	63
-688.675	59.6667
-691.391	59.6667
-694.108	65.6667
-696.826	55
-699.544	54.6667
-702.264	56
-704.985	66
-707.708	70.6667
-710.431	51.6667
-713.155	66.6667
-715.88	59
-718.608	63.3333
-721.335	57.6667
-724.065	65.3333
-726.795	55.6667
-729.527	67
-732.258	58
-734.993	64.3333
-737.727	57
-740.463	63.3333
-743.2	61.6667
-745.938	68.6667
-748.678	56.6667
-751.418	59
-754.159	64
-756.902	63.3333
-759.646	66.3333
-762.391	53.6667
-765.138	61
-767.885	66.6667
-770.633	60.3333
-773.382	61.3333
-776.133	61
-778.885	61
-781.638	63.6667
-784.393	55.6667
-787.149	62.3333
-789.905	62
-792.663	63.3333
-795.421	59.3333
-798.181	55.3333
-800.942	60.6667
-803.705	60
-806.469	65.6667
-809.233	62.6667
-811.999	57.3333
-814.766	58
-817.534	60
-820.304	59.3333
-823.073	65.6667
-825.846	59
-828.618	56.3333
-831.392	55.3333
-834.167	61
-836.944	63
-839.72	60
-842.499	57.6667
-845.279	55.3333
-848.06	60.6667
-850.842	65
-853.626	64.3333
-856.41	63.6667
-859.195	56.6667
-861.982	65.3333
-864.77	62
-867.559	57
-870.35	64
-873.141	58.6667
-875.934	55.6667
-878.728	53.3333
-881.522	59.3333
-884.318	59.6667
-887.116	53.6667
-889.915	66.3333
-892.714	59
-895.515	62
-898.317	52
-901.12	70
-903.924	54.6667
-906.729	62.3333
-909.537	65.3333
-912.345	61.3333
-915.153	68.3333
-917.963	59
-920.776	56.3333
-923.588	53.6667
-926.401	58.3333
-929.217	65
-932.033	67.3333
-934.851	59.3333
-937.669	61.3333
-940.488	60.6667
-943.31	62
-946.131	56
-948.955	64.3333
-951.78	59.6667
-954.605	56
-957.432	62.3333
-960.26	62.3333
-963.09	61
-965.92	68
-968.751	61
-971.584	63.3333
-974.419	57.3333
-977.254	70
-980.09	71
-982.928	55
-985.767	72
-988.607	55.3333
-991.448	63.3333
-994.291	63.6667
-997.135	64.3333
-999.979	67
-1002.82	62
-1005.67	69.3333
-1008.52	62
-1011.37	69.6667
-1014.22	63
-1017.07	72.6667
-1019.93	68.6667
-1022.78	64.6667
-1025.64	63
-1028.49	68.3333
-1031.35	76
-1034.21	67.6667
-1037.07	62.6667
-1039.93	67
-1042.8	61
-1045.66	65.6667
-1048.53	60.6667
-1051.39	69.6667
-1054.26	65.6667
-1057.13	71
-1060	66.3333
-1062.87	72.3333
-1065.74	74.3333
-1068.62	71
-1071.49	61
-1074.37	71.6667
-1077.25	65.6667
-1080.12	74.6667
-1083.01	78.3333
-1085.89	68.3333
-1088.77	75
-1091.65	77
-1094.54	72
-1097.42	73.3333
-1100.31	78.3333
-1103.2	71.6667
-1106.09	73.3333
-1108.98	74.3333
-1111.87	75.6667
-1114.77	79.3333
-1117.66	82
-1120.56	81
-1123.45	74
-1126.35	79.3333
-1129.25	74
-1132.15	74
-1135.05	83.3333
-1137.96	80
-1140.86	77.3333
-1143.77	75.6667
-1146.67	85.3333
-1149.58	80.6667
-1152.49	76.3333
-1155.4	83.3333
-1158.32	90.3333
-1161.23	90.3333
-1164.14	87.3333
-1167.06	98.3333
-1169.98	112.667
-1172.89	117.333
-1175.81	132.667
-1178.73	156
-1181.66	175.667
-1184.58	204.667
-1187.5	238.667
-1190.43	248
-1193.35	260.333
-1196.28	262
-1199.21	278
-1202.14	299.333
-1205.08	336.667
-1208.01	369.667
-1210.94	391.333
-1213.88	431.333
-1216.82	468.667
-1219.75	497.333
-1222.69	540.333
-1225.63	588
-1228.58	615.333
-1231.52	668
-1234.46	739
-1237.41	804.667
-1240.35	900.333
-1243.3	1039.33
-1246.25	1379.67
-1249.2	1662.67
-1252.16	1858.67
-1255.11	1859.67
-1258.06	1759
-1261.02	1699.33
-1263.97	1592.67
-1266.93	1385
-1269.89	1218
-1272.85	976.333
-1275.82	706
-1278.78	426
-1281.74	257
-1284.71	190.667
-1287.68	161
-1290.65	156
-1293.62	151.333
-1296.59	143
-1299.56	131
-1302.53	124.667
-1305.51	107.667
-1308.48	122.333
-1311.46	111.667
-1314.44	104.333
-1317.42	103.333
-1320.4	102.667
-1323.38	105.667
-1326.37	99.3333
-1329.35	90.3333
-1332.34	106
-1335.32	87.3333
-1338.31	85.6667
-1341.3	92.3333
-1344.29	94.6667
-1347.29	91.3333
-1350.28	94
-1353.28	89
-1356.27	94.3333
-1359.27	80.6667
-1362.27	84.6667
-1365.27	78.3333
-1368.27	77.3333
-1371.27	73.3333
-1374.28	74
-1377.28	65.6667
-1380.29	68
-1383.3	63
-1386.31	61
-1389.32	58
-1392.33	61.3333
