2745.96	159.333
2744.57	161.333
2743.18	151.667
2741.8	159
2740.41	157.333
2739.02	153
2737.63	152.667
2736.24	158.667
2734.85	155.667
2733.46	160.333
2732.07	167.667
2730.68	156.667
2729.29	157.667
2727.9	157.333
2726.5	165.667
2725.11	159.333
2723.72	157.667
2722.32	159
2720.93	161.667
2719.53	162
2718.14	167.333
2716.74	148
2715.34	161
2713.95	159
2712.55	168.667
2711.15	158.333
2709.75	165.333
2708.35	160
2706.95	162.333
2705.55	157.333
2704.15	160
2702.75	165.667
2701.35	168.333
2699.95	177.667
2698.55	158
2697.14	176.333
2695.74	171.667
2694.33	160.333
2692.93	168.333
2691.52	168
2690.12	167
2688.71	170.333
2687.31	178.333
2685.9	168.333
2684.49	166.333
2683.08	178.333
2681.67	174
2680.26	166.667
2678.85	174.333
2677.44	176.667
2676.03	178.667
2674.62	169.333
2673.21	178.667
2671.8	162
2670.38	176.333
2668.97	177.667
2667.56	172.333
2666.14	172
2664.73	171.333
2663.31	185
2661.9	172.667
2660.48	177
2659.06	182
2657.64	181.333
2656.23	183.667
2654.81	174
2653.39	180.667
2651.97	180.667
2650.55	182.333
2649.13	193
2647.71	179.333
2646.29	190.667
2644.86	185.333
2643.44	180.333
2642.02	182
2640.6	189.333
2639.17	198.333
2637.75	197.667
2636.32	181.667
2634.9	189.667
2633.47	186.333
2632.04	192.667
2630.62	192.667
2629.19	191.667
2627.76	199
2626.33	202.667
2624.9	194.667
2623.47	190.667
2622.04	189.333
2620.61	207
2619.18	205.667
2617.75	201
2616.31	197.333
2614.88	194.333
2613.45	201.667
2612.01	195
2610.58	190
2609.14	202
2607.71	200
2606.27	199.667
2604.84	199.667
2603.4	200
2601.96	199.333
2600.52	193.667
2599.08	208.333
2597.65	204.667
2596.21	201
2594.77	212
2593.32	199
2591.88	209.667
2590.44	196.667
2589	210.333
2587.56	208.333
2586.11	210.333
2584.67	205.667
2583.22	216
2581.78	211.333
2580.33	211
2578.89	220.333
2577.44	221
2575.99	221
2574.55	213.667
2573.1	203
2571.65	206.667
2570.2	213.667
2568.75	208.667
2567.3	217.667
2565.85	219.333
2564.4	227.333
2562.95	223.667
2561.5	224.333
2560.04	219.333
2558.59	228.667
2557.14	228
2555.68	226.667
2554.23	213.667
2552.77	222.667
2551.31	234.333
2549.86	221.667
2548.4	223.333
2546.94	232.333
2545.49	245.667
2544.03	228
2542.57	232
2541.11	228.667
2539.65	237
2538.19	240
2536.73	241
2535.26	235
2533.8	229.667
2532.34	222.667
2530.88	239.333
2529.41	250.333
2527.95	243.333
2526.48	231
2525.02	247.667
2523.55	227.333
2522.08	241
2520.62	246.667
2519.15	241
2517.68	246.667
2516.21	252
2514.74	249.333
2513.27	241.333
2511.8	249.333
2510.33	253
2508.86	250.333
2507.39	257.667
2505.92	249.333
2504.44	257.667
2502.97	244.667
2501.5	240.333
2500.02	251.667
2498.55	255.667
2497.07	250
2495.59	252
2494.12	262.333
2492.64	258.667
2491.16	251.333
2489.68	250.667
2488.2	254.333
2486.73	265
2485.25	253
2483.76	262.667
2482.28	271
2480.8	266.667
2479.32	260.667
2477.84	267.667
2476.35	253
2474.87	265.667
2473.39	263
2471.9	272.667
2470.42	275
2468.93	281
2467.44	270
2465.96	261
2464.47	281
2462.98	283
2461.49	277.333
2460	272
2458.51	276
2457.02	270.333
2455.53	274.333
2454.04	280.333
2452.55	278.333
2451.06	283.667
2449.56	275.333
2448.07	286.333
2446.58	286.667
2445.08	283.333
2443.59	293
2442.09	285
2440.59	290
2439.1	289.667
2437.6	288
2436.1	288
2434.6	288
2433.11	290
2431.61	300
2430.11	304.333
2428.61	305.667
2427.1	298.333
2425.6	307
2424.1	300.333
2422.6	309
2421.09	296.333
2419.59	298.667
2418.09	301.333
2416.58	295.667
2415.07	308.667
2413.57	309
2412.06	309.333
2410.56	312
2409.05	308.333
2407.54	313.333
2406.03	312.667
2404.52	309.667
2403.01	318.667
2401.5	317.667
2399.99	316.667
2398.48	324.667
2396.97	303.667
2395.45	317
2393.94	319.667
2392.43	313.333
2390.91	326.667
2389.4	321.333
2387.88	328
2386.37	320.333
2384.85	309
2383.33	326
2381.81	328.667
2380.3	327.667
2378.78	329
2377.26	320.667
2375.74	317.333
2374.22	334.667
2372.7	338
2371.17	332.667
2369.65	325.333
2368.13	347
2366.61	344.333
2365.08	333.333
2363.56	340
2362.03	338.333
2360.51	336.333
2358.98	345.667
2357.46	341
2355.93	343.667
2354.4	342
2352.87	347
2351.34	353
2349.81	351.333
2348.29	341.667
2346.75	346
2345.22	354.333
2343.69	364
2342.16	341.667
2340.63	349
2339.09	360.667
2337.56	344.667
2336.03	370
2334.49	349.667
2332.96	362.333
2331.42	352.667
2329.88	355.667
2328.35	366.667
2326.81	366.333
2325.27	362.333
2323.73	368.667
2322.19	363.333
2320.65	362.333
2319.11	366
2317.57	362.667
2316.03	381.333
2314.49	366
2312.94	370.333
2311.4	365.667
2309.85	364.333
2308.31	373
2306.77	374.667
2305.22	382
2303.67	383.667
2302.13	383
2300.58	376.333
2299.03	379
2297.48	382
2295.93	388.667
2294.38	391.667
2292.83	385
2291.28	390
2289.73	392.667
2288.18	381
2286.63	389.333
2285.07	388
2283.52	384
2281.97	410.333
2280.41	394.667
2278.86	392.333
2277.3	383.667
2275.74	388.333
2274.19	385.333
2272.63	412.333
2271.07	405
2269.51	401.333
2267.95	395.667
2266.39	393.667
2264.83	408.667
2263.27	401.667
2261.71	395.667
2260.15	402
2258.59	394.333
2257.02	402.667
2255.46	413.667
2253.89	409.333
2252.33	426.667
2250.76	408.667
2249.2	422.333
2247.63	408.333
2246.06	410
2244.49	405.667
2242.93	424.667
2241.36	414.333
2239.79	419.667
2238.22	406
2236.65	416.667
2235.08	415.333
2233.5	427.333
2231.93	438
2230.36	418
2228.78	418
2227.21	425.333
2225.63	417.333
2224.06	432.667
2222.48	419.667
2220.91	431.667
2219.33	423.667
2217.75	436.667
2216.17	430.333
2214.59	431.667
2213.01	434.333
2211.44	446
2209.85	436.667
2208.27	443.667
2206.69	437
2205.11	446
2203.53	440.667
2201.94	455.667
2200.36	445.667
2198.77	451.333
2197.19	435.333
2195.6	440
2194.02	448
2192.43	448
2190.84	446
2189.25	454.667
2187.66	453
2186.07	454.333
2184.48	457.667
2182.89	457.667
2181.3	458.667
2179.71	454.667
2178.12	453.667
2176.53	444.333
2174.93	453.667
2173.34	462.667
2171.74	459
2170.15	470.667
2168.55	465.667
2166.96	469.333
2165.36	473
2163.76	468.667
2162.16	485
2160.56	475
2158.97	469.333
2157.37	478.667
2155.76	482
2154.16	480
2152.56	471
2150.96	473.667
2149.36	483
2147.75	496.667
2146.15	485
2144.54	493.667
2142.94	489.333
2141.33	479
2139.73	495
2138.12	488.333
2136.51	498.667
2134.9	500.333
2133.29	497
2131.69	499
2130.08	502.333
2128.46	505.667
2126.85	493
2125.24	494
2123.63	506
2122.02	495
2120.4	510.333
2118.79	510
2117.17	505.667
2115.56	494.333
2113.94	500.333
2112.33	502.333
2110.71	503.333
2109.09	504
2107.47	518
2105.85	514
2104.23	517.333
2102.61	517.667
2100.99	519
2099.37	516.667
2097.75	513.333
2096.13	528.333
2094.5	522
2092.88	519.333
2091.26	530
2089.63	519
2088.01	518.333
2086.38	513.333
2084.75	523
2083.13	530.667
2081.5	522.667
2079.87	536
2078.24	533
2076.61	548.667
2074.98	541.667
2073.35	548.333
2071.72	545
2070.08	536
2068.45	546.667
2066.82	546.333
2065.18	546.333
2063.55	546.667
2061.92	561.667
2060.28	546.667
2058.64	563.333
2057.01	546
2055.37	555
2053.73	563.667
2052.09	567
2050.45	569.333
2048.81	565.333
2047.17	569
2045.53	560.667
2043.89	575
2042.25	569
2040.6	556
2038.96	553.667
2037.31	569.333
2035.67	571.667
2034.02	575.667
2032.38	571
2030.73	590
2029.08	565
2027.44	576
2025.79	578.667
2024.14	581
2022.49	581.333
2020.84	582.333
2019.19	586.333
2017.54	589
2015.88	569.667
2014.23	587
2012.58	581
2010.92	592.667
2009.27	596
2007.61	587
2005.96	588
2004.3	584.667
2002.64	590.667
2000.99	603.667
1999.33	603
1997.67	591.333
1996.01	605
1994.35	618.333
1992.69	596
1991.03	601
1989.36	604
1987.7	590.667
1986.04	611.333
1984.37	607.667
1982.71	616
1981.04	614.333
1979.38	615.333
1977.71	615.333
1976.05	615.333
1974.38	629.667
1972.71	623
1971.04	626
1969.37	631.333
1967.7	638
1966.03	640.333
1964.36	634.333
1962.69	654.333
1961.01	652
1959.34	647.333
1957.67	642.667
1955.99	659.333
1954.32	647.333
1952.64	659
1950.97	653.333
1949.29	666.333
1947.61	657.667
1945.93	662.667
1944.26	657.667
1942.58	654.333
1940.9	666
1939.21	667
1937.53	676.333
1935.85	664.333
1934.17	672
1932.49	684.333
1930.8	685
1929.12	655.667
1927.43	686.333
1925.75	697.667
1924.06	675
1922.37	693
1920.69	697.667
1919	694
1917.31	681.333
1915.62	687.667
1913.93	707.333
1912.24	701
1910.55	708
1908.86	679.333
1907.16	698.667
1905.47	690
1903.78	686
1902.08	700
1900.39	690.667
1898.69	698.333
1896.99	715
1895.3	715.333
1893.6	703.333
1891.9	714.333
1890.2	710.667
1888.5	727.333
1886.8	715.333
1885.1	719.333
1883.4	709.333
1881.7	734.333
1880	715.667
1878.29	728.667
1876.59	710
1874.88	742.333
1873.18	735.667
1871.47	735.333
1869.77	730.333
1868.06	731.333
1866.35	730
1864.64	736
1862.93	732.667
1861.22	727.667
1859.51	743
1857.8	728
1856.09	740.333
1854.38	763.333
1852.67	754.667
1850.95	761.333
1849.24	749.667
1847.52	756
1845.81	778
1844.09	764.333
1842.38	771.667
1840.66	778
1838.94	757.667
1837.22	776.667
1835.5	752.333
1833.78	774.667
1832.06	769.333
1830.34	759
1828.62	786
1826.9	773
1825.17	789.333
1823.45	786.333
1821.72	776.333
1820	796
1818.27	790
1816.55	777
1814.82	796.667
1813.09	811
1811.36	806.333
1809.64	822
1807.91	808
1806.18	813.333
1804.44	825
1802.71	813.333
1800.98	831.333
1799.25	831
1797.51	835.667
1795.78	824.333
1794.05	845.333
1792.31	849.333
1790.57	832.667
1788.84	842.333
1787.1	842.333
1785.36	839.667
1783.62	858
1781.88	848.667
1780.14	866.333
1778.4	842.667
1776.66	870
1774.92	861.667
1773.18	854.667
1771.43	870
1769.69	865
1767.95	849
1766.2	861.667
1764.45	866.667
1762.71	865.333
1760.96	871.333
1759.21	895.667
1757.47	877.667
1755.72	892.333
1753.97	905
1752.22	897.667
1750.47	893
1748.71	890.333
1746.96	891.667
1745.21	916.333
1743.45	901
1741.7	898.667
1739.94	908.667
1738.19	930.667
1736.43	914.667
1734.68	926.667
1732.92	922.667
1731.16	906
1729.4	933
1727.64	940.333
1725.88	935
1724.12	942.333
1722.36	945
1720.6	962.333
1718.83	962.333
1717.07	967.667
1715.3	953.333
1713.54	963.333
1711.77	984.667
1710.01	961.333
1708.24	996
1706.47	998
1704.71	983.333
1702.94	978.333
1701.17	1002.33
1699.4	1019
1697.63	1029.33
1695.85	1023.33
1694.08	1038
1692.31	1031.33
1690.54	1037
1688.76	1049
1686.99	1067.67
1685.21	1060
1683.44	1070.67
1681.66	1061.33
1679.88	1082
1678.1	1082.67
1676.32	1069
1674.54	1102.33
1672.76	1079
1670.98	1108
1669.2	1112
1667.42	1094.67
1665.64	1116
1663.85	1112.33
1662.07	1107
1660.28	1121.67
1658.5	1116.33
1656.71	1131
1654.92	1121
1653.14	1124.67
1651.35	1136.33
1649.56	1147.67
1647.77	1137
1645.98	1127.67
1644.19	1135
1642.4	1125.67
1640.61	1162.67
1638.81	1122.67
1637.02	1133.67
1635.22	1143
1633.43	1133.67
1631.63	1129
1629.84	1148.33
1628.04	1127
1626.24	1122
1624.44	1124.33
1622.64	1131
1620.85	1135
1619.04	1125.33
1617.24	1114.67
1615.44	1108.67
1613.64	1114.33
1611.84	1112
1610.03	1110.67
1608.23	1121.67
1606.42	1120.67
1604.62	1114.67
1602.81	1104
1601	1115.67
1599.2	1125
1597.39	1118
1595.58	1124.33
1593.77	1127.67
1591.96	1148.67
1590.15	1114.67
1588.33	1133.33
1586.52	1121.67
1584.71	1118.67
1582.89	1114.67
1581.08	1138.33
1579.26	1128.33
1577.45	1129.67
1575.63	1127.67
1573.81	1138.33
1571.99	1128
1570.18	1143.33
1568.36	1156
1566.54	1160.67
1564.72	1140.67
1562.89	1137
1561.07	1137
1559.25	1151.67
1557.42	1146.67
1555.6	1148.67
1553.78	1164.67
1551.95	1171.33
1550.12	1151.67
1548.3	1157.67
1546.47	1136.33
1544.64	1164
1542.81	1174.67
1540.98	1166
1539.15	1185.67
1537.32	1177.67
1535.49	1176.67
1533.65	1166
1531.82	1179
1529.99	1152.33
1528.15	1156.33
1526.32	1190
1524.48	1158.67
1522.64	1171.67
1520.81	1142.33
1518.97	1173.67
1517.13	1158.33
1515.29	1144.33
1513.45	1168.33
1511.61	1176.67
1509.77	1168.33
1507.92	1171.67
1506.08	1169
1504.24	1177
1502.39	1177.67
1500.55	1197
1498.7	1180.33
1496.86	1185.67
1495.01	1185.33
1493.16	1165.67
1491.31	1168
1489.46	1184.33
1487.61	1203
1485.76	1211.67
1483.91	1201
1482.06	1219.33
1480.21	1191
1478.35	1192.33
1476.5	1210.67
1474.64	1224
1472.79	1222
1470.93	1209.67
1469.07	1208
1467.22	1239.33
1465.36	1247
1463.5	1251.33
1461.64	1271.33
1459.78	1246.67
1457.92	1272
1456.05	1275.33
1454.19	1277
1452.33	1278
1450.46	1285.67
1448.6	1259.67
1446.73	1282.67
1444.87	1258.33
1443	1252.67
1441.13	1260.33
1439.26	1246.67
1437.39	1238
1435.52	1250
1433.65	1270.33
1431.78	1250.33
1429.91	1253.67
1428.04	1241.33
1426.17	1239.33
1424.29	1237.33
1422.42	1247.33
1420.54	1216
1418.66	1240.33
1416.79	1256.67
1414.91	1255.33
1413.03	1263.67
1411.15	1259.33
1409.27	1248.33
1407.39	1240
1405.51	1238
1403.63	1218
1401.75	1241.67
1399.86	1241.67
1397.98	1223
1396.09	1264
1394.21	1236.33
1392.32	1242.33
1390.44	1213.67
1388.55	1219.67
1386.66	1237.67
1384.77	1251.67
1382.88	1221.67
1380.99	1227.33
1379.1	1227.33
1377.21	1211
1375.31	1242.67
1373.42	1203.33
1371.53	1231.33
1369.63	1222.67
1367.74	1216.33
1365.84	1237.67
1363.94	1246.67
1362.05	1247.67
1360.15	1237.67
1358.25	1238.33
1356.35	1255.67
1354.45	1251.67
1352.55	1279.33
1350.64	1282
1348.74	1247
1346.84	1270.67
1344.93	1274
1343.03	1266
1341.12	1282
1339.22	1264.33
1337.31	1275.67
1335.4	1281.33
1333.49	1296
1331.58	1279.33
1329.67	1273
1327.76	1308
1325.85	1283
1323.94	1309
1322.03	1301.33
1320.11	1294.67
1318.2	1314.67
1316.28	1311.67
1314.37	1308
1312.45	1308.67
1310.53	1319
1308.62	1320.33
1306.7	1338.67
1304.78	1349.33
1302.86	1350.67
1300.94	1340.33
1299.01	1346.67
1297.09	1337.67
1295.17	1351.67
1293.24	1324
1291.32	1345.67
1289.39	1355.67
1287.47	1349
1285.54	1358.67
1283.61	1374.33
1281.68	1392.67
1279.76	1362.67
1277.83	1373
1275.9	1369
1273.96	1389
1272.03	1401.33
1270.1	1382.67
1268.17	1370.67
1266.23	1365.67
1264.3	1360
1262.36	1373
1260.42	1369.67
1258.49	1382.33
1256.55	1377.33
1254.61	1347
1252.67	1363.33
1250.73	1340.67
1248.79	1328
1246.85	1338.67
1244.91	1357
1242.96	1336.33
1241.02	1345.33
1239.07	1339
1237.13	1336
1235.18	1320
1233.24	1320.33
1231.29	1301
1229.34	1303
1227.39	1287.67
1225.44	1292.33
1223.49	1289.67
1221.54	1264.67
1219.59	1264.33
1217.63	1257.33
1215.68	1241
1213.73	1245
1211.77	1244
1209.81	1256.33
1207.86	1242
1205.9	1241.67
1203.94	1212.67
1201.98	1237
1200.02	1218.33
1198.06	1225.33
1196.1	1215.33
1194.14	1215
1192.18	1216
1190.21	1209.33
1188.25	1207
1186.29	1205
1184.32	1202
1182.35	1205.33
1180.39	1191.33
1178.42	1185
1176.45	1192
1174.48	1211
1172.51	1217.67
1170.54	1198.67
1168.57	1194.67
1166.6	1199.33
1164.62	1230.33
1162.65	1212.33
1160.67	1207.67
1158.7	1199.67
1156.72	1186
1154.74	1192.67
1152.77	1208.33
1150.79	1219.33
1148.81	1213.33
1146.83	1222
1144.85	1208
1142.87	1203.67
1140.88	1212.67
1138.9	1205
1136.92	1205
1134.93	1209.67
1132.95	1205.33
1130.96	1216.33
1128.97	1229.33
1126.99	1200
1125	1228.33
1123.01	1236.33
1121.02	1210.33
1119.03	1203
1117.04	1216.33
1115.04	1215.33
1113.05	1235
1111.06	1221
1109.06	1236
1107.07	1242.67
1105.07	1220.67
1103.08	1221
1101.08	1252
1099.08	1223
1097.08	1237.33
1095.08	1239
1093.08	1247.33
1091.08	1259.67
1089.08	1248.33
1087.07	1250
1085.07	1265
1083.06	1264
1081.06	1261.33
1079.05	1265.67
1077.05	1253
1075.04	1262.67
1073.03	1249.33
1071.02	1265.67
1069.01	1264
1067	1267.33
1064.99	1280.67
1062.98	1265.67
1060.96	1261.67
1058.95	1253.67
1056.93	1252
1054.92	1262.33
1052.9	1279.67
1050.89	1272.33
1048.87	1279
1046.85	1273
1044.83	1280.67
1042.81	1262.67
1040.79	1259.33
1038.77	1275
1036.75	1282
1034.72	1278
1032.7	1275.67
1030.67	1276
1028.65	1287
1026.62	1261.33
1024.59	1269.33
1022.57	1260.67
1020.54	1275.67
1018.51	1264.33
1016.48	1279.67
1014.45	1286.33
1012.42	1285.67
1010.38	1311.33
1008.35	1285.33
1006.32	1296.33
1004.28	1296
1002.24	1287.33
1000.21	1318.33
998.171	1305
996.133	1319.67
994.094	1312.33
992.054	1289.33
990.013	1302
987.972	1317.33
985.93	1304.67
983.888	1313.67
981.843	1320.33
979.799	1350
977.754	1342.33
975.708	1355
973.661	1333.67
971.614	1336.33
969.565	1352.67
967.516	1337.33
965.466	1372.33
963.415	1387
961.364	1373.33
959.312	1374
957.258	1352
955.204	1396
953.15	1376.33
951.094	1386.33
949.038	1362.67
946.98	1380.33
944.923	1377
942.864	1395.67
940.804	1398
938.744	1395.67
936.683	1413
934.621	1405.33
932.558	1408
930.495	1371.33
928.43	1404.33
926.365	1391.33
924.299	1410.33
922.233	1400.33
920.165	1406.67
918.096	1394.33
916.028	1398.67
913.957	1406.33
911.887	1395
909.815	1416.67
907.743	1391
905.669	1401.67
903.595	1412
901.521	1400.67
899.445	1407.33
897.369	1403.67
895.292	1389.67
893.214	1393.33
891.135	1390
889.055	1400.67
886.975	1395.67
884.894	1419.67
882.812	1414.33
880.729	1397.33
878.646	1433.67
876.561	1420.67
874.475	1436.67
872.389	1429.33
870.303	1456.33
868.215	1414.33
866.126	1436.67
864.037	1465.33
861.947	1437.33
859.856	1441.33
857.764	1452.67
855.671	1446.33
853.578	1455
851.484	1443.67
849.389	1442.33
847.293	1441.33
845.196	1457.67
843.099	1450.33
841	1455
838.901	1455.67
836.801	1437.67
834.701	1468.33
832.599	1452
830.496	1482.33
828.393	1460
826.29	1459
824.184	1446.33
822.079	1431.67
819.972	1454
817.865	1452.33
815.757	1433.67
813.648	1447.33
811.538	1440
809.428	1431.67
807.316	1425
805.204	1439
803.091	1428
800.977	1433.67
798.863	1436.67
796.747	1433.33
794.631	1456.33
792.513	1442.67
790.395	1432
788.276	1438
786.157	1457
784.036	1432
781.915	1421
779.793	1410.33
777.669	1436.67
775.546	1449.67
773.421	1454.33
771.296	1435.33
769.169	1468
767.042	1473.33
764.915	1454.33
762.786	1462.67
760.656	1470.33
758.526	1490.33
756.394	1478.33
754.262	1490
752.129	1471.67
749.995	1500
747.861	1501.33
745.725	1481.33
743.588	1503.33
741.452	1491.67
739.314	1499.67
737.175	1508
735.035	1509
732.895	1498.67
730.753	1505.33
728.611	1513.33
726.469	1511.33
724.324	1500
722.18	1491.67
720.034	1517
717.888	1521.67
715.741	1505.33
713.593	1516.33
711.444	1495.33
709.294	1525.67
707.144	1502.33
704.992	1498.67
702.84	1501.67
700.687	1488.67
698.533	1483.67
696.378	1477.33
694.222	1471.67
692.066	1481.67
689.909	1474
687.751	1499.33
685.592	1486.33
683.432	1482.67
681.271	1465.67
679.109	1452
676.947	1483.33
674.784	1477.67
672.62	1475
670.455	1477
668.289	1503.67
666.122	1480.67
663.955	1496.33
661.787	1517.67
659.618	1512
657.448	1517.33
655.277	1491.33
653.104	1510.33
650.932	1523
648.759	1487.67
646.584	1528.33
644.409	1521.33
642.233	1526.67
640.056	1539.67
637.879	1528.67
635.7	1548
633.52	1555.67
631.34	1542.33
629.159	1561.33
626.977	1544.67
624.794	1551.67
622.61	1537.67
620.426	1565.33
618.24	1566.33
616.054	1563.33
613.867	1532
611.679	1542.67
609.49	1558.33
607.301	1544.33
605.11	1569
602.919	1543
600.726	1538.33
598.532	1551.33
596.339	1543.67
594.144	1538.33
591.948	1548.67
589.751	1537.33
587.554	1554
585.355	1560
583.156	1555
580.956	1558
578.755	1552.33
576.553	1567.33
574.35	1564.33
572.147	1558
569.943	1560
567.737	1558.33
565.531	1545.33
563.323	1549
561.116	1575
558.907	1573.67
556.698	1567.67
554.487	1574
552.275	1562
550.063	1565.67
547.85	1579.33
545.636	1577.33
543.421	1559.33
541.206	1561
538.988	1580.33
536.771	1582
534.553	1589.67
532.333	1588.67
530.113	1603.67
527.892	1590.33
525.67	1588.33
523.447	1601
521.224	1612
518.999	1616.67
516.774	1635.33
514.548	1619
512.321	1616.67
510.093	1605.67
507.863	1606.67
505.634	1615.67
503.403	1630.33
501.172	1614.67
498.939	1602.67
496.705	1590
494.472	1601.67
492.237	1592.33
490.001	1607
487.764	1580
485.526	1598
483.287	1601.67
481.047	1593.67
478.807	1594
476.565	1603.67
474.324	1586
472.08	1603
469.837	1589.67
467.591	1621.67
465.346	1614.33
463.099	1612
460.852	1631.67
458.604	1621.67
456.354	1617.67
454.103	1642
451.852	1648
449.601	1645
447.348	1671
445.094	1633
442.84	1657.67
440.584	1647.67
438.327	1655.67
436.07	1691.67
433.812	1646.67
431.553	1667.67
429.293	1685.33
427.032	1718
424.77	1689.67
422.507	1699.67
420.244	1711.33
417.979	1725.67
415.714	1746
413.448	1720.33
411.18	1722
408.912	1714.67
406.643	1720.33
404.373	1713.67
402.102	1732.33
399.83	1723.33
397.558	1733
395.285	1715
393.01	1715.33
390.734	1719.33
388.458	1717.33
386.181	1734
383.903	1747
381.624	1722
379.345	1727.67
377.064	1739.33
374.782	1742.67
372.5	1760.33
370.216	1744
367.932	1771.33
365.646	1740.33
363.36	1761
361.073	1749.67
358.785	1758
356.496	1784.67
354.207	1785
351.915	1788.33
349.624	1779.67
347.331	1779.33
345.038	1825.33
342.743	1790.67
340.448	1797.67
338.152	1804.33
335.855	1806.67
333.556	1821
331.257	1811.33
328.958	1820.33
326.657	1830.33
324.355	1840
322.053	1845.33
319.749	1836.67
317.444	1849.33
315.139	1856.67
312.833	1865
310.526	1890.33
308.217	1884.33
305.908	1909.67
303.599	1904
301.288	1931.67
298.976	1919
296.663	1940.33
294.349	1967
292.035	1951.67
289.719	1966.33
287.403	1991
285.085	1990.67
282.767	2006.67
280.448	2036.33
278.128	2036.33
275.807	2053.33
273.485	2076
271.161	2059
268.837	2084.33
266.513	2080.67
264.187	2092
261.861	2140.33
259.533	2137
257.205	2146.33
254.875	2166
252.544	2169
250.213	2180.67
247.881	2229.33
245.548	2225.67
243.214	2267.33
240.879	2278
238.543	2288.67
236.206	2344
233.869	2382.33
231.53	2390.33
229.19	2417.33
226.849	2435
224.508	2472
222.165	2465.67
219.822	2474.67
217.478	2543
215.132	2560.67
212.785	2569
210.439	2580
208.091	2666.33
205.741	2634.33
203.391	2647.67
201.04	2738
198.688	2795
196.336	2807.33
193.982	2827.33
191.627	2836
189.271	2900.67
186.915	2967.67
184.557	2915.33
182.199	2976.33
179.84	2964.33
177.478	3010.67
175.117	3059.33
172.755	3058.33
170.392	3096.33
168.028	3144.33
165.662	3145
163.297	3194.33
160.929	3240.33
158.561	3315
156.193	3332.33
153.823	3379.33
151.452	3379.67
149.08	3437.67
146.707	3448
144.334	3441.67
141.959	3488
139.584	3555
137.207	3557.33
134.829	3581.67
132.451	3674
130.071	3765
127.692	3840
125.31	3902
122.927	3946.33
120.545	4036.67
118.16	4115
115.775	4194.33
113.388	4274.67
111.001	4386
108.613	4528.67
106.224	4659.33
103.834	4776.67
101.444	4925.67
99.052	5131.33
96.6594	5261.33
94.2649	5482
91.8705	5714
89.4743	6013.67
87.0781	6293.67
84.68	6603
82.282	6990.33
79.882	7417
77.4812	7943.67
75.0805	8675.67
72.6778	9590
70.2743	10933.3
67.8698	12804
65.4644	14618.3
63.0582	16238.7
60.651	17581.3
58.2419	18941
55.8328	20319.7
53.4229	21922
51.011	23475.3
48.5993	25306.3
46.1856	27444
43.772	29911.3
41.3565	33071.7
38.941	36634.7
36.5237	41199
34.1054	47115.7
31.6862	53887.7
29.2661	62278.7
26.8451	64524
24.4231	64524
22.0002	64524
19.5764	64524
17.1517	64524
14.7261	64524
12.2995	64524
9.87099	64524
7.44256	64524
5.01321	64524
2.58195	64524
0.14975	64524
-2.28238	64524
-4.71644	64524
-7.15142	64524
-9.58634	64524
-12.0232	64524
-14.461	64524
-16.8997	64524
-19.3393	64524
-21.7799	64524
-24.2214	64524
-26.6638	64524
-29.1072	64524
-31.5525	64524
-33.9977	64524
-36.4439	64524
-38.892	42471
-41.3401	33504.7
-43.7901	27974.3
-46.24	24064.3
-48.6919	20862.3
-51.1447	18113.7
-53.5974	15815.3
-56.0521	13870.3
-58.5078	12159.7
-60.9643	10691.3
-63.4218	9452.33
-65.8803	8339.33
-68.3397	7364.67
-70.8	6494.33
-73.2613	5724
-75.7236	5078.33
-78.1878	4520.67
-80.6519	4025.67
-83.117	3560.67
-85.584	3206.33
-88.051	2870.67
-90.5199	2602.67
-92.9888	2323.67
-95.4596	2143
-97.9314	1954
-100.403	1775.33
-102.877	1601
-105.351	1448.67
-107.827	1289.67
-110.304	1154
-112.781	1008.67
-115.26	924.667
-117.739	842.667
-120.219	791
-122.701	726.667
-125.184	677.333
-127.667	600.667
-130.151	560.333
-132.637	499.667
-135.124	447
-137.612	401.667
-140.1	401.667
-142.59	365.667
-145.08	340.667
-147.572	322
-150.065	312.333
-152.558	267.333
-155.052	254.333
-157.548	258
-160.045	232.667
-162.542	237.667
-165.041	235
-167.541	205.333
-170.041	205.667
-172.544	202.667
-175.047	193.667
-177.55	181.333
-180.056	196.667
-182.561	170.333
-185.068	167.667
-187.576	171.667
-190.084	165
-192.595	164
-195.105	160.667
-197.617	156
-200.131	163
-202.645	153
-205.159	149.333
-207.676	153.333
-210.193	152.333
-212.711	146.333
-215.23	145.333
-217.75	155.333
-220.271	151.667
-222.794	143.333
-225.318	147.333
-227.842	135
-230.367	136.333
-232.893	124.333
-235.421	126.667
-237.949	129.333
-240.479	121
-243.009	124.333
-245.541	113.333
-248.073	126.333
-250.607	131
-253.142	115.667
-255.677	125.667
-258.214	113
-260.752	118.667
-263.291	122.333
-265.83	111.333
-268.371	111.667
-270.913	103.333
-273.456	107.667
-276	113.333
-278.545	115.333
-281.091	105.333
-283.639	106
-286.187	106.333
-288.735	101
-291.286	99.6667
-293.837	98.3333
-296.389	90
-298.943	101
-301.497	96.6667
-304.053	97.3333
-306.61	84.6667
-309.166	95.6667
-311.725	97.3333
-314.285	88
-316.846	90.3333
-319.408	92
-321.97	94.3333
-324.534	93
-327.099	88.3333
-329.665	75
-332.232	87.6667
-334.801	85.3333
-337.37	81
-339.94	82.6667
-342.511	83
-345.083	85
-347.657	73
-350.231	73.3333
-352.807	79
-355.383	74
-357.96	81
-360.539	74
-363.119	74.3333
-365.699	85.6667
-368.281	67.3333
-370.864	88.6667
-373.448	70.6667
-376.033	82
-378.619	69.6667
-381.206	65.3333
-383.794	63
-386.384	78.6667
-388.974	72
-391.565	72.3333
-394.158	72
-396.751	78.3333
-399.346	63
-401.941	70.6667
-404.537	74.3333
-407.136	64.3333
-409.735	70
-412.334	67
-414.936	68.3333
-417.537	69.6667
-420.141	74.3333
-422.745	65.3333
-425.35	72.6667
-427.956	69.6667
-430.564	63
-433.173	69.3333
-435.781	71.6667
-438.392	64
-441.004	64.3333
-443.617	60.3333
-446.231	69.3333
-448.846	56.6667
-451.461	58.6667
-454.078	59.6667
-456.698	57.3333
-459.317	63.3333
-461.937	62.6667
-464.558	60.6667
-467.181	68.6667
-469.804	66
-472.428	60.6667
-475.055	63
-477.681	56.6667
-480.309	57
-482.939	63.6667
-485.568	60
-488.2	62.3333
-490.832	56.6667
-493.465	54
-496.099	53.6667
-498.735	63
-501.372	63.3333
-504.009	57.3333
-506.648	59
-509.288	64.3333
-511.929	66.3333
-514.572	62
-517.215	59.3333
-519.858	55.6667
-522.504	66
-525.15	66.6667
-527.797	64.6667
-530.447	62
-533.097	54.3333
-535.747	60
-538.399	63
-541.052	54
-543.706	54.6667
-546.362	61.3333
-549.018	49.6667
-551.675	60.6667
-554.334	57.3333
-556.993	59.6667
-559.654	65.3333
-562.316	57.6667
-564.979	62
-567.642	61
-570.308	53
-572.975	61.6667
-575.641	59.6667
-578.31	58.6667
-580.98	58.6667
-583.65	50
-586.322	53.6667
-588.995	52.6667
-591.669	61.6667
-594.344	62.6667
-597.02	70.3333
-599.698	63
-602.376	66
-605.056	60.3333
-607.736	56.3333
-610.418	56
-613.1	58.6667
-615.784	59.3333
-618.47	60
-621.156	59.6667
-623.843	65.6667
-626.531	65
-629.222	54.6667
-631.912	55
-634.603	55.3333
-637.297	58.3333
-639.99	59
-642.686	60.3333
-645.382	65.6667
-648.08	58
-650.779	66.3333
-653.477	58.3333
-656.179	58.3333
-658.881	64
-661.583	54.6667
-664.287	55.3333
-666.993	58.6667
-669.7	61.3333
-672.407	59
-675.115	59
-677.825	54.6667
-680.536	61.6667
-683.248	60.3333
-685.961	65
-688.675	60.3333
-691.391	64.6667
-694.108	59
-696.826	63.6667
-699.544	64.6667
-702.264	60.3333
-704.985	63.3333
-707.708	59.6667
-710.431	46.6667
-713.155	66
-715.88	62.3333
-718.608	55.6667
-721.335	53
-724.065	65
-726.795	57.3333
-729.527	52.6667
-732.258	58.3333
-734.993	62.3333
-737.727	60
-740.463	58
-743.2	61.3333
-745.938	59.6667
-748.678	62.6667
-751.418	60.3333
-754.159	60.6667
-756.902	58.6667
-759.646	58
-762.391	55.3333
-765.138	63
-767.885	59
-770.633	60.3333
-773.382	65.3333
-776.133	57.3333
-778.885	63.6667
-781.638	64.3333
-784.393	59.3333
-787.149	63.6667
-789.905	60.3333
-792.663	66.6667
-795.421	61
-798.181	56
-800.942	60.3333
-803.705	65
-806.469	53.6667
-809.233	67.3333
-811.999	51
-814.766	57.6667
-817.534	45.3333
-820.304	61.6667
-823.073	54.6667
-825.846	59.6667
-828.618	59
-831.392	57
-834.167	65
-836.944	61
-839.72	58
-842.499	57.6667
-845.279	56
-848.06	64
-850.842	60.6667
-853.626	54.6667
-856.41	60
-859.195	62.3333
-861.982	64.3333
-864.77	58.6667
-867.559	58.3333
-870.35	54.3333
-873.141	56
-875.934	59.3333
-878.728	62
-881.522	54
-884.318	62.3333
-887.116	65.6667
-889.915	48
-892.714	62.3333
-895.515	60.6667
-898.317	58
-901.12	61
-903.924	60.6667
-906.729	69
-909.537	55.3333
-912.345	66.3333
-915.153	63.3333
-917.963	56.6667
-920.776	65.6667
-923.588	60.3333
-926.401	65.3333
-929.217	60
-932.033	62
-934.851	58.6667
-937.669	69.6667
-940.488	61.6667
-943.31	56.6667
-946.131	63
-948.955	61
-951.78	62
-954.605	65.3333
-957.432	66.3333
-960.26	62
-963.09	62.6667
-965.92	60.6667
-968.751	61.6667
-971.584	60.3333
-974.419	58.3333
-977.254	67
-980.09	64
-982.928	59.3333
-985.767	71
-988.607	68
-991.448	57.6667
-994.291	65
-997.135	63.3333
-999.979	72.3333
-1002.82	62.3333
-1005.67	66
-1008.52	68
-1011.37	66
-1014.22	57.3333
-1017.07	63
-1019.93	65.3333
-1022.78	70.6667
-1025.64	63.3333
-1028.49	68.3333
-1031.35	58.3333
-1034.21	76.3333
-1037.07	64.3333
-1039.93	64
-1042.8	65.6667
-1045.66	62.3333
-1048.53	72.6667
-1051.39	64.6667
-1054.26	70.3333
-1057.13	69.3333
-1060	65.3333
-1062.87	61.3333
-1065.74	78.6667
-1068.62	76.6667
-1071.49	65.6667
-1074.37	69.6667
-1077.25	70
-1080.12	76.3333
-1083.01	66
-1085.89	73.3333
-1088.77	65.6667
-1091.65	70.3333
-1094.54	70.3333
-1097.42	73
-1100.31	62.6667
-1103.2	70.3333
-1106.09	74.6667
-1108.98	74
-1111.87	74.6667
-1114.77	74.3333
-1117.66	76.6667
-1120.56	78.6667
-1123.45	80.6667
-1126.35	70.3333
-1129.25	82
-1132.15	76.6667
-1135.05	87
-1137.96	80.3333
-1140.86	70.6667
-1143.77	82.6667
-1146.67	82.3333
-1149.58	82
-1152.49	80.6667
-1155.4	91
-1158.32	94.3333
-1161.23	96
-1164.14	87
-1167.06	99.3333
-1169.98	106.333
-1172.89	114.667
-1175.81	136.333
-1178.73	169
-1181.66	179.333
-1184.58	201.333
-1187.5	228.333
-1190.43	243.667
-1193.35	256.667
-1196.28	273.333
-1199.21	290
-1202.14	323.667
-1205.08	340.667
-1208.01	372.333
-1210.94	398
-1213.88	438
-1216.82	456
-1219.75	518.667
-1222.69	552.333
-1225.63	598.667
-1228.58	639.333
-1231.52	682.333
-1234.46	748.333
-1237.41	820.333
-1240.35	912.333
-1243.3	1045.33
-1246.25	1411.33
-1249.2	1669.67
-1252.16	1890
-1255.11	1925
-1258.06	1802
-1261.02	1748.33
-1263.97	1587.67
-1266.93	1401.67
-1269.89	1246
-1272.85	1014.33
-1275.82	711.667
-1278.78	438.667
-1281.74	253
-1284.71	176
-1287.68	173.667
-1290.65	145.333
-1293.62	144.667
-1296.59	146.667
-1299.56	132.333
-1302.53	121
-1305.51	115.333
-1308.48	111
-1311.46	117
-1314.44	110
-1317.42	99.3333
-1320.4	107
-1323.38	99.6667
-1326.37	103.667
-1329.35	92
-1332.34	102.333
-1335.32	91.6667
-1338.31	102.667
-1341.3	96
-1344.29	86
-1347.29	96
-1350.28	81.6667
-1353.28	88.3333
-1356.27	85
-1359.27	80.6667
-1362.27	89
-1365.27	75
-1368.27	76.3333
-1371.27	74
-1374.28	65.3333
-1377.28	78.6667
-1380.29	68
-1383.3	69
-1386.31	58
-1389.32	53
-1392.33	55
