1550.12	-0.000303252
1548.3	-0.000153366
1546.47	-4.19248e-005
1544.64	5.6258e-005
1542.81	0.000140201
1540.98	0.000212967
1539.15	0.000272023
1537.32	0.000313362
1535.49	0.000334608
1533.65	0.000375074
1531.82	0.000363551
1529.99	0.00035689
1528.15	0.000345078
1526.32	0.000330797
1524.48	0.000273349
1522.64	0.00026134
1520.81	0.000208735
1518.97	0.000164172
1517.13	9.50253e-005
1515.29	0.000109368
1513.45	6.12906e-005
1511.61	2.50734e-005
1509.77	-3.85239e-006
1507.92	2.60542e-005
1506.08	-1.40228e-005
1504.24	-4.26991e-005
1502.39	-3.02026e-005
1500.55	-5.33967e-005
1498.7	-8.51761e-005
1496.86	-9.20016e-005
1495.01	-0.000130973
1493.16	-0.000105877
1491.31	-0.000146624
1489.46	-0.000137523
1487.61	-0.000132317
1485.76	-0.000148118
1483.91	-0.000108149
1482.06	-0.000111021
1480.21	-6.72841e-005
1478.35	-7.84458e-006
1476.5	1.19108e-005
1474.64	9.35027e-005
1472.79	0.000227177
1470.93	0.000310675
1469.07	0.000436992
1467.22	0.000507539
1465.36	0.000605739
1463.5	0.000656035
1461.64	0.000725769
1459.78	0.000760716
1457.92	0.000809884
1456.05	0.000764054
1454.19	0.000765057
1452.33	0.000719672
1450.46	0.000670981
1448.6	0.000644332
1446.73	0.000599033
1444.87	0.000586572
1443	0.000570334
1441.13	0.000523378
1439.26	0.000505163
1437.39	0.000483494
1435.52	0.000438902
1433.65	0.000424461
1431.78	0.000401554
1429.91	0.000412879
1428.04	0.000366288
1426.17	0.000322419
1424.29	0.000278607
1422.42	0.00024787
1420.54	0.000276544
1418.66	0.00026597
1416.79	0.000223121
1414.91	0.000204764
1413.03	0.000181742
1411.15	0.000161497
1409.27	0.000150329
1407.39	0.000123188
1405.51	0.000144261
1403.63	5.61283e-005
1401.75	8.46572e-005
1399.86	0.000115018
1397.98	8.16673e-005
1396.09	3.92097e-005
1394.21	7.0373e-006
1392.32	-3.33034e-006
1390.44	-3.48195e-005
1388.55	-0.000124269
1386.66	-0.000130971
1384.77	-0.000219914
1382.88	-0.000244207
1380.99	-0.000279691
1379.1	-0.000285304
1377.21	-0.000275663
1375.31	-0.000288212
1373.42	-0.000248091
1371.53	-0.00020251
1369.63	-0.000181756
1367.74	-0.000115135
1365.84	-9.21213e-005
1363.94	-1.09331e-005
1362.05	8.5737e-005
1360.15	0.000141432
1358.25	0.000211883
1356.35	0.000273095
1354.45	0.000333355
1352.55	0.000415439
1350.64	0.000423636
1348.74	0.000489141
1346.84	0.000509525
1344.93	0.000494121
1343.03	0.00048038
1341.12	0.000458135
1339.22	0.00043231
1337.31	0.000400256
1335.4	0.000338798
1333.49	0.00035459
1331.58	0.000303196
1329.67	0.000271826
1327.76	0.000245155
1325.85	0.000272168
1323.94	0.000256048
1322.03	0.000255503
1320.11	0.000270176
1318.2	0.000264967
1316.28	0.000271617
1314.37	0.000242342
1312.45	0.000228354
1310.53	0.000207257
1308.62	0.000204406
1306.7	0.000173227
1304.78	0.000172351
1302.86	0.00014161
1300.94	0.000138287
1299.01	0.000123816
1297.09	0.000160371
1295.17	0.000157818
1293.24	0.000173398
1291.32	0.000162916
1289.39	0.000165092
1287.47	0.000118852
1285.54	0.000125198
1283.61	0.000116504
1281.68	9.42451e-005
1279.76	5.62117e-005
1277.83	8.61921e-005
1275.9	6.1946e-005
1273.96	-9.07978e-006
1272.03	-3.22032e-005
1270.1	-3.84665e-005
1268.17	-8.14057e-005
1266.23	-0.000116803
1264.3	-0.000161105
1262.36	-0.000193031
1260.42	-0.000245157
1258.49	-0.000241807
1256.55	-0.000202469
1254.61	-0.0001978
1252.67	-0.000184455
1250.73	-0.00014747
1248.79	-0.000116006
1246.85	-8.03162e-005
1244.91	-3.07241e-005
1242.96	-8.37604e-006
1241.02	2.11242e-005
1239.07	8.05369e-006
1237.13	2.49639e-005
1235.18	4.67338e-005
1233.24	3.25937e-005
1231.29	1.24846e-005
1229.34	-8.03605e-006
1227.39	-4.46975e-005
1225.44	-6.50085e-005
1223.49	-7.38847e-005
1221.54	-4.6964e-005
1219.59	-3.88897e-005
1217.63	-7.17827e-005
1215.68	-5.9688e-005
1213.73	-4.93115e-005
1211.77	-3.10242e-005
1209.81	1.85578e-006
1207.86	5.30093e-005
1205.9	1.21229e-005
1203.94	-2.81587e-005
1201.98	1.81298e-005
1200.02	2.53772e-005
1198.06	8.38219e-006
1196.1	4.08074e-005
1194.14	4.03348e-005
1192.18	5.43469e-005
1190.21	4.83812e-005
1188.25	0.000107005
1186.29	0.000129129
1184.32	9.85315e-005
1182.35	0.000107638
1180.39	0.000117432
1178.42	0.000102019
1176.45	0.000120848
1174.48	0.000134154
1172.51	9.66734e-005
1170.54	4.83447e-005
1168.57	4.55767e-005
1166.6	2.77053e-005
1164.62	3.3206e-005
1162.65	3.46989e-005
1160.67	3.362e-005
1158.7	1.94443e-005
1156.72	-1.05505e-005
1154.74	-3.38779e-005
1152.77	3.5483e-006
1150.79	-1.64686e-005
1148.81	1.25692e-005
1146.83	1.09984e-005
1144.85	-1.30057e-005
1142.87	-2.3974e-005
1140.88	-2.82819e-005
1138.9	-6.37394e-005
1136.92	-4.5091e-005
1134.93	-0.000100306
1132.95	-7.75292e-005
1130.96	-0.000121906
1128.97	-0.000133923
1126.99	-0.000124051
1125	-0.000169683
1123.01	-0.000209138
1121.02	-0.000166098
1119.03	-0.000165418
1117.04	-0.000140457
1115.04	-0.00013051
1113.05	-9.72909e-005
1111.06	-5.27345e-005
1109.06	-1.28212e-005
1107.07	4.69373e-005
1105.07	0.000126948
1103.08	0.000132283
1101.08	0.000156673
1099.08	0.00019648
1097.08	0.000208489
1095.08	0.000207492
1093.08	0.000191789
1091.08	0.000173215
1089.08	0.000172599
1087.07	0.000160206
1085.07	0.000105747
1083.06	9.24611e-005
1081.06	4.92368e-005
1079.05	1.41984e-005
1077.05	1.24038e-005
1075.04	-1.52086e-005
1073.03	-3.7215e-005
1071.02	-3.85861e-005
1069.01	-4.27991e-005
1067	-1.26353e-005
1064.99	-1.7975e-005
1062.98	-2.11809e-005
1060.96	-3.40368e-005
1058.95	-1.02971e-006
1056.93	1.94788e-005
1054.92	3.51544e-005
1052.9	5.19785e-005
1050.89	0.000142727
