1550.12	-0.000234878
1548.3	-0.000170971
1546.47	-7.37774e-005
1544.64	2.34905e-005
1542.81	0.000139166
1540.98	0.000208738
1539.15	0.000276365
1537.32	0.000335083
1535.49	0.000381269
1533.65	0.00042165
1531.82	0.00038553
1529.99	0.000366031
1528.15	0.000325226
1526.32	0.000284747
1524.48	0.00027138
1522.64	0.000230432
1520.81	0.000213519
1518.97	0.000171419
1517.13	0.000136637
1515.29	0.000151861
1513.45	0.000161641
1511.61	0.000153947
1509.77	0.000123887
1507.92	5.5018e-005
1506.08	3.64126e-005
1504.24	-2.50348e-006
1502.39	-2.33974e-006
1500.55	-5.95876e-005
1498.7	-0.000116366
1496.86	-0.000131863
1495.01	-0.000108602
1493.16	-0.000148943
1491.31	-0.000124908
1489.46	-0.000166651
1487.61	-0.00016812
1485.76	-0.000216689
1483.91	-0.000166561
1482.06	-0.000130182
1480.21	-9.38467e-005
1478.35	-9.50515e-005
1476.5	-3.34313e-005
1474.64	1.91289e-005
1472.79	0.000150929
1470.93	0.000223245
1469.07	0.000343739
1467.22	0.000433215
1465.36	0.000493041
1463.5	0.000549821
1461.64	0.000600236
1459.78	0.000663754
1457.92	0.000699382
1456.05	0.000692699
1454.19	0.000727505
1452.33	0.000700885
1450.46	0.000680187
1448.6	0.000681489
1446.73	0.000668446
1444.87	0.00063362
1443	0.000586142
1441.13	0.000568774
1439.26	0.000526779
1437.39	0.000443667
1435.52	0.000403562
1433.65	0.000372927
1431.78	0.000354422
1429.91	0.000308013
1428.04	0.000328395
1426.17	0.000312988
1424.29	0.000261043
1422.42	0.000228252
1420.54	0.000235766
1418.66	0.000249657
1416.79	0.000262395
1414.91	0.000245237
1413.03	0.00022002
1411.15	0.000182199
1409.27	0.000186168
1407.39	0.000183354
1405.51	0.000188368
1403.63	0.000142051
1401.75	7.91682e-005
1399.86	3.01305e-005
1397.98	1.09921e-006
1396.09	-4.99969e-005
1394.21	-7.02985e-005
1392.32	-8.51039e-005
1390.44	-8.27543e-005
1388.55	-0.000142259
1386.66	-0.000143014
1384.77	-0.000155452
1382.88	-0.000179308
1380.99	-0.0001968
1379.1	-0.000181947
1377.21	-0.000196715
1375.31	-0.000238699
1373.42	-0.000264144
1371.53	-0.000189313
1369.63	-0.000126723
1367.74	-3.43075e-005
1365.84	1.61318e-005
1363.94	7.44762e-005
1362.05	0.000151646
1360.15	0.000243499
1358.25	0.000294789
1356.35	0.000382955
1354.45	0.000420855
1352.55	0.00044677
1350.64	0.000445658
1348.74	0.000480127
1346.84	0.000487929
1344.93	0.000458469
1343.03	0.000429289
1341.12	0.000454522
1339.22	0.000435305
1337.31	0.000431826
1335.4	0.000448185
1333.49	0.000451964
1331.58	0.000457506
1329.67	0.000464166
1327.76	0.000489735
1325.85	0.000477775
1323.94	0.000471734
1322.03	0.000474044
1320.11	0.000484333
1318.2	0.000443168
1316.28	0.000410759
1314.37	0.000399051
1312.45	0.000389985
1310.53	0.000389034
1308.62	0.000356938
1306.7	0.000325797
1304.78	0.000292254
1302.86	0.000225179
1300.94	0.000208382
1299.01	0.000220694
1297.09	0.000202639
1295.17	0.000161121
1293.24	0.000143278
1291.32	0.000154673
1289.39	0.000135141
1287.47	0.000126388
1285.54	0.000150662
1283.61	0.000154977
1281.68	0.000115104
1279.76	7.58523e-005
1277.83	6.46201e-005
1275.9	1.94888e-005
1273.96	-1.81324e-005
1272.03	-1.6097e-005
1270.1	-3.62406e-005
1268.17	-6.42512e-005
1266.23	-9.18733e-005
1264.3	-9.54818e-005
1262.36	-8.80685e-005
1260.42	-9.35299e-005
1258.49	-9.17224e-005
1256.55	-0.000101771
1254.61	-0.000114465
1252.67	-0.000101414
1250.73	-0.000149419
1248.79	-0.00012796
1246.85	-0.000134743
1244.91	-0.000101454
1242.96	-7.2118e-005
1241.02	-2.04772e-005
1239.07	-2.18399e-006
1237.13	-5.71102e-006
1235.18	-5.43275e-006
1233.24	5.34089e-005
1231.29	6.2633e-005
1229.34	6.88466e-005
1227.39	1.04252e-005
1225.44	-2.68164e-005
1223.49	-5.18773e-005
1221.54	-5.50753e-005
1219.59	-2.21515e-005
1217.63	-3.10754e-005
1215.68	-1.35394e-005
1213.73	-5.02323e-005
1211.77	-4.92017e-005
1209.81	-3.67241e-006
1207.86	-1.17072e-006
1205.9	-2.43894e-005
1203.94	1.54379e-006
1201.98	6.81094e-006
1200.02	3.14144e-005
1198.06	1.88428e-005
1196.1	4.94272e-005
1194.14	3.8666e-005
1192.18	3.90897e-005
1190.21	8.86776e-005
1188.25	0.00013467
1186.29	0.000115828
1184.32	0.000138708
1182.35	0.000159875
1180.39	0.000164921
1178.42	0.000184504
1176.45	0.000215563
1174.48	0.000205303
1172.51	0.000198805
1170.54	0.000191893
1168.57	0.000182879
1166.6	0.000160611
1164.62	0.000131262
1162.65	0.000115988
1160.67	7.05571e-005
1158.7	7.3586e-005
1156.72	6.82674e-005
1154.74	6.06747e-005
1152.77	5.86098e-005
1150.79	6.41431e-005
1148.81	3.85039e-005
1146.83	1.3147e-005
1144.85	1.29525e-005
1142.87	-4.83503e-006
1140.88	-4.54036e-005
1138.9	-7.90309e-005
1136.92	-0.000110885
1134.93	-0.000156035
1132.95	-0.000153614
1130.96	-0.000123502
1128.97	-0.0001422
1126.99	-0.000149985
1125	-0.000136192
1123.01	-0.000142507
1121.02	-0.000130645
1119.03	-0.000146708
1117.04	-0.000145217
1115.04	-0.000144589
1113.05	-0.000154348
1111.06	-8.78469e-005
1109.06	-5.54901e-005
1107.07	-6.12329e-005
1105.07	-1.9858e-005
1103.08	6.87698e-007
1101.08	3.44461e-005
1099.08	5.96214e-005
1097.08	0.000106106
1095.08	0.0001201
1093.08	0.000110002
1091.08	8.86943e-005
1089.08	0.000133324
1087.07	0.000134392
1085.07	0.00014209
1083.06	0.000172777
1081.06	0.00014167
1079.05	9.75491e-005
1077.05	4.53071e-005
1075.04	1.40318e-005
1073.03	3.45116e-005
1071.02	-1.99532e-005
1069.01	-3.09845e-005
1067	-3.49868e-005
1064.99	-5.91624e-005
1062.98	-3.17779e-005
1060.96	-2.55016e-005
1058.95	-6.8338e-006
1056.93	3.82071e-006
1054.92	-5.9608e-006
1052.9	-1.39308e-005
1050.89	-4.16448e-005
