1550.12	-0.000269479
1548.3	-0.000148546
1546.47	-9.407e-005
1544.64	-1.94828e-005
1542.81	4.74927e-005
1540.98	0.000107861
1539.15	0.000119767
1537.32	0.000174559
1535.49	0.000191932
1533.65	0.000165628
1531.82	0.000173497
1529.99	0.000164425
1528.15	0.000132359
1526.32	9.76359e-005
1524.48	7.7401e-005
1522.64	0.000110393
1520.81	7.40721e-005
1518.97	3.1051e-005
1517.13	2.40373e-005
1515.29	5.56151e-005
1513.45	4.80348e-005
1511.61	4.02032e-005
1509.77	3.88173e-005
1507.92	4.37164e-005
1506.08	-3.42428e-006
1504.24	-7.11978e-006
1502.39	-1.3612e-005
1500.55	-1.80517e-005
1498.7	-5.73111e-005
1496.86	-8.94212e-005
1495.01	-0.000156006
1493.16	-0.000159678
1491.31	-0.000190493
1489.46	-0.000186702
1487.61	-0.000200379
1485.76	-0.000193364
1483.91	-0.000193516
1482.06	-0.000177541
1480.21	-0.000129174
1478.35	-6.68044e-005
1476.5	-1.26896e-005
1474.64	8.03932e-005
1472.79	0.000160342
1470.93	0.000243093
1469.07	0.000351459
1467.22	0.000436812
1465.36	0.000503448
1463.5	0.000595828
1461.64	0.000682715
1459.78	0.000717633
1457.92	0.000698927
1456.05	0.000736301
1454.19	0.000722147
1452.33	0.000714583
1450.46	0.000719081
1448.6	0.000667303
1446.73	0.000604927
1444.87	0.000568683
1443	0.000530959
1441.13	0.000542253
1439.26	0.000488377
1437.39	0.000475769
1435.52	0.000420523
1433.65	0.000378514
1431.78	0.000405611
1429.91	0.0003991
1428.04	0.000354902
1426.17	0.000326198
1424.29	0.000305489
1422.42	0.000271271
1420.54	0.00023631
1418.66	0.000232507
1416.79	0.00021307
1414.91	0.000197777
1413.03	0.000170505
1411.15	0.000141328
1409.27	0.000137732
1407.39	0.000114932
1405.51	8.60904e-005
1403.63	6.63069e-005
1401.75	2.41916e-005
1399.86	-3.22321e-006
1397.98	-3.41929e-005
1396.09	-4.98292e-005
1394.21	-8.27804e-005
1392.32	-7.97139e-005
1390.44	-0.000124015
1388.55	-0.000165195
1386.66	-0.000172379
1384.77	-0.000159039
1382.88	-0.000146403
1380.99	-0.000172866
1379.1	-0.000150274
1377.21	-0.000106518
1375.31	-0.00012688
1373.42	-7.83543e-005
1371.53	1.78218e-005
1369.63	0.000101389
1367.74	0.000180736
1365.84	0.000240054
1363.94	0.000379946
1362.05	0.000451972
1360.15	0.000547708
1358.25	0.000640581
1356.35	0.000681683
1354.45	0.000679496
1352.55	0.000694189
1350.64	0.000698532
1348.74	0.000736976
1346.84	0.000697387
1344.93	0.00067038
1343.03	0.000634381
1341.12	0.000621349
1339.22	0.000568093
1337.31	0.000568122
1335.4	0.000556107
1333.49	0.000520335
1331.58	0.000471894
1329.67	0.000453891
1327.76	0.000432708
1325.85	0.000429866
1323.94	0.000401607
1322.03	0.000446957
1320.11	0.000473648
1318.2	0.000451095
1316.28	0.000462112
1314.37	0.000464977
1312.45	0.000437821
1310.53	0.000413679
1308.62	0.000353503
1306.7	0.000307409
1304.78	0.000288226
1302.86	0.000263645
1300.94	0.000241851
1299.01	0.000189151
1297.09	0.000121399
1295.17	6.68756e-005
1293.24	5.5546e-005
1291.32	4.54045e-005
1289.39	3.26807e-005
1287.47	1.46925e-005
1285.54	-2.76871e-005
1283.61	-2.40742e-005
1281.68	-5.99008e-005
1279.76	-2.34814e-005
1277.83	-3.05313e-005
1275.9	-2.55871e-005
1273.96	5.57448e-006
1272.03	3.04026e-006
1270.1	-5.74382e-005
1268.17	-8.02537e-005
1266.23	-0.000149535
1264.3	-0.000130599
1262.36	-0.0001454
1260.42	-0.000130516
1258.49	-0.000138207
1256.55	-0.000144885
1254.61	-0.000119221
1252.67	-0.000123754
1250.73	-0.000107785
1248.79	-5.10591e-005
1246.85	-3.74083e-005
1244.91	1.45016e-006
1242.96	1.37752e-005
1241.02	2.10233e-005
1239.07	2.45557e-005
1237.13	1.32401e-005
1235.18	6.55375e-005
1233.24	5.9874e-005
1231.29	4.94032e-005
1229.34	5.90383e-005
1227.39	4.12504e-005
1225.44	3.71892e-005
1223.49	1.57906e-005
1221.54	7.32241e-006
1219.59	3.66599e-005
1217.63	3.98382e-005
1215.68	2.12493e-005
1213.73	1.71338e-005
1211.77	8.28869e-006
1209.81	9.80699e-006
1207.86	3.07923e-005
1205.9	5.13459e-005
1203.94	4.07691e-005
1201.98	3.06068e-005
1200.02	-6.69874e-006
1198.06	-4.20456e-006
1196.1	3.0864e-005
1194.14	5.24269e-005
1192.18	5.53431e-005
1190.21	5.34091e-005
1188.25	7.38121e-005
1186.29	9.06211e-005
1184.32	0.000101694
1182.35	0.000138005
1180.39	0.000162475
1178.42	0.000168537
1176.45	0.000121268
1174.48	0.000101982
1172.51	6.79294e-005
1170.54	3.85139e-005
1168.57	1.87923e-005
1166.6	-2.97189e-005
1164.62	-3.40342e-005
1162.65	-4.26106e-005
1160.67	-8.11691e-005
1158.7	-3.28849e-005
1156.72	-2.74404e-005
1154.74	-1.90502e-005
1152.77	1.60398e-005
1150.79	3.17534e-005
1148.81	4.68761e-005
1146.83	5.05416e-005
1144.85	5.75998e-005
1142.87	2.69307e-005
1140.88	-6.20338e-006
1138.9	-6.29814e-005
1136.92	-5.35844e-005
1134.93	-0.000120417
1132.95	-0.000131522
1130.96	-0.000135379
1128.97	-0.000148849
1126.99	-0.000161779
1125	-0.000175811
1123.01	-0.000182611
1121.02	-0.000145397
1119.03	-0.000154059
1117.04	-0.000144537
1115.04	-0.000164636
1113.05	-0.000130506
1111.06	-0.000124835
1109.06	-6.81271e-005
1107.07	-3.49132e-005
1105.07	6.42212e-006
1103.08	5.16154e-005
1101.08	6.21815e-005
1099.08	9.54025e-005
1097.08	0.000124209
1095.08	0.000117361
1093.08	0.000125283
1091.08	0.000126557
1089.08	0.000141388
1087.07	0.000118389
1085.07	8.23931e-005
1083.06	0.00010708
1081.06	9.81414e-005
1079.05	9.39105e-005
1077.05	7.54977e-005
1075.04	6.14568e-005
1073.03	2.41587e-005
1071.02	2.83708e-005
1069.01	2.06265e-005
1067	1.68306e-005
1064.99	-2.63102e-005
1062.98	-1.10377e-005
1060.96	-5.46142e-006
1058.95	-2.28488e-005
1056.93	-3.48376e-005
1054.92	-5.0733e-005
1052.9	-5.58126e-005
1050.89	-6.63438e-005
