1550.12	-0.000175645
1548.3	-7.45648e-005
1546.47	-7.9052e-006
1544.64	2.95249e-005
1542.81	5.99471e-005
1540.98	0.000116224
1539.15	0.000156963
1537.32	0.000176946
1535.49	0.000189306
1533.65	0.000191508
1531.82	0.000189386
1529.99	0.000197147
1528.15	0.000229043
1526.32	0.00022652
1524.48	0.00021636
1522.64	0.00023801
1520.81	0.000215319
1518.97	0.000193356
1517.13	0.000201948
1515.29	0.000227244
1513.45	0.000218243
1511.61	0.000197419
1509.77	0.00014634
1507.92	0.000130231
1506.08	5.86537e-005
1504.24	3.5222e-005
1502.39	-4.18116e-006
1500.55	-4.9467e-005
1498.7	-0.000101922
1496.86	-0.000118518
1495.01	-0.000148823
1493.16	-0.00014938
1491.31	-0.000158084
1489.46	-0.000146742
1487.61	-0.000136696
1485.76	-0.000114064
1483.91	-0.00010134
1482.06	-7.92835e-005
1480.21	-7.84482e-005
1478.35	-4.589e-005
1476.5	2.95806e-005
1474.64	7.09999e-005
1472.79	0.000143168
1470.93	0.000201397
1469.07	0.000300741
1467.22	0.000382407
1465.36	0.0004368
1463.5	0.000520973
1461.64	0.000589011
1459.78	0.000627524
1457.92	0.000667156
1456.05	0.000688761
1454.19	0.000704645
1452.33	0.000685226
1450.46	0.000652412
1448.6	0.000639469
1446.73	0.000597733
1444.87	0.000528381
1443	0.000487227
1441.13	0.000460517
1439.26	0.000410708
1437.39	0.000397099
1435.52	0.000385586
1433.65	0.000380396
1431.78	0.000353529
1429.91	0.000347038
1428.04	0.000378155
1426.17	0.000379048
1424.29	0.000327491
1422.42	0.000322584
1420.54	0.000319114
1418.66	0.00029789
1416.79	0.000238668
1414.91	0.000247749
1413.03	0.00017393
1411.15	0.000115495
1409.27	9.49913e-005
1407.39	9.21823e-005
1405.51	0.000110737
1403.63	5.2709e-005
1401.75	2.17516e-005
1399.86	4.20341e-005
1397.98	-2.63024e-005
1396.09	-1.89806e-005
1394.21	1.14137e-005
1392.32	1.62426e-005
1390.44	-6.15294e-007
1388.55	-4.58091e-005
1386.66	-5.03291e-005
1384.77	-8.32002e-005
1382.88	-0.000110738
1380.99	-6.94084e-005
1379.1	-0.000111205
1377.21	-0.000142843
1375.31	-0.00017424
1373.42	-0.000160976
1371.53	-0.000180807
1369.63	-0.000180132
1367.74	-0.000115757
1365.84	-7.03334e-005
1363.94	-3.35987e-005
1362.05	4.85436e-005
1360.15	8.94146e-005
1358.25	0.000168306
1356.35	0.00021973
1354.45	0.000277452
1352.55	0.000336047
1350.64	0.000344915
1348.74	0.000391797
1346.84	0.000400872
1344.93	0.000414688
1343.03	0.000417113
1341.12	0.000362562
1339.22	0.00035904
1337.31	0.000395437
1335.4	0.00037688
1333.49	0.000392876
1331.58	0.000362706
1329.67	0.000354906
1327.76	0.000362619
1325.85	0.000370135
1323.94	0.000403129
1322.03	0.000406838
1320.11	0.000352958
1318.2	0.000357181
1316.28	0.000314546
1314.37	0.000307823
1312.45	0.000290302
1310.53	0.000245577
1308.62	0.000205398
1306.7	0.000163247
1304.78	9.47181e-005
1302.86	9.51001e-005
1300.94	8.36702e-005
1299.01	8.83903e-005
1297.09	6.06769e-005
1295.17	3.99675e-005
1293.24	8.028e-005
1291.32	9.35841e-005
1289.39	6.61276e-005
1287.47	7.87005e-005
1285.54	7.99388e-005
1283.61	8.29703e-005
1281.68	5.1048e-005
1279.76	6.11487e-005
1277.83	5.62426e-005
1275.9	1.06765e-005
1273.96	-1.00267e-007
1272.03	2.01322e-005
1270.1	1.46984e-005
1268.17	-3.21169e-005
1266.23	-5.32836e-005
1264.3	-7.59151e-005
1262.36	-8.21078e-005
1260.42	-7.79044e-005
1258.49	-8.70172e-005
1256.55	-0.000102987
1254.61	-0.000111245
1252.67	-0.000111774
1250.73	-0.000114515
1248.79	-0.000119897
1246.85	-9.38055e-005
1244.91	-9.75444e-005
1242.96	-7.52127e-005
1241.02	-5.66022e-005
1239.07	-4.21662e-005
1237.13	-3.53705e-005
1235.18	-5.72442e-005
1233.24	-9.46799e-006
1231.29	1.61134e-008
1229.34	2.95137e-006
1227.39	7.36257e-006
1225.44	-3.19624e-005
1223.49	-4.188e-005
1221.54	-3.12777e-005
1219.59	-4.76248e-006
1217.63	2.43024e-005
1215.68	-1.04521e-005
1213.73	1.57763e-005
1211.77	3.02409e-005
1209.81	2.67716e-005
1207.86	3.32814e-005
1205.9	5.69865e-005
1203.94	6.068e-005
1201.98	4.66248e-005
1200.02	3.89456e-005
1198.06	3.18183e-005
1196.1	1.01889e-005
1194.14	-4.09664e-006
1192.18	9.18239e-006
1190.21	2.31879e-005
1188.25	4.27951e-005
1186.29	3.58243e-005
1184.32	2.82545e-005
1182.35	5.98183e-005
1180.39	8.30162e-005
1178.42	6.78835e-005
1176.45	8.7089e-005
1174.48	6.02091e-005
1172.51	5.37711e-005
1170.54	2.86473e-005
1168.57	3.1898e-005
1166.6	1.40859e-005
1164.62	-1.15123e-005
1162.65	1.44102e-005
1160.67	1.71884e-005
1158.7	2.1547e-005
1156.72	3.06101e-005
1154.74	3.19901e-005
1152.77	4.36357e-005
1150.79	2.7989e-005
1148.81	4.32055e-005
1146.83	5.20749e-005
1144.85	1.77769e-005
1142.87	7.33448e-006
1140.88	-7.70672e-006
1138.9	-2.46029e-005
1136.92	-4.65016e-005
1134.93	-7.72612e-005
1132.95	-5.48707e-005
1130.96	-0.000111755
1128.97	-0.000154577
1126.99	-0.00014965
1125	-0.000140951
1123.01	-0.000174064
1121.02	-0.000139839
1119.03	-0.000101784
1117.04	-0.000127972
1115.04	-0.000141138
1113.05	-8.71028e-005
1111.06	-5.04882e-005
1109.06	-5.11484e-005
1107.07	-2.31161e-005
1105.07	-1.46587e-006
1103.08	-2.13792e-005
1101.08	-1.3037e-005
1099.08	6.779e-005
1097.08	8.22421e-005
1095.08	8.67965e-005
1093.08	0.000132505
1091.08	0.000140004
1089.08	0.000124396
1087.07	0.000140315
1085.07	0.000144385
1083.06	0.000103926
1081.06	7.85429e-005
1079.05	3.91674e-005
1077.05	4.77338e-005
1075.04	-9.10209e-006
1073.03	-1.49302e-005
1071.02	4.22976e-006
1069.01	-1.58459e-005
1067	-9.24021e-006
1064.99	-1.14183e-005
1062.98	-1.11805e-007
1060.96	1.80651e-005
1058.95	-7.67033e-006
1056.93	-2.84485e-006
1054.92	-2.42319e-005
1052.9	-4.34119e-005
1050.89	-7.7586e-005
