843.708	5105
844.431	5063
845.153	5079
845.875	5209
846.597	5101
847.318	5221
848.04	5179
848.761	5167
849.483	5109
850.205	5247
850.926	5229
851.647	5097
852.368	5135
853.089	5077
853.81	5223
854.531	5181
855.252	5099
855.972	5245
856.693	5155
857.413	5143
858.134	5189
858.854	5089
859.574	5111
860.294	5181
861.013	5121
861.734	5193
862.453	5185
863.173	5171
863.893	5059
864.612	5193
865.332	5149
866.051	5119
866.77	5211
867.489	5119
868.208	5203
868.927	5083
869.646	5199
870.365	5179
871.083	5093
871.801	5123
872.521	5059
873.239	5201
873.957	5181
874.675	5191
875.393	5097
876.111	5191
876.829	5173
877.546	5069
878.264	5169
878.982	5099
879.7	5141
880.417	5115
881.134	5017
881.851	5059
882.568	5119
883.285	5083
884.003	5055
884.719	5059
885.436	5083
886.153	5105
886.869	5051
887.586	5149
888.302	5103
889.018	5123
889.734	5053
890.45	5021
891.166	5051
891.882	5153
892.598	5053
893.314	4999
894.029	5063
894.745	5085
895.46	5105
896.176	5073
896.891	5057
897.606	5015
898.321	5089
899.036	5105
899.751	5069
900.466	5087
901.18	5035
901.894	5017
902.609	4999
903.324	5085
904.038	5087
904.752	5005
905.466	5095
906.18	5035
906.894	5133
907.608	5003
908.322	5019
909.036	4993
909.748	5015
910.462	5019
911.176	5039
911.889	4971
912.602	5021
913.315	5011
914.028	5071
914.741	5097
915.453	5017
916.166	4969
916.879	5053
917.591	5071
918.304	5021
919.016	5033
919.728	5081
920.44	5043
921.153	4949
921.864	5037
922.576	4971
923.288	5055
924	5003
924.711	4973
925.422	5103
926.134	5025
926.845	5033
927.557	4963
928.268	5019
928.979	5059
929.69	5021
930.4	4979
931.111	5045
931.822	5039
932.533	4989
933.243	5077
933.953	5037
934.663	4999
935.373	4963
936.084	5043
936.793	5029
937.504	5097
938.213	5085
938.923	5065
939.632	5067
940.342	5065
941.052	4983
941.761	4999
942.469	4985
943.179	5089
943.888	5069
944.597	5023
945.306	4967
946.015	4985
946.723	5047
947.432	4865
948.14	4933
948.849	5071
949.557	5069
950.265	4995
950.973	4989
951.681	4993
952.389	5001
953.097	4971
953.805	4943
954.512	4919
955.22	4927
955.927	4937
956.635	4977
957.342	4965
958.049	5019
958.756	4923
959.463	4915
960.17	4917
960.877	4893
961.583	4961
962.291	4913
962.997	4955
963.704	4925
964.41	4941
965.116	4919
965.822	4865
966.528	4951
967.234	4795
967.94	4857
968.646	4869
969.352	4737
970.057	4849
970.763	4853
971.468	4909
972.173	4867
972.879	4947
973.584	4813
974.289	4917
974.994	4977
975.699	4861
976.403	4823
977.108	4785
977.812	4871
978.517	4873
979.221	4863
979.926	4885
980.63	4881
981.335	4783
982.038	4915
982.742	4793
983.446	4829
984.15	4851
984.854	4847
985.557	4779
986.26	4771
986.964	4801
987.667	4777
988.37	4745
989.073	4753
989.777	4717
990.48	4811
991.182	4707
991.885	4781
992.588	4747
993.29	4753
993.993	4703
994.695	4821
995.397	4803
996.099	4803
996.802	4753
997.503	4779
998.206	4817
998.907	4693
999.609	4801
1000.31	4845
1001.01	4891
1001.71	4885
1002.41	4839
1003.12	4853
1003.82	4815
1004.52	4843
1005.22	4855
1005.92	4811
1006.62	4751
1007.32	4835
1008.02	4799
1008.72	4789
1009.42	4839
1010.12	4851
1010.82	4773
1011.52	4751
1012.22	4737
1012.92	4745
1013.62	4795
1014.32	4777
1015.02	4707
1015.72	4767
1016.42	4779
1017.12	4779
1017.82	4829
1018.52	4789
1019.22	4745
1019.92	4765
1020.62	4753
1021.32	4757
1022.02	4703
1022.71	4661
1023.41	4711
1024.11	4795
1024.81	4805
1025.51	4641
1026.21	4753
1026.91	4721
1027.6	4719
1028.3	4737
1029	4731
1029.7	4653
1030.39	4713
1031.09	4729
1031.79	4677
1032.49	4681
1033.18	4733
1033.88	4739
1034.58	4711
1035.28	4763
1035.97	4671
1036.67	4727
1037.37	4745
1038.06	4773
1038.76	4721
1039.46	4735
1040.15	4647
1040.85	4827
1041.54	4699
1042.24	4765
1042.94	4717
1043.63	4733
1044.33	4759
1045.02	4671
1045.72	4743
1046.42	4689
1047.11	4653
1047.81	4711
1048.5	4731
1049.2	4773
1049.89	4769
1050.59	4735
1051.28	4673
1051.98	4695
1052.67	4751
1053.37	4809
1054.06	4755
1054.76	4757
1055.45	4815
1056.14	4665
1056.84	4669
1057.53	4709
1058.23	4745
1058.92	4767
1059.62	4681
1060.31	4673
1061	4705
1061.7	4681
1062.39	4617
1063.08	4663
1063.78	4717
1064.47	4679
1065.16	4699
1065.86	4611
1066.55	4719
1067.24	4689
1067.93	4651
1068.63	4699
1069.32	4717
1070.01	4677
1070.71	4707
1071.4	4669
1072.09	4683
1072.78	4647
1073.47	4639
1074.17	4641
1074.86	4665
1075.55	4689
1076.24	4653
1076.93	4587
1077.62	4641
1078.32	4667
1079.01	4643
1079.7	4657
1080.39	4739
1081.08	4635
1081.77	4653
1082.46	4683
1083.15	4715
1083.84	4647
1084.53	4655
1085.23	4559
1085.92	4639
1086.61	4571
1087.3	4613
1087.99	4663
1088.68	4681
1089.37	4627
1090.06	4667
1090.75	4671
1091.44	4639
1092.13	4641
1092.82	4623
1093.5	4551
1094.19	4611
1094.88	4529
1095.57	4665
1096.26	4597
1096.95	4583
1097.64	4639
1098.33	4605
1099.02	4643
1099.71	4601
1100.39	4541
1101.08	4639
1101.77	4579
1102.46	4641
1103.15	4501
1103.84	4541
1104.52	4627
1105.21	4579
1105.9	4521
1106.59	4629
1107.28	4631
1107.96	4559
1108.65	4549
1109.34	4569
1110.02	4547
1110.71	4619
1111.4	4513
1112.09	4631
1112.77	4579
1113.46	4477
1114.15	4541
1114.83	4539
1115.52	4633
1116.21	4517
1116.89	4641
1117.58	4565
1118.27	4551
1118.95	4631
1119.64	4569
1120.32	4633
1121.01	4499
1121.7	4523
1122.38	4601
1123.07	4533
1123.75	4597
1124.44	4509
1125.12	4587
1125.81	4507
1126.49	4547
1127.18	4515
1127.86	4557
1128.55	4523
1129.23	4591
1129.92	4585
1130.6	4563
1131.29	4563
1131.97	4519
1132.66	4483
1133.34	4519
1134.02	4577
1134.71	4525
1135.39	4459
1136.08	4515
1136.76	4429
1137.44	4529
1138.13	4467
1138.81	4533
1139.49	4549
1140.18	4481
1140.86	4473
1141.54	4431
1142.23	4585
1142.91	4569
1143.59	4449
1144.28	4407
1144.96	4449
1145.64	4505
1146.32	4515
1147.01	4511
1147.69	4497
1148.37	4523
1149.05	4533
1149.74	4453
1150.42	4531
1151.1	4473
1151.78	4467
1152.46	4485
1153.15	4511
1153.83	4537
1154.51	4435
1155.19	4487
1155.87	4463
1156.55	4469
1157.23	4545
1157.91	4567
1158.6	4499
1159.28	4547
1159.96	4517
1160.64	4525
1161.32	4441
1162	4511
1162.68	4483
1163.36	4525
1164.04	4541
1164.72	4521
1165.4	4429
1166.08	4419
1166.76	4475
1167.44	4525
1168.12	4481
1168.8	4447
1169.48	4417
1170.16	4397
1170.84	4429
1171.52	4433
1172.2	4523
1172.88	4487
1173.56	4507
1174.23	4453
1174.91	4485
1175.59	4485
1176.27	4501
1176.95	4435
1177.63	4459
1178.31	4419
1178.98	4495
1179.66	4431
1180.34	4475
1181.02	4381
1181.7	4499
1182.37	4467
1183.05	4389
1183.73	4435
1184.41	4419
1185.09	4441
1185.76	4431
1186.44	4359
1187.12	4459
1187.8	4397
1188.47	4463
1189.15	4363
1189.83	4445
1190.5	4391
1191.18	4277
1191.86	4335
1192.53	4365
1193.21	4313
1193.89	4345
1194.56	4331
1195.24	4443
1195.91	4401
1196.59	4417
1197.27	4439
1197.94	4473
1198.62	4499
1199.29	4473
1199.97	4493
1200.64	4469
1201.32	4531
1202	4403
1202.67	4429
1203.35	4437
1204.02	4349
1204.7	4465
1205.37	4399
1206.05	4485
1206.72	4455
1207.4	4415
1208.07	4369
1208.74	4393
1209.42	4413
1210.09	4421
1210.77	4375
1211.44	4397
1212.12	4341
1212.79	4437
1213.46	4395
1214.14	4399
1214.81	4421
1215.48	4375
1216.16	4361
1216.83	4403
1217.5	4457
1218.18	4431
1218.85	4395
1219.52	4397
1220.2	4503
1220.87	4383
1221.54	4441
1222.22	4353
1222.89	4409
1223.56	4439
1224.23	4347
1224.91	4449
1225.58	4409
1226.25	4441
1226.92	4387
1227.6	4411
1228.27	4433
1228.94	4461
1229.61	4393
1230.28	4367
1230.95	4425
1231.63	4421
1232.3	4443
1232.97	4427
1233.64	4463
1234.31	4495
1234.98	4443
1235.65	4513
1236.32	4449
1236.99	4479
1237.67	4473
1238.34	4399
1239.01	4447
1239.68	4491
1240.35	4417
1241.02	4505
1241.69	4397
1242.36	4507
1243.03	4465
1243.7	4409
1244.37	4453
1245.04	4461
1245.71	4435
1246.38	4471
1247.05	4417
1247.72	4475
1248.39	4395
1249.05	4473
1249.72	4483
1250.39	4421
1251.06	4415
1251.73	4377
1252.4	4411
1253.07	4431
1253.74	4449
1254.41	4413
1255.07	4363
1255.74	4399
1256.41	4455
1257.08	4335
1257.75	4383
1258.42	4395
1259.08	4311
1259.75	4285
1260.42	4379
1261.09	4301
1261.75	4369
1262.42	4323
1263.09	4447
1263.76	4341
1264.42	4347
1265.09	4317
1265.76	4317
1266.43	4293
1267.09	4349
1267.76	4289
1268.43	4339
1269.09	4271
1269.76	4373
1270.43	4361
1271.09	4351
1271.76	4289
1272.42	4341
1273.09	4235
1273.76	4277
1274.42	4281
1275.09	4353
1275.75	4237
1276.42	4323
1277.09	4347
1277.75	4303
1278.42	4317
1279.08	4251
1279.75	4281
1280.41	4233
1281.08	4223
1281.74	4303
1282.41	4291
1283.07	4289
1283.74	4289
1284.4	4305
1285.07	4233
1285.73	4265
1286.4	4147
1287.06	4263
1287.73	4209
1288.39	4267
1289.05	4275
1289.72	4257
1290.38	4287
1291.05	4299
1291.71	4251
1292.37	4237
1293.04	4265
1293.7	4239
1294.36	4213
1295.03	4207
1295.69	4213
1296.35	4183
1297.02	4223
1297.68	4181
1298.34	4237
1299	4239
1299.67	4285
1300.33	4241
1300.99	4297
1301.66	4241
1302.32	4205
1302.98	4191
1303.64	4245
1304.3	4271
1304.97	4189
1305.63	4241
1306.29	4239
1306.95	4193
1307.61	4239
1308.28	4259
1308.94	4285
1309.6	4259
1310.26	4227
1310.92	4301
1311.58	4305
1312.24	4311
1312.9	4247
1313.57	4231
1314.23	4299
1314.89	4253
1315.55	4245
1316.21	4197
1316.87	4257
1317.53	4307
1318.19	4307
1318.85	4241
1319.51	4267
1320.17	4259
1320.83	4245
1321.49	4209
1322.15	4239
1322.81	4297
1323.47	4251
1324.13	4245
1324.79	4265
1325.45	4185
1326.11	4223
1326.77	4259
1327.43	4335
1328.08	4237
1328.74	4285
1329.4	4265
1330.06	4289
1330.72	4207
1331.38	4287
1332.04	4283
1332.7	4235
1333.35	4299
1334.01	4267
1334.67	4259
1335.33	4263
1335.99	4231
1336.65	4299
1337.3	4257
1337.96	4271
1338.62	4203
1339.28	4267
1339.93	4223
1340.59	4263
1341.25	4241
1341.91	4264
1342.56	4277
1343.22	4259
1343.88	4207
1344.54	4269
1345.19	4175
1345.85	4189
1346.51	4243
1347.16	4245
1347.82	4185
1348.48	4225
1349.13	4223
1349.79	4269
1350.44	4219
1351.1	4233
1351.76	4167
1352.41	4175
1353.07	4201
1353.72	4155
1354.38	4207
1355.04	4155
1355.69	4215
1356.35	4189
1357	4133
1357.66	4203
1358.31	4155
1358.97	4181
1359.62	4159
1360.28	4185
1360.93	4139
1361.59	4151
1362.24	4145
1362.9	4119
1363.55	4171
1364.21	4083
1364.86	4139
1365.51	4201
1366.17	4043
1366.82	4163
1367.48	4185
1368.13	4121
1368.78	4081
1369.44	4099
1370.09	4177
1370.75	4107
1371.4	4117
1372.05	4067
1372.7	4017
1373.36	4063
1374.01	4099
1374.66	4135
1375.32	4115
1375.97	4143
1376.62	4115
1377.28	4095
1377.93	4115
1378.58	4033
1379.23	4117
1379.89	4089
1380.54	4059
1381.19	4097
1381.84	4115
1382.5	4015
1383.15	4031
1383.8	4089
1384.45	4101
1385.1	4073
1385.75	4051
1386.41	4061
1387.06	4077
1387.71	4093
1388.36	4051
1389.01	4081
1389.66	4079
1390.31	4099
1390.97	4051
1391.62	4111
1392.27	4089
1392.92	4003
1393.57	4081
1394.22	4047
1394.87	4121
1395.52	4023
1396.17	4061
1396.82	4093
1397.47	4029
1398.12	4021
1398.77	4065
1399.42	3987
1400.07	4061
1400.72	3981
1401.37	4059
1402.02	4015
1402.67	4005
1403.32	4029
1403.97	4047
1404.62	4101
1405.27	3989
1405.92	4059
1406.56	4001
1407.21	4023
1407.86	4025
1408.51	4049
1409.16	4037
1409.81	3993
1410.46	4023
1411.11	3947
1411.75	3991
1412.4	3997
1413.05	3995
1413.7	3993
1414.35	4033
1414.99	4045
1415.64	3933
1416.29	3991
1416.94	3999
1417.59	4037
1418.23	3945
1418.88	4013
1419.53	3967
1420.18	3977
1420.82	3983
1421.47	3951
1422.12	3985
1422.76	3989
1423.41	3947
1424.06	3947
1424.7	3997
1425.35	3937
1426	3973
1426.64	3941
1427.29	3979
1427.94	3957
1428.58	3949
1429.23	3911
1429.87	3925
1430.52	3939
1431.17	3849
1431.81	3897
1432.46	3971
1433.1	3901
1433.75	3885
1434.39	3865
1435.04	3937
1435.68	3901
1436.33	3869
1436.98	3915
1437.62	3909
1438.26	3951
1438.91	3843
1439.55	3899
1440.2	3897
1440.84	3857
1441.49	3965
1442.13	3869
1442.78	3951
1443.42	3867
1444.07	3919
1444.71	3881
1445.35	3877
1446	3851
1446.64	3913
1447.29	3925
1447.93	3871
1448.57	3839
1449.22	3857
1449.86	3867
1450.5	3827
1451.15	3889
1451.79	3883
1452.43	3869
1453.08	3835
1453.72	3899
1454.36	3857
1455.01	3803
1455.65	3791
1456.29	3853
1456.93	3789
1457.58	3765
1458.22	3807
1458.86	3841
1459.5	3811
1460.14	3753
1460.79	3753
1461.43	3815
1462.07	3783
1462.71	3821
1463.35	3811
1464	3779
1464.64	3757
1465.28	3811
1465.92	3707
1466.56	3743
1467.2	3743
1467.84	3791
1468.49	3749
1469.13	3771
1469.77	3735
1470.41	3769
1471.05	3749
1471.69	3711
1472.33	3715
1472.97	3739
1473.61	3705
1474.25	3701
1474.89	3683
1475.53	3687
1476.17	3725
1476.81	3729
1477.45	3705
1478.09	3655
1478.73	3715
1479.37	3657
1480.01	3677
1480.65	3663
1481.29	3721
1481.93	3677
1482.57	3629
1483.21	3689
1483.85	3671
1484.49	3671
1485.13	3697
1485.77	3669
1486.4	3655
1487.04	3687
1487.68	3593
1488.32	3663
1488.96	3657
1489.6	3671
1490.23	3615
1490.87	3665
1491.51	3617
1492.15	3569
1492.79	3619
1493.43	3647
1494.06	3563
1494.7	3659
1495.34	3561
1495.98	3633
1496.61	3659
1497.25	3497
1497.89	3645
1498.53	3655
1499.16	3629
1499.8	3605
1500.44	3587
1501.07	3661
1501.71	3605
1502.35	3623
1502.98	3609
1503.62	3563
1504.26	3589
1504.89	3553
1505.53	3629
1506.17	3593
1506.8	3597
1507.44	3539
1508.08	3539
1508.71	3557
1509.35	3595
1509.98	3579
1510.62	3581
1511.25	3559
1511.89	3587
1512.53	3603
1513.16	3569
1513.8	3507
1514.43	3553
1515.07	3523
1515.7	3559
1516.34	3559
1516.97	3627
1517.61	3541
1518.24	3527
1518.88	3583
1519.51	3537
1520.15	3575
1520.78	3571
1521.41	3493
1522.05	3557
1522.68	3509
1523.32	3487
1523.95	3515
1524.58	3489
1525.22	3519
1525.85	3497
1526.49	3489
1527.12	3533
1527.75	3511
1528.39	3461
1529.02	3493
1529.65	3535
1530.29	3551
1530.92	3483
1531.55	3463
1532.19	3515
1532.82	3493
1533.45	3447
1534.08	3475
1534.72	3437
1535.35	3467
