843.708	5435
844.431	5367
845.153	5401
845.875	5355
846.597	5451
847.318	5365
848.04	5407
848.761	5375
849.483	5423
850.205	5437
850.926	5533
851.647	5321
852.368	5377
853.089	5327
853.81	5367
854.531	5453
855.252	5345
855.972	5411
856.693	5423
857.413	5341
858.134	5351
858.854	5273
859.574	5463
860.294	5283
861.013	5433
861.734	5389
862.453	5395
863.173	5373
863.893	5353
864.612	5255
865.332	5363
866.051	5341
866.77	5345
867.489	5371
868.208	5395
868.927	5253
869.646	5397
870.365	5381
871.083	5327
871.801	5279
872.521	5273
873.239	5459
873.957	5405
874.675	5327
875.393	5543
876.111	5549
876.829	5297
877.546	5381
878.264	5463
878.982	5299
879.7	5337
880.417	5383
881.134	5417
881.851	5305
882.568	5337
883.285	5329
884.003	5327
884.719	5349
885.436	5223
886.153	5323
886.869	5253
887.586	5391
888.302	5339
889.018	5341
889.734	5265
890.45	5367
891.166	5341
891.882	5387
892.598	5381
893.314	5251
894.029	5369
894.745	5339
895.46	5257
896.176	5277
896.891	5345
897.606	5219
898.321	5289
899.036	5277
899.751	5291
900.466	5255
901.18	5321
901.894	5299
902.609	5259
903.324	5277
904.038	5289
904.752	5339
905.466	5181
906.18	5227
906.894	5235
907.608	5371
908.322	5281
909.036	5215
909.748	5329
910.462	5259
911.176	5293
911.889	5199
912.602	5361
913.315	5221
914.028	5163
914.741	5319
915.453	5137
916.166	5177
916.879	5181
917.591	5201
918.304	5201
919.016	5233
919.728	5245
920.44	5163
921.153	5243
921.864	5289
922.576	5211
923.288	5183
924	5181
924.711	5221
925.422	5315
926.134	5257
926.845	5359
927.557	5255
928.268	5241
928.979	5189
929.69	5183
930.4	5281
931.111	5253
931.822	5275
932.533	5279
933.243	5289
933.953	5203
934.663	5337
935.373	5273
936.084	5285
936.793	5379
937.504	5317
938.213	5249
938.923	5261
939.632	5341
940.342	5311
941.052	5225
941.761	5341
942.469	5175
943.179	5151
943.888	5185
944.597	5213
945.306	5179
946.015	5145
946.723	5185
947.432	5165
948.14	5215
948.849	5223
949.557	5195
950.265	5215
950.973	5179
951.681	5263
952.389	5185
953.097	5241
953.805	5213
954.512	5241
955.22	5183
955.927	5245
956.635	5115
957.342	5189
958.049	5151
958.756	5193
959.463	5181
960.17	5133
960.877	5085
961.583	5193
962.291	5165
962.997	5121
963.704	5187
964.41	5135
965.116	5259
965.822	5137
966.528	5189
967.234	5049
967.94	5051
968.646	5075
969.352	5029
970.057	5067
970.763	5203
971.468	4997
972.173	5119
972.879	4993
973.584	4999
974.289	5061
974.994	5089
975.699	5053
976.403	5059
977.108	5145
977.812	5075
978.517	5111
979.221	5041
979.926	4909
980.63	5019
981.335	4999
982.038	5031
982.742	5045
983.446	4945
984.15	5011
984.854	4977
985.557	5025
986.26	5003
986.964	5077
987.667	4961
988.37	4983
989.073	5081
989.777	4961
990.48	4939
991.182	4935
991.885	5049
992.588	5003
993.29	4937
993.993	4949
994.695	5039
995.397	5059
996.099	5053
996.802	5029
997.503	4955
998.206	4953
998.907	4989
999.609	5071
1000.31	5043
1001.01	5041
1001.71	5115
1002.41	5041
1003.12	5093
1003.82	5043
1004.52	5071
1005.22	5075
1005.92	4969
1006.62	5079
1007.32	4943
1008.02	4913
1008.72	4945
1009.42	4919
1010.12	4985
1010.82	4985
1011.52	4893
1012.22	4977
1012.92	4907
1013.62	5013
1014.32	4933
1015.02	4981
1015.72	4941
1016.42	4961
1017.12	5017
1017.82	4847
1018.52	4959
1019.22	4977
1019.92	4977
1020.62	4863
1021.32	4915
1022.02	4947
1022.71	4913
1023.41	4941
1024.11	4981
1024.81	4927
1025.51	4987
1026.21	4915
1026.91	4923
1027.6	4921
1028.3	4871
1029	4851
1029.7	4915
1030.39	4843
1031.09	4931
1031.79	4919
1032.49	4889
1033.18	4995
1033.88	4939
1034.58	4907
1035.28	4945
1035.97	4899
1036.67	4865
1037.37	4921
1038.06	4963
1038.76	4979
1039.46	4975
1040.15	4899
1040.85	4901
1041.54	4929
1042.24	4917
1042.94	4961
1043.63	4891
1044.33	4965
1045.02	4909
1045.72	4883
1046.42	4945
1047.11	4867
1047.81	4931
1048.5	4893
1049.2	4915
1049.89	4921
1050.59	4989
1051.28	4955
1051.98	4843
1052.67	4879
1053.37	4919
1054.06	4879
1054.76	4847
1055.45	4875
1056.14	4877
1056.84	4861
1057.53	4991
1058.23	4941
1058.92	4945
1059.62	4815
1060.31	4869
1061	4947
1061.7	4857
1062.39	4937
1063.08	4817
1063.78	4941
1064.47	4839
1065.16	4911
1065.86	4869
1066.55	4909
1067.24	4861
1067.93	4815
1068.63	4893
1069.32	4803
1070.01	4883
1070.71	4827
1071.4	4885
1072.09	4967
1072.78	4831
1073.47	4921
1074.17	4853
1074.86	4851
1075.55	4837
1076.24	4875
1076.93	4887
1077.62	4857
1078.32	4841
1079.01	4841
1079.7	4945
1080.39	4813
1081.08	4789
1081.77	4903
1082.46	4909
1083.15	4865
1083.84	4795
1084.53	4827
1085.23	4823
1085.92	4837
1086.61	4941
1087.3	4825
1087.99	4881
1088.68	4831
1089.37	4789
1090.06	4795
1090.75	4715
1091.44	4771
1092.13	4809
1092.82	4849
1093.5	4793
1094.19	4871
1094.88	4791
1095.57	4733
1096.26	4813
1096.95	4907
1097.64	4847
1098.33	4851
1099.02	4803
1099.71	4823
1100.39	4755
1101.08	4787
1101.77	4797
1102.46	4821
1103.15	4771
1103.84	4701
1104.52	4777
1105.21	4741
1105.9	4719
1106.59	4661
1107.28	4865
1107.96	4841
1108.65	4807
1109.34	4807
1110.02	4885
1110.71	4753
1111.4	4797
1112.09	4713
1112.77	4781
1113.46	4759
1114.15	4683
1114.83	4721
1115.52	4751
1116.21	4737
1116.89	4799
1117.58	4761
1118.27	4775
1118.95	4773
1119.64	4755
1120.32	4675
1121.01	4753
1121.7	4745
1122.38	4721
1123.07	4721
1123.75	4717
1124.44	4721
1125.12	4695
1125.81	4815
1126.49	4719
1127.18	4737
1127.86	4779
1128.55	4719
1129.23	4685
1129.92	4697
1130.6	4739
1131.29	4715
1131.97	4689
1132.66	4703
1133.34	4801
1134.02	4653
1134.71	4691
1135.39	4727
1136.08	4669
1136.76	4751
1137.44	4687
1138.13	4655
1138.81	4667
1139.49	4767
1140.18	4735
1140.86	4667
1141.54	4607
1142.23	4619
1142.91	4701
1143.59	4701
1144.28	4627
1144.96	4699
1145.64	4679
1146.32	4653
1147.01	4633
1147.69	4705
1148.37	4653
1149.05	4681
1149.74	4727
1150.42	4651
1151.1	4687
1151.78	4655
1152.46	4715
1153.15	4711
1153.83	4723
1154.51	4749
1155.19	4611
1155.87	4655
1156.55	4645
1157.23	4701
1157.91	4705
1158.6	4651
1159.28	4715
1159.96	4659
1160.64	4695
1161.32	4597
1162	4745
1162.68	4591
1163.36	4739
1164.04	4627
1164.72	4651
1165.4	4659
1166.08	4597
1166.76	4627
1167.44	4785
1168.12	4563
1168.8	4643
1169.48	4711
1170.16	4677
1170.84	4653
1171.52	4755
1172.2	4703
1172.88	4709
1173.56	4663
1174.23	4677
1174.91	4623
1175.59	4565
1176.27	4669
1176.95	4649
1177.63	4633
1178.31	4611
1178.98	4609
1179.66	4571
1180.34	4583
1181.02	4695
1181.7	4659
1182.37	4493
1183.05	4703
1183.73	4563
1184.41	4667
1185.09	4657
1185.76	4657
1186.44	4631
1187.12	4645
1187.8	4589
1188.47	4533
1189.15	4631
1189.83	4567
1190.5	4591
1191.18	4601
1191.86	4567
1192.53	4607
1193.21	4513
1193.89	4557
1194.56	4525
1195.24	4577
1195.91	4667
1196.59	4611
1197.27	4591
1197.94	4657
1198.62	4709
1199.29	4707
1199.97	4579
1200.64	4711
1201.32	4645
1202	4659
1202.67	4585
1203.35	4601
1204.02	4515
1204.7	4571
1205.37	4649
1206.05	4635
1206.72	4733
1207.4	4699
1208.07	4637
1208.74	4519
1209.42	4553
1210.09	4613
1210.77	4543
1211.44	4535
1212.12	4571
1212.79	4537
1213.46	4581
1214.14	4619
1214.81	4615
1215.48	4565
1216.16	4593
1216.83	4651
1217.5	4595
1218.18	4499
1218.85	4531
1219.52	4511
1220.2	4625
1220.87	4633
1221.54	4615
1222.22	4603
1222.89	4567
1223.56	4581
1224.23	4627
1224.91	4609
1225.58	4565
1226.25	4595
1226.92	4637
1227.6	4561
1228.27	4647
1228.94	4661
1229.61	4543
1230.28	4639
1230.95	4533
1231.63	4627
1232.3	4591
1232.97	4535
1233.64	4617
1234.31	4673
1234.98	4583
1235.65	4561
1236.32	4617
1236.99	4595
1237.67	4601
1238.34	4629
1239.01	4611
1239.68	4627
1240.35	4611
1241.02	4519
1241.69	4659
1242.36	4617
1243.03	4685
1243.7	4623
1244.37	4587
1245.04	4575
1245.71	4629
1246.38	4547
1247.05	4601
1247.72	4639
1248.39	4763
1249.05	4621
1249.72	4597
1250.39	4607
1251.06	4609
1251.73	4617
1252.4	4615
1253.07	4583
1253.74	4537
1254.41	4527
1255.07	4625
1255.74	4477
1256.41	4551
1257.08	4577
1257.75	4501
1258.42	4573
1259.08	4531
1259.75	4575
1260.42	4545
1261.09	4515
1261.75	4515
1262.42	4487
1263.09	4503
1263.76	4519
1264.42	4467
1265.09	4425
1265.76	4453
1266.43	4503
1267.09	4621
1267.76	4493
1268.43	4539
1269.09	4527
1269.76	4487
1270.43	4491
1271.09	4603
1271.76	4557
1272.42	4455
1273.09	4435
1273.76	4467
1274.42	4423
1275.09	4453
1275.75	4423
1276.42	4531
1277.09	4461
1277.75	4503
1278.42	4431
1279.08	4511
1279.75	4479
1280.41	4489
1281.08	4449
1281.74	4439
1282.41	4465
1283.07	4501
1283.74	4479
1284.4	4419
1285.07	4371
1285.73	4443
1286.4	4415
1287.06	4401
1287.73	4451
1288.39	4481
1289.05	4479
1289.72	4423
1290.38	4455
1291.05	4417
1291.71	4339
1292.37	4431
1293.04	4451
1293.7	4469
1294.36	4493
1295.03	4427
1295.69	4453
1296.35	4395
1297.02	4453
1297.68	4465
1298.34	4463
1299	4399
1299.67	4421
1300.33	4317
1300.99	4403
1301.66	4411
1302.32	4457
1302.98	4367
1303.64	4443
1304.3	4411
1304.97	4449
1305.63	4411
1306.29	4409
1306.95	4437
1307.61	4473
1308.28	4463
1308.94	4457
1309.6	4493
1310.26	4463
1310.92	4453
1311.58	4461
1312.24	4385
1312.9	4421
1313.57	4423
1314.23	4409
1314.89	4489
1315.55	4399
1316.21	4455
1316.87	4433
1317.53	4441
1318.19	4489
1318.85	4493
1319.51	4445
1320.17	4463
1320.83	4461
1321.49	4441
1322.15	4437
1322.81	4459
1323.47	4447
1324.13	4487
1324.79	4529
1325.45	4431
1326.11	4427
1326.77	4479
1327.43	4417
1328.08	4487
1328.74	4431
1329.4	4387
1330.06	4423
1330.72	4485
1331.38	4355
1332.04	4409
1332.7	4405
1333.35	4413
1334.01	4459
1334.67	4509
1335.33	4435
1335.99	4505
1336.65	4515
1337.3	4437
1337.96	4417
1338.62	4461
1339.28	4457
1339.93	4513
1340.59	4401
1341.25	4349
1341.91	4365
1342.56	4381
1343.22	4521
1343.88	4471
1344.54	4441
1345.19	4465
1345.85	4375
1346.51	4429
1347.16	4371
1347.82	4415
1348.48	4449
1349.13	4387
1349.79	4409
1350.44	4369
1351.1	4403
1351.76	4463
1352.41	4331
1353.07	4437
1353.72	4415
1354.38	4335
1355.04	4337
1355.69	4349
1356.35	4359
1357	4357
1357.66	4391
1358.31	4385
1358.97	4325
1359.62	4385
1360.28	4245
1360.93	4297
1361.59	4303
1362.24	4379
1362.9	4283
1363.55	4355
1364.21	4295
1364.86	4225
1365.51	4267
1366.17	4331
1366.82	4275
1367.48	4349
1368.13	4373
1368.78	4373
1369.44	4323
1370.09	4295
1370.75	4275
1371.4	4297
1372.05	4247
1372.7	4255
1373.36	4361
1374.01	4329
1374.66	4233
1375.32	4203
1375.97	4273
1376.62	4253
1377.28	4275
1377.93	4293
1378.58	4299
1379.23	4315
1379.89	4183
1380.54	4321
1381.19	4243
1381.84	4235
1382.5	4175
1383.15	4263
1383.8	4265
1384.45	4275
1385.1	4187
1385.75	4309
1386.41	4269
1387.06	4273
1387.71	4187
1388.36	4191
1389.01	4313
1389.66	4267
1390.31	4179
1390.97	4255
1391.62	4123
1392.27	4287
1392.92	4173
1393.57	4259
1394.22	4193
1394.87	4237
1395.52	4159
1396.17	4153
1396.82	4263
1397.47	4233
1398.12	4195
1398.77	4239
1399.42	4157
1400.07	4259
1400.72	4293
1401.37	4135
1402.02	4275
1402.67	4107
1403.32	4135
1403.97	4285
1404.62	4173
1405.27	4129
1405.92	4167
1406.56	4207
1407.21	4137
1407.86	4187
1408.51	4215
1409.16	4229
1409.81	4205
1410.46	4123
1411.11	4163
1411.75	4203
1412.4	4169
1413.05	4099
1413.7	4203
1414.35	4201
1414.99	4191
1415.64	4157
1416.29	4247
1416.94	4061
1417.59	4133
1418.23	4163
1418.88	4195
1419.53	4107
1420.18	4173
1420.82	4165
1421.47	4095
1422.12	4131
1422.76	4081
1423.41	4115
1424.06	4125
1424.7	4107
1425.35	4203
1426	4081
1426.64	4091
1427.29	4081
1427.94	4127
1428.58	4123
1429.23	4039
1429.87	4115
1430.52	4027
1431.17	4143
1431.81	4031
1432.46	4039
1433.1	4047
1433.75	4099
1434.39	4017
1435.04	4093
1435.68	4055
1436.33	4055
1436.98	3945
1437.62	4167
1438.26	4047
1438.91	4009
1439.55	4057
1440.2	4059
1440.84	4129
1441.49	4083
1442.13	4101
1442.78	4021
1443.42	4079
1444.07	3991
1444.71	4047
1445.35	4005
1446	4011
1446.64	3989
1447.29	4065
1447.93	4109
1448.57	4057
1449.22	4017
1449.86	4067
1450.5	4029
1451.15	4015
1451.79	4049
1452.43	4005
1453.08	4049
1453.72	4077
1454.36	4039
1455.01	3937
1455.65	3923
1456.29	3963
1456.93	3959
1457.58	3905
1458.22	4037
1458.86	3921
1459.5	3923
1460.14	3841
1460.79	3935
1461.43	3995
1462.07	3945
1462.71	3911
1463.35	3965
1464	3995
1464.64	3889
1465.28	3983
1465.92	3831
1466.56	4005
1467.2	3883
1467.84	3937
1468.49	3857
1469.13	3887
1469.77	3897
1470.41	3875
1471.05	3889
1471.69	3929
1472.33	3801
1472.97	3913
1473.61	3851
1474.25	3833
1474.89	3875
1475.53	3823
1476.17	3805
1476.81	3799
1477.45	3769
1478.09	3789
1478.73	3801
1479.37	3901
1480.01	3797
1480.65	3841
1481.29	3833
1481.93	3863
1482.57	3823
1483.21	3843
1483.85	3771
1484.49	3885
1485.13	3817
1485.77	3751
1486.4	3809
1487.04	3755
1487.68	3739
1488.32	3827
1488.96	3833
1489.6	3741
1490.23	3755
1490.87	3743
1491.51	3791
1492.15	3767
1492.79	3781
1493.43	3837
1494.06	3777
1494.7	3773
1495.34	3811
1495.98	3795
1496.61	3681
1497.25	3727
1497.89	3731
1498.53	3765
1499.16	3697
1499.8	3783
1500.44	3717
1501.07	3675
1501.71	3781
1502.35	3691
1502.98	3781
1503.62	3785
1504.26	3715
1504.89	3785
1505.53	3817
1506.17	3737
1506.8	3745
1507.44	3719
1508.08	3727
1508.71	3729
1509.35	3743
1509.98	3757
1510.62	3739
1511.25	3673
1511.89	3693
1512.53	3695
1513.16	3645
1513.8	3709
1514.43	3709
1515.07	3645
1515.7	3737
1516.34	3697
1516.97	3713
1517.61	3729
1518.24	3663
1518.88	3715
1519.51	3675
1520.15	3679
1520.78	3703
1521.41	3729
1522.05	3709
1522.68	3649
1523.32	3623
1523.95	3695
1524.58	3663
1525.22	3683
1525.85	3635
1526.49	3603
1527.12	3665
1527.75	3679
1528.39	3695
1529.02	3729
1529.65	3747
1530.29	3645
1530.92	3579
1531.55	3639
1532.19	3609
1532.82	3633
1533.45	3727
1534.08	3595
1534.72	3631
1535.35	3635
