#Sample=blood
#Laser=785 nm
#Grating=600
#Exposition=10
#Accumulation=3
#Acquired=30.10.2023 15:32:31
2745.96	61
2744.57	73
2743.18	68
2741.8	75
2740.41	78
2739.02	69
2737.63	85
2736.24	84
2734.85	66
2733.46	75
2732.07	67
2730.68	89
2729.29	90
2727.9	77
2726.5	74
2725.11	80
2723.72	91
2722.32	71
2720.93	77
2719.53	65
2718.14	60
2716.74	78
2715.34	66
2713.95	79
2712.55	79
2711.15	62
2709.75	79
2708.35	81
2706.95	78
2705.55	70
2704.15	59
2702.75	62
2701.35	83
2699.95	67
2698.55	69
2697.14	70
2695.74	71
2694.33	70
2692.93	82
2691.52	61
2690.12	81
2688.71	70
2687.31	67
2685.9	71
2684.49	67
2683.08	71
2681.67	65
2680.26	76
2678.85	72
2677.44	82
2676.03	76
2674.62	73
2673.21	74
2671.8	64
2670.38	81
2668.97	88
2667.56	71
2666.14	69
2664.73	68
2663.31	59
2661.9	76
2660.48	90
2659.06	75
2657.64	56
2656.23	82
2654.81	66
2653.39	69
2651.97	68
2650.55	86
2649.13	71
2647.71	87
2646.29	83
2644.86	64
2643.44	69
2642.02	68
2640.6	68
2639.17	72
2637.75	78
2636.32	55
2634.9	80
2633.47	76
2632.04	84
2630.62	73
2629.19	74
2627.76	84
2626.33	72
2624.9	88
2623.47	81
2622.04	77
2620.61	74
2619.18	68
2617.75	78
2616.31	71
2614.88	77
2613.45	67
2612.01	78
2610.58	67
2609.14	72
2607.71	77
2606.27	82
2604.84	79
2603.4	72
2601.96	62
2600.52	67
2599.08	89
2597.65	74
2596.21	80
2594.77	77
2593.32	74
2591.88	85
2590.44	73
2589	74
2587.56	65
2586.11	79
2584.67	69
2583.22	81
2581.78	69
2580.33	73
2578.89	78
2577.44	79
2575.99	63
2574.55	65
2573.1	71
2571.65	69
2570.2	72
2568.75	64
2567.3	81
2565.85	68
2564.4	71
2562.95	68
2561.5	64
2560.04	65
2558.59	64
2557.14	80
2555.68	64
2554.23	74
2552.77	59
2551.31	76
2549.86	62
2548.4	68
2546.94	79
2545.49	66
2544.03	78
2542.57	71
2541.11	72
2539.65	66
2538.19	49
2536.73	63
2535.26	56
2533.8	72
2532.34	71
2530.88	57
2529.41	72
2527.95	78
2526.48	64
2525.02	64
2523.55	65
2522.08	50
2520.62	67
2519.15	64
2517.68	68
2516.21	67
2514.74	59
2513.27	84
2511.8	66
2510.33	56
2508.86	74
2507.39	68
2505.92	70
2504.44	67
2502.97	62
2501.5	61
2500.02	72
2498.55	61
2497.07	72
2495.59	73
2494.12	53
2492.64	60
2491.16	55
2489.68	58
2488.2	59
2486.73	69
2485.25	66
2483.76	60
2482.28	63
2480.8	64
2479.32	69
2477.84	63
2476.35	62
2474.87	82
2473.39	70
2471.9	81
2470.42	66
2468.93	63
2467.44	71
2465.96	67
2464.47	85
2462.98	57
2461.49	84
2460	72
2458.51	74
2457.02	71
2455.53	79
2454.04	78
2452.55	68
2451.06	75
2449.56	70
2448.07	82
2446.58	81
2445.08	80
2443.59	78
2442.09	71
2440.59	77
2439.1	75
2437.6	72
2436.1	61
2434.6	70
2433.11	69
2431.61	66
2430.11	90
2428.61	67
2427.1	69
2425.6	83
2424.1	67
2422.6	75
2421.09	64
2419.59	79
2418.09	72
2416.58	72
2415.07	74
2413.57	54
2412.06	70
2410.56	76
2409.05	58
2407.54	73
2406.03	61
2404.52	71
2403.01	64
2401.5	65
2399.99	73
2398.48	63
2396.97	76
2395.45	62
2393.94	59
2392.43	61
2390.91	72
2389.4	70
2387.88	67
2386.37	60
2384.85	67
2383.33	64
2381.81	57
2380.3	58
2378.78	58
2377.26	58
2375.74	64
2374.22	71
2372.7	57
2371.17	61
2369.65	61
2368.13	72
2366.61	62
2365.08	71
2363.56	53
2362.03	71
2360.51	60
2358.98	69
2357.46	74
2355.93	53
2354.4	74
2352.87	60
2351.34	61
2349.81	71
2348.29	57
2346.75	65
2345.22	66
2343.69	67
2342.16	78
2340.63	69
2339.09	67
2337.56	73
2336.03	46
2334.49	53
2332.96	67
2331.42	46
2329.88	65
2328.35	69
2326.81	59
2325.27	68
2323.73	57
2322.19	65
2320.65	63
2319.11	62
2317.57	72
2316.03	61
2314.49	61
2312.94	72
2311.4	69
2309.85	62
2308.31	59
2306.77	67
2305.22	68
2303.67	55
2302.13	55
2300.58	78
2299.03	62
2297.48	68
2295.93	56
2294.38	54
2292.83	61
2291.28	57
2289.73	68
2288.18	58
2286.63	63
2285.07	67
2283.52	53
2281.97	62
2280.41	59
2278.86	60
2277.3	64
2275.74	71
2274.19	67
2272.63	66
2271.07	62
2269.51	56
2267.95	68
2266.39	58
2264.83	77
2263.27	59
2261.71	58
2260.15	64
2258.59	61
2257.02	61
2255.46	74
2253.89	51
2252.33	70
2250.76	67
2249.2	67
2247.63	61
2246.06	64
2244.49	61
2242.93	66
2241.36	64
2239.79	67
2238.22	58
2236.65	61
2235.08	59
2233.5	70
2231.93	52
2230.36	45
2228.78	75
2227.21	72
2225.63	61
2224.06	54
2222.48	59
2220.91	70
2219.33	62
2217.75	59
2216.17	69
2214.59	68
2213.01	59
2211.44	55
2209.85	70
2208.27	59
2206.69	52
2205.11	66
2203.53	76
2201.94	57
2200.36	60
2198.77	68
2197.19	65
2195.6	66
2194.02	69
2192.43	72
2190.84	52
2189.25	61
2187.66	71
2186.07	87
2184.48	56
2182.89	60
2181.3	71
2179.71	62
2178.12	68
2176.53	74
2174.93	62
2173.34	68
2171.74	71
2170.15	64
2168.55	59
2166.96	73
2165.36	66
2163.76	64
2162.16	68
2160.56	66
2158.97	69
2157.37	69
2155.76	66
2154.16	72
2152.56	59
2150.96	71
2149.36	69
2147.75	71
2146.15	80
2144.54	78
2142.94	76
2141.33	57
2139.73	84
2138.12	80
2136.51	65
2134.9	70
2133.29	79
2131.69	62
2130.08	78
2128.46	71
2126.85	93
2125.24	76
2123.63	73
2122.02	65
2120.4	76
2118.79	77
2117.17	66
2115.56	73
2113.94	81
2112.33	64
2110.71	63
2109.09	75
2107.47	75
2105.85	73
2104.23	62
2102.61	80
2100.99	76
2099.37	74
2097.75	79
2096.13	75
2094.5	84
2092.88	88
2091.26	75
2089.63	62
2088.01	86
2086.38	68
2084.75	72
2083.13	80
2081.5	59
2079.87	81
2078.24	80
2076.61	82
2074.98	70
2073.35	74
2071.72	75
2070.08	62
2068.45	81
2066.82	71
2065.18	69
2063.55	76
2061.92	83
2060.28	75
2058.64	82
2057.01	75
2055.37	84
2053.73	70
2052.09	78
2050.45	83
2048.81	74
2047.17	82
2045.53	75
2043.89	77
2042.25	92
2040.6	85
2038.96	79
2037.31	86
2035.67	77
2034.02	80
2032.38	79
2030.73	96
2029.08	95
2027.44	93
2025.79	76
2024.14	82
2022.49	86
2020.84	84
2019.19	103
2017.54	96
2015.88	105
2014.23	91
2012.58	88
2010.92	84
2009.27	96
2007.61	95
2005.96	94
2004.3	102
2002.64	86
2000.99	90
1999.33	104
1997.67	103
1996.01	109
1994.35	89
1992.69	103
1991.03	98
1989.36	112
1987.7	113
1986.04	111
1984.37	124
1982.71	109
1981.04	106
1979.38	109
1977.71	108
1976.05	116
1974.38	105
1972.71	115
1971.04	115
1969.37	110
1967.7	138
1966.03	133
1964.36	128
1962.69	138
1961.01	129
1959.34	131
1957.67	137
1955.99	136
1954.32	135
1952.64	137
1950.97	138
1949.29	149
1947.61	152
1945.93	152
1944.26	153
1942.58	145
1940.9	141
1939.21	162
1937.53	148
1935.85	167
1934.17	147
1932.49	139
1930.8	141
1929.12	142
1927.43	150
1925.75	148
1924.06	144
1922.37	163
1920.69	155
1919	169
1917.31	144
1915.62	160
1913.93	166
1912.24	142
1910.55	165
1908.86	182
1907.16	156
1905.47	169
1903.78	165
1902.08	167
1900.39	169
1898.69	166
1896.99	177
1895.3	159
1893.6	166
1891.9	165
1890.2	173
1888.5	181
1886.8	182
1885.1	169
1883.4	167
1881.7	169
1880	167
1878.29	167
1876.59	183
1874.88	154
1873.18	189
1871.47	148
1869.77	166
1868.06	172
1866.35	171
1864.64	159
1862.93	148
1861.22	167
1859.51	166
1857.8	166
1856.09	180
1854.38	164
1852.67	170
1850.95	151
1849.24	139
1847.52	164
1845.81	142
1844.09	155
1842.38	166
1840.66	164
1838.94	158
1837.22	157
1835.5	146
1833.78	143
1832.06	152
1830.34	153
1828.62	151
1826.9	169
1825.17	156
1823.45	152
1821.72	157
1820	158
1818.27	159
1816.55	158
1814.82	152
1813.09	155
1811.36	159
1809.64	162
1807.91	161
1806.18	156
1804.44	138
1802.71	158
1800.98	161
1799.25	167
1797.51	162
1795.78	149
1794.05	169
1792.31	151
1790.57	176
1788.84	153
1787.1	169
1785.36	175
1783.62	160
1781.88	162
1780.14	163
1778.4	159
1776.66	170
1774.92	168
1773.18	165
1771.43	178
1769.69	150
1767.95	159
1766.2	152
1764.45	183
1762.71	161
1760.96	189
1759.21	172
1757.47	160
1755.72	174
1753.97	161
1752.22	173
1750.47	172
1748.71	162
1746.96	183
1745.21	165
1743.45	167
1741.7	160
1739.94	163
1738.19	164
1736.43	163
1734.68	170
1732.92	168
1731.16	174
1729.4	186
1727.64	174
1725.88	169
1724.12	178
1722.36	193
1720.6	183
1718.83	189
1717.07	199
1715.3	201
1713.54	197
1711.77	186
1710.01	191
1708.24	194
1706.47	189
1704.71	197
1702.94	211
1701.17	198
1699.4	199
1697.63	195
1695.85	213
1694.08	224
1692.31	209
1690.54	196
1688.76	206
1686.99	211
1685.21	216
1683.44	219
1681.66	194
1679.88	207
1678.1	194
1676.32	222
1674.54	192
1672.76	201
1670.98	222
1669.2	203
1667.42	207
1665.64	178
1663.85	201
1662.07	215
1660.28	210
1658.5	184
1656.71	195
1654.92	199
1653.14	194
1651.35	197
1649.56	194
1647.77	206
1645.98	200
1644.19	197
1642.4	201
1640.61	215
1638.81	209
1637.02	208
1635.22	215
1633.43	215
1631.63	200
1629.84	211
1628.04	206
1626.24	220
1624.44	218
1622.64	208
1620.85	204
1619.04	205
1617.24	220
1615.44	205
1613.64	218
1611.84	202
1610.03	217
1608.23	208
1606.42	213
1604.62	211
1602.81	223
1601	227
1599.2	216
1597.39	209
1595.58	236
1593.77	210
1591.96	220
1590.15	220
1588.33	213
1586.52	228
1584.71	221
1582.89	238
1581.08	224
1579.26	239
1577.45	252
1575.63	233
1573.81	239
1571.99	246
1570.18	232
1568.36	246
1566.54	243
1564.72	250
1562.89	255
1561.07	262
1559.25	247
1557.42	262
1555.6	247
1553.78	274
1551.95	257
1550.12	256
1548.3	263
1546.47	276
1544.64	269
1542.81	251
1540.98	252
1539.15	274
1537.32	270
1535.49	281
1533.65	264
1531.82	262
1529.99	269
1528.15	285
1526.32	293
1524.48	274
1522.64	277
1520.81	281
1518.97	277
1517.13	289
1515.29	273
1513.45	269
1511.61	283
1509.77	283
1507.92	289
1506.08	289
1504.24	285
1502.39	256
1500.55	296
1498.7	291
1496.86	285
1495.01	273
1493.16	290
1491.31	280
1489.46	296
1487.61	277
1485.76	291
1483.91	283
1482.06	284
1480.21	300
1478.35	275
1476.5	296
1474.64	300
1472.79	272
1470.93	302
1469.07	294
1467.22	300
1465.36	294
1463.5	286
1461.64	301
1459.78	297
1457.92	310
1456.05	293
1454.19	309
1452.33	285
1450.46	333
1448.6	321
1446.73	315
1444.87	327
1443	315
1441.13	321
1439.26	315
1437.39	328
1435.52	348
1433.65	316
1431.78	323
1429.91	326
1428.04	322
1426.17	340
1424.29	308
1422.42	324
1420.54	333
1418.66	339
1416.79	312
1414.91	320
1413.03	336
1411.15	331
1409.27	348
1407.39	340
1405.51	314
1403.63	338
1401.75	314
1399.86	350
1397.98	316
1396.09	331
1394.21	301
1392.32	315
1390.44	339
1388.55	334
1386.66	346
1384.77	327
1382.88	334
1380.99	310
1379.1	321
1377.21	319
1375.31	324
1373.42	321
1371.53	319
1369.63	331
1367.74	316
1365.84	304
1363.94	321
1362.05	306
1360.15	318
1358.25	300
1356.35	314
1354.45	305
1352.55	315
1350.64	315
1348.74	316
1346.84	303
1344.93	309
1343.03	292
1341.12	292
1339.22	300
1337.31	290
1335.4	285
1333.49	310
1331.58	292
1329.67	268
1327.76	287
1325.85	261
1323.94	279
1322.03	274
1320.11	270
1318.2	290
1316.28	261
1314.37	260
1312.45	251
1310.53	283
1308.62	253
1306.7	249
1304.78	260
1302.86	266
1300.94	240
1299.01	243
1297.09	237
1295.17	262
1293.24	261
1291.32	250
1289.39	238
1287.47	249
1285.54	249
1283.61	261
1281.68	243
1279.76	237
1277.83	243
1275.9	245
1273.96	247
1272.03	246
1270.1	261
1268.17	250
1266.23	241
1264.3	242
1262.36	243
1260.42	251
1258.49	249
1256.55	235
1254.61	239
1252.67	254
1250.73	258
1248.79	247
1246.85	232
1244.91	244
1242.96	223
1241.02	247
1239.07	242
1237.13	252
1235.18	214
1233.24	234
1231.29	230
1229.34	221
1227.39	216
1225.44	241
1223.49	231
1221.54	227
1219.59	205
1217.63	230
1215.68	219
1213.73	216
1211.77	208
1209.81	207
1207.86	209
1205.9	224
1203.94	226
1201.98	218
1200.02	204
1198.06	211
1196.1	222
1194.14	199
1192.18	225
1190.21	212
1188.25	206
1186.29	219
1184.32	190
1182.35	203
1180.39	198
1178.42	199
1176.45	200
1174.48	201
1172.51	196
1170.54	209
1168.57	222
1166.6	204
1164.62	213
1162.65	196
1160.67	189
1158.7	183
1156.72	208
1154.74	209
1152.77	204
1150.79	191
1148.81	210
1146.83	198
1144.85	205
1142.87	206
1140.88	202
1138.9	213
1136.92	213
1134.93	205
1132.95	195
1130.96	211
1128.97	175
1126.99	209
1125	203
1123.01	196
1121.02	204
1119.03	194
1117.04	197
1115.04	194
1113.05	200
1111.06	192
1109.06	183
1107.07	211
1105.07	215
1103.08	186
1101.08	194
1099.08	200
1097.08	200
1095.08	188
1093.08	199
1091.08	187
1089.08	202
1087.07	186
1085.07	170
1083.06	194
1081.06	196
1079.05	199
1077.05	177
1075.04	177
1073.03	193
1071.02	182
1069.01	194
1067	189
1064.99	189
1062.98	187
1060.96	195
1058.95	173
1056.93	185
1054.92	187
1052.9	170
1050.89	182
1048.87	147
1046.85	191
1044.83	174
1042.81	177
1040.79	173
1038.77	176
1036.75	178
1034.72	177
1032.7	179
1030.67	181
1028.65	170
1026.62	171
1024.59	183
1022.57	180
1020.54	187
1018.51	165
1016.48	182
1014.45	172
1012.42	186
1010.38	180
1008.35	195
1006.32	195
1004.28	184
1002.24	193
1000.21	200
998.171	186
996.133	186
994.094	182
992.054	187
990.013	184
987.972	183
985.93	171
983.888	199
981.843	204
979.799	194
977.754	206
975.708	188
973.661	178
971.614	198
969.565	199
967.516	195
965.466	190
963.415	195
961.364	193
959.312	200
957.258	186
955.204	203
953.15	186
951.094	199
949.038	202
946.98	181
944.923	198
942.864	205
940.804	188
938.744	199
936.683	195
934.621	205
932.558	197
930.495	188
928.43	200
926.365	192
924.299	183
922.233	197
920.165	172
918.096	180
916.028	170
913.957	194
911.887	193
909.815	210
907.743	194
905.669	201
903.595	185
901.521	179
899.445	169
897.369	203
895.292	185
893.214	185
891.135	194
889.055	185
886.975	194
884.894	187
882.812	205
880.729	189
878.646	187
876.561	201
874.475	196
872.389	183
870.303	183
868.215	194
866.126	185
864.037	204
861.947	180
859.856	168
857.764	183
855.671	181
853.578	192
851.484	186
849.389	174
847.293	176
845.196	193
843.099	188
841	183
838.901	189
836.801	196
834.701	175
832.599	184
830.496	172
828.393	193
826.29	176
824.184	186
822.079	182
819.972	186
817.865	183
815.757	174
813.648	177
811.538	191
809.428	181
807.316	176
805.204	177
803.091	191
800.977	164
798.863	175
796.747	170
794.631	163
792.513	184
790.395	160
788.276	172
786.157	185
784.036	168
781.915	174
779.793	168
777.669	190
775.546	187
773.421	174
771.296	161
769.169	180
767.042	171
764.915	168
762.786	179
760.656	173
758.526	166
756.394	170
754.262	176
752.129	174
749.995	165
747.861	179
745.725	167
743.588	170
741.452	167
739.314	177
737.175	164
735.035	158
732.895	157
730.753	166
728.611	153
726.469	166
724.324	139
722.18	167
720.034	141
717.888	165
715.741	147
713.593	170
711.444	166
709.294	165
707.144	153
704.992	160
702.84	159
700.687	163
698.533	161
696.378	147
694.222	160
692.066	170
689.909	150
687.751	165
685.592	156
683.432	150
681.271	131
679.109	147
676.947	157
674.784	162
672.62	147
670.455	142
668.289	144
666.122	155
663.955	159
661.787	162
659.618	147
657.448	150
655.277	162
653.104	158
650.932	149
648.759	152
646.584	167
644.409	159
642.233	145
640.056	149
637.879	170
635.7	164
633.52	178
631.34	175
629.159	163
626.977	181
624.794	168
622.61	175
620.426	158
618.24	160
616.054	169
613.867	146
611.679	160
609.49	149
607.301	136
605.11	141
602.919	147
600.726	150
598.532	157
596.339	150
594.144	141
591.948	146
589.751	141
587.554	133
585.355	175
583.156	157
580.956	159
578.755	159
576.553	167
574.35	152
572.147	139
569.943	180
567.737	186
565.531	172
563.323	168
561.116	172
558.907	166
556.698	161
554.487	150
552.275	150
550.063	152
547.85	153
545.636	159
543.421	151
541.206	147
538.988	140
536.771	145
534.553	144
532.333	146
530.113	140
527.892	138
525.67	143
523.447	160
521.224	135
518.999	154
516.774	151
514.548	156
512.321	150
510.093	134
507.863	153
505.634	142
503.403	152
501.172	129
498.939	135
496.705	149
494.472	147
492.237	134
490.001	147
487.764	142
485.526	127
483.287	150
481.047	145
478.807	154
476.565	141
474.324	148
472.08	161
469.837	157
467.591	167
465.346	151
463.099	164
460.852	153
458.604	165
456.354	152
454.103	162
451.852	156
449.601	157
447.348	177
445.094	182
442.84	193
440.584	174
438.327	173
436.07	189
433.812	181
431.553	191
429.293	173
427.032	175
424.77	177
422.507	199
420.244	204
417.979	191
415.714	190
413.448	173
411.18	194
408.912	194
406.643	196
404.373	199
402.102	213
399.83	217
397.558	203
395.285	230
393.01	204
390.734	227
388.458	219
386.181	216
383.903	219
381.624	222
379.345	208
377.064	226
374.782	214
372.5	246
370.216	223
367.932	222
365.646	249
363.36	217
361.073	221
358.785	236
356.496	237
354.207	245
351.915	239
349.624	237
347.331	248
345.038	219
342.743	253
340.448	236
338.152	237
335.855	240
333.556	220
331.257	233
328.958	220
326.657	233
324.355	228
322.053	230
319.749	229
317.444	216
315.139	235
312.833	230
310.526	211
308.217	237
305.908	244
303.599	236
301.288	231
298.976	228
296.663	225
294.349	232
292.035	220
289.719	244
287.403	222
285.085	229
282.767	240
280.448	228
278.128	256
275.807	241
273.485	241
271.161	242
268.837	248
266.513	248
264.187	257
261.861	235
259.533	251
257.205	278
254.875	238
252.544	239
250.213	270
247.881	252
245.548	253
243.214	243
240.879	252
238.543	261
236.206	254
233.869	273
231.53	272
229.19	278
226.849	273
224.508	257
222.165	273
219.822	270
217.478	273
215.132	289
212.785	291
210.439	299
208.091	279
205.741	311
203.391	313
201.04	292
198.688	296
196.336	294
193.982	290
191.627	305
189.271	300
186.915	312
184.557	317
182.199	293
179.84	317
177.478	308
175.117	324
172.755	285
170.392	323
168.028	315
165.662	316
163.297	332
160.929	337
158.561	350
156.193	334
153.823	336
151.452	322
149.08	343
146.707	323
144.334	355
141.959	322
139.584	317
137.207	358
134.829	366
132.451	336
130.071	349
127.692	361
125.31	345
122.927	357
120.545	352
118.16	359
115.775	395
113.388	409
111.001	407
108.613	406
106.224	418
103.834	442
101.444	449
99.052	496
96.6594	465
94.2649	475
91.8705	533
89.4743	541
87.0781	582
84.68	625
82.282	660
79.882	757
77.4812	875
75.0805	1331
72.6778	1945
70.2743	2052
67.8698	2813
65.4644	3794
63.0582	4398
60.651	4873
58.2419	5260
55.8328	5593
53.4229	5679
51.011	5709
48.5993	5723
46.1856	5686
43.772	5635
41.3565	5638
38.941	5529
36.5237	5600
34.1054	5729
31.6862	5992
29.2661	6333
26.8451	6991
24.4231	8214
22.0002	14667
19.5764	44020
17.1517	64524
14.7261	64524
12.2995	64524
9.87099	64524
7.44256	64524
5.01321	64524
2.58195	64524
0.14975	64524
-2.28238	64524
-4.71644	64524
-7.15142	64524
-9.58634	64524
-12.0232	62785
-14.461	61327
-16.8997	50131
-19.3393	46199
-21.7799	44673
-24.2214	41913
-26.6638	39610
-29.1072	26146
-31.5525	10082
-33.9977	4679
-36.4439	3293
-38.892	2545
-41.3401	2019
-43.7901	1705
-46.24	1434
-48.6919	1277
-51.1447	1117
-53.5974	958
-56.0521	859
-58.5078	733
-60.9643	667
-63.4218	591
-65.8803	543
-68.3397	474
-70.8	421
-73.2613	386
-75.7236	354
-78.1878	314
-80.6519	269
-83.117	279
-85.584	243
-88.051	209
-90.5199	183
-92.9888	159
-95.4596	136
-97.9314	132
-100.403	131
-102.877	142
-105.351	112
-107.827	116
-110.304	102
-112.781	92
-115.26	73
-117.739	88
-120.219	74
-122.701	73
-125.184	62
-127.667	65
-130.151	60
-132.637	67
-135.124	39
-137.612	57
-140.1	57
-142.59	52
-145.08	52
-147.572	60
-150.065	57
-152.558	47
-155.052	52
-157.548	38
-160.045	44
-162.542	47
-165.041	28
-167.541	52
-170.041	53
-172.544	34
-175.047	38
-177.55	40
-180.056	34
-182.561	31
-185.068	53
-187.576	37
-190.084	42
-192.595	57
-195.105	30
-197.617	47
-200.131	29
-202.645	37
-205.159	25
-207.676	51
-210.193	36
-212.711	39
-215.23	47
-217.75	47
-220.271	42
-222.794	40
-225.318	42
-227.842	50
-230.367	38
-232.893	41
-235.421	32
-237.949	41
-240.479	33
-243.009	47
-245.541	37
-248.073	44
-250.607	35
-253.142	41
-255.677	44
-258.214	23
-260.752	46
-263.291	38
-265.83	41
-268.371	34
-270.913	52
-273.456	39
-276	41
-278.545	39
-281.091	25
-283.639	44
-286.187	38
-288.735	43
-291.286	30
-293.837	31
-296.389	40
-298.943	31
-301.497	52
-304.053	37
-306.61	36
-309.166	52
-311.725	32
-314.285	32
-316.846	47
-319.408	46
-321.97	30
-324.534	32
-327.099	38
-329.665	38
-332.232	35
-334.801	43
-337.37	42
-339.94	33
-342.511	41
-345.083	34
-347.657	22
-350.231	25
-352.807	35
-355.383	49
-357.96	19
-360.539	21
-363.119	31
-365.699	28
-368.281	37
-370.864	24
-373.448	31
-376.033	38
-378.619	30
-381.206	31
-383.794	32
-386.384	44
-388.974	51
-391.565	37
-394.158	40
-396.751	30
-399.346	26
-401.941	32
-404.537	31
-407.136	32
-409.735	45
-412.334	23
-414.936	30
-417.537	38
-420.141	38
-422.745	31
-425.35	36
-427.956	43
-430.564	31
-433.173	43
-435.781	50
-438.392	40
-441.004	46
-443.617	50
-446.231	44
-448.846	37
-451.461	24
-454.078	33
-456.698	27
-459.317	40
-461.937	45
-464.558	38
-467.181	17
-469.804	32
-472.428	38
-475.055	35
-477.681	41
-480.309	49
-482.939	50
-485.568	41
-488.2	28
-490.832	31
-493.465	33
-496.099	35
-498.735	41
-501.372	44
-504.009	32
-506.648	47
-509.288	42
-511.929	29
-514.572	30
-517.215	20
-519.858	44
-522.504	33
-525.15	41
-527.797	45
-530.447	28
-533.097	42
-535.747	33
-538.399	43
-541.052	29
-543.706	28
-546.362	37
-549.018	45
-551.675	36
-554.334	43
-556.993	42
-559.654	29
-562.316	39
-564.979	30
-567.642	22
-570.308	25
-572.975	33
-575.641	34
-578.31	45
-580.98	31
-583.65	53
-586.322	41
-588.995	33
-591.669	35
-594.344	32
-597.02	35
-599.698	27
-602.376	33
-605.056	34
-607.736	28
-610.418	32
-613.1	38
-615.784	35
-618.47	49
-621.156	32
-623.843	48
-626.531	27
-629.222	26
-631.912	39
-634.603	36
-637.297	36
-639.99	22
-642.686	47
-645.382	36
-648.08	46
-650.779	42
-653.477	37
-656.179	30
-658.881	48
-661.583	45
-664.287	33
-666.993	35
-669.7	33
-672.407	32
-675.115	39
-677.825	37
-680.536	26
-683.248	39
-685.961	22
-688.675	42
-691.391	23
-694.108	43
-696.826	34
-699.544	37
-702.264	39
-704.985	40
-707.708	32
-710.431	33
-713.155	29
-715.88	28
-718.608	38
-721.335	28
-724.065	19
-726.795	43
-729.527	36
-732.258	41
-734.993	36
-737.727	32
-740.463	38
-743.2	32
-745.938	31
-748.678	24
-751.418	28
-754.159	33
-756.902	36
-759.646	34
-762.391	36
-765.138	38
-767.885	49
-770.633	38
-773.382	33
-776.133	28
-778.885	47
-781.638	53
-784.393	31
-787.149	41
-789.905	24
-792.663	34
-795.421	43
-798.181	32
-800.942	35
-803.705	32
-806.469	35
-809.233	34
-811.999	32
-814.766	34
-817.534	24
-820.304	30
-823.073	45
-825.846	34
-828.618	43
-831.392	30
-834.167	43
-836.944	37
-839.72	29
-842.499	28
-845.279	31
-848.06	38
-850.842	41
-853.626	41
-856.41	42
-859.195	28
-861.982	25
-864.77	31
-867.559	31
-870.35	33
-873.141	24
-875.934	29
-878.728	38
-881.522	26
-884.318	47
-887.116	34
-889.915	37
-892.714	35
-895.515	41
-898.317	22
-901.12	47
-903.924	27
-906.729	30
-909.537	35
-912.345	41
-915.153	34
-917.963	40
-920.776	33
-923.588	36
-926.401	41
-929.217	35
-932.033	28
-934.851	31
-937.669	38
-940.488	47
-943.31	26
-946.131	38
-948.955	28
-951.78	39
-954.605	28
-957.432	27
-960.26	35
-963.09	44
-965.92	22
-968.751	32
-971.584	36
-974.419	46
-977.254	36
-980.09	35
-982.928	28
-985.767	38
-988.607	25
-991.448	26
-994.291	32
-997.135	30
-999.979	29
-1002.82	39
-1005.67	29
-1008.52	32
-1011.37	27
-1014.22	33
-1017.07	42
-1019.93	23
-1022.78	32
-1025.64	36
-1028.49	41
-1031.35	27
-1034.21	20
-1037.07	36
-1039.93	36
-1042.8	35
-1045.66	42
-1048.53	30
-1051.39	22
-1054.26	42
-1057.13	42
-1060	31
-1062.87	31
-1065.74	27
-1068.62	35
-1071.49	25
-1074.37	40
-1077.25	20
-1080.12	34
-1083.01	28
-1085.89	49
-1088.77	42
-1091.65	38
-1094.54	35
-1097.42	36
-1100.31	29
-1103.2	35
-1106.09	51
-1108.98	38
-1111.87	30
-1114.77	41
-1117.66	28
-1120.56	36
-1123.45	41
-1126.35	45
-1129.25	41
-1132.15	32
-1135.05	42
-1137.96	27
-1140.86	35
-1143.77	39
-1146.67	24
-1149.58	49
-1152.49	32
-1155.4	30
-1158.32	38
-1161.23	14
-1164.14	47
-1167.06	28
-1169.98	51
-1172.89	39
-1175.81	49
-1178.73	46
-1181.66	42
-1184.58	46
-1187.5	56
-1190.43	69
-1193.35	61
-1196.28	57
-1199.21	51
-1202.14	66
-1205.08	47
-1208.01	45
-1210.94	59
-1213.88	70
-1216.82	63
-1219.75	74
-1222.69	63
-1225.63	54
-1228.58	61
-1231.52	82
-1234.46	81
-1237.41	76
-1240.35	93
-1243.3	97
-1246.25	121
-1249.2	155
-1252.16	142
-1255.11	167
-1258.06	155
-1261.02	149
-1263.97	146
-1266.93	123
-1269.89	118
-1272.85	86
-1275.82	65
-1278.78	57
-1281.74	50
-1284.71	37
-1287.68	61
-1290.65	41
-1293.62	51
-1296.59	49
-1299.56	31
-1302.53	29
-1305.51	43
-1308.48	40
-1311.46	37
-1314.44	30
-1317.42	35
-1320.4	30
-1323.38	44
-1326.37	43
-1329.35	49
-1332.34	28
-1335.32	47
-1338.31	40
-1341.3	34
-1344.29	47
-1347.29	40
-1350.28	36
-1353.28	28
-1356.27	47
-1359.27	46
-1362.27	32
-1365.27	34
-1368.27	38
-1371.27	26
-1374.28	27
-1377.28	40
-1380.29	25
-1383.3	23
-1386.31	39
-1389.32	34
-1392.33	36
2
-968.751	32
-971.584	36
-974.419	46
-977.254	36
-980.09	35
-982.928	28
-985.767	38
-988.607	25
-991.448	26
-994.291	32
-997.135	30
-999.979	29
-1002.82	39
-1005.67	29
-1008.52	32
-1011.37	27
-1014.22	33
-1017.07	42
-1019.93	23
-1022.78	32
-1025.64	36
-1028.49	41
-1031.35	27
-1034.21	20
-1037.07	36
-1039.93	36
-1042.8	35
-1045.66	42
-1048.53	30
-1051.39	22
-1054.26	42
-1057.13	42
-1060	31
-1062.87	31
-1065.74	27
-1068.62	35
-1071.49	25
-1074.37	40
-1077.25	20
-1080.12	34
-1083.01	28
-1085.89	49
-1088.77	42
-1091.65	38
-1094.54	35
-1097.42	36
-1100.31	29
-1103.2	35
-1106.09	51
-1108.98	38
-1111.87	30
-1114.77	41
-1117.66	28
-1120.56	36
-1123.45	41
-1126.35	45
-1129.25	41
-1132.15	32
-1135.05	42
-1137.96	27
-1140.86	35
-1143.77	39
-1146.67	24
-1149.58	49
-1152.49	32
-1155.4	30
-1158.32	38
-1161.23	14
-1164.14	47
-1167.06	28
-1169.98	51
-1172.89	39
-1175.81	49
-1178.73	46
-1181.66	42
-1184.58	46
-1187.5	56
-1190.43	69
-1193.35	61
-1196.28	57
-1199.21	51
-1202.14	66
-1205.08	47
-1208.01	45
-1210.94	59
-1213.88	70
-1216.82	63
-1219.75	74
-1222.69	63
-1225.63	54
-1228.58	61
-1231.52	82
-1234.46	81
-1237.41	76
-1240.35	93
-1243.3	97
-1246.25	121
-1249.2	155
-1252.16	142
-1255.11	167
-1258.06	155
-1261.02	149
-1263.97	146
-1266.93	123
-1269.89	118
-1272.85	86
-1275.82	65
-1278.78	57
-1281.74	50
-1284.71	37
-1287.68	61
-1290.65	41
-1293.62	51
-1296.59	49
-1299.56	31
-1302.53	29
-1305.51	43
-1308.48	40
-1311.46	37
-1314.44	30
-1317.42	35
-1320.4	30
-1323.38	44
-1326.37	43
-1329.35	49
-1332.34	28
-1335.32	47
-1338.31	40
-1341.3	34
-1344.29	47
-1347.29	40
-1350.28	36
-1353.28	28
-1356.27	47
-1359.27	46
-1362.27	32
-1365.27	34
-1368.27	38
-1371.27	26
-1374.28	27
-1377.28	40
-1380.29	25
-1383.3	23
-1386.31	39
-1389.32	34
-1392.33	36
