2745.96	58
2744.57	49.3333
2743.18	53.6667
2741.8	57.6667
2740.41	58
2739.02	46.6667
2737.63	50.6667
2736.24	50.3333
2734.85	50.3333
2733.46	52.6667
2732.07	50.3333
2730.68	45.6667
2729.29	46.6667
2727.9	46
2726.5	48.6667
2725.11	53.3333
2723.72	46.3333
2722.32	45
2720.93	46.6667
2719.53	48.6667
2718.14	53
2716.74	47.3333
2715.34	49.3333
2713.95	51
2712.55	46
2711.15	49.6667
2709.75	51.3333
2708.35	39.6667
2706.95	50.3333
2705.55	56.3333
2704.15	56.3333
2702.75	46.6667
2701.35	44
2699.95	54.6667
2698.55	45.3333
2697.14	43.6667
2695.74	46.3333
2694.33	52.6667
2692.93	51.6667
2691.52	48.3333
2690.12	44.6667
2688.71	50.3333
2687.31	45.3333
2685.9	55.3333
2684.49	48
2683.08	55.3333
2681.67	42.6667
2680.26	42.3333
2678.85	45.6667
2677.44	49.6667
2676.03	51.3333
2674.62	53
2673.21	46
2671.8	51.6667
2670.38	44.3333
2668.97	39.6667
2667.56	44.6667
2666.14	45
2664.73	39.6667
2663.31	38
2661.9	50
2660.48	44.6667
2659.06	35.3333
2657.64	34.6667
2656.23	48.3333
2654.81	52
2653.39	46.3333
2651.97	52.6667
2650.55	47.3333
2649.13	40.3333
2647.71	51
2646.29	43.6667
2644.86	40.3333
2643.44	49.3333
2642.02	49
2640.6	48.3333
2639.17	46
2637.75	48.3333
2636.32	47
2634.9	44.6667
2633.47	47.3333
2632.04	45.3333
2630.62	47.6667
2629.19	43
2627.76	53.3333
2626.33	46
2624.9	47.6667
2623.47	42.6667
2622.04	54.3333
2620.61	47.6667
2619.18	40
2617.75	47.3333
2616.31	41
2614.88	45
2613.45	47.3333
2612.01	50.3333
2610.58	50
2609.14	44
2607.71	46.6667
2606.27	46.6667
2604.84	48
2603.4	47.3333
2601.96	45.6667
2600.52	40.3333
2599.08	45
2597.65	35
2596.21	49.3333
2594.77	46.3333
2593.32	46.6667
2591.88	39.3333
2590.44	48.3333
2589	46.6667
2587.56	44.6667
2586.11	39
2584.67	44.6667
2583.22	50.3333
2581.78	47.3333
2580.33	44.6667
2578.89	42.3333
2577.44	50.6667
2575.99	42.3333
2574.55	45.3333
2573.1	46
2571.65	39.3333
2570.2	44.3333
2568.75	43
2567.3	51
2565.85	44.6667
2564.4	41.6667
2562.95	39.3333
2561.5	41.6667
2560.04	46
2558.59	40
2557.14	48
2555.68	40
2554.23	44.6667
2552.77	40.6667
2551.31	41.6667
2549.86	47
2548.4	39.3333
2546.94	48
2545.49	49.3333
2544.03	36.3333
2542.57	37.6667
2541.11	45.3333
2539.65	41.6667
2538.19	49.6667
2536.73	41.6667
2535.26	45
2533.8	39.6667
2532.34	41.3333
2530.88	39.6667
2529.41	45
2527.95	41
2526.48	43.3333
2525.02	37.6667
2523.55	40.6667
2522.08	43.3333
2520.62	39.3333
2519.15	37.6667
2517.68	37
2516.21	43.3333
2514.74	39
2513.27	44.3333
2511.8	41.6667
2510.33	41
2508.86	39.3333
2507.39	38.6667
2505.92	42
2504.44	45.6667
2502.97	40.6667
2501.5	43.3333
2500.02	41
2498.55	45.3333
2497.07	42.6667
2495.59	39
2494.12	35
2492.64	44
2491.16	41.6667
2489.68	34.6667
2488.2	47.6667
2486.73	41
2485.25	40.3333
2483.76	44
2482.28	44
2480.8	48.6667
2479.32	41.6667
2477.84	40.6667
2476.35	46.3333
2474.87	38.3333
2473.39	39.6667
2471.9	43.6667
2470.42	39.3333
2468.93	40
2467.44	36.6667
2465.96	44.6667
2464.47	44.6667
2462.98	44
2461.49	41.6667
2460	37.3333
2458.51	48
2457.02	48.3333
2455.53	43
2454.04	39.3333
2452.55	45.6667
2451.06	44.3333
2449.56	37
2448.07	47.6667
2446.58	42.3333
2445.08	46.6667
2443.59	44.3333
2442.09	47.3333
2440.59	49
2439.1	38.6667
2437.6	39.6667
2436.1	37.6667
2434.6	41
2433.11	44.6667
2431.61	40.6667
2430.11	38.6667
2428.61	37
2427.1	47.3333
2425.6	42
2424.1	45.3333
2422.6	34.3333
2421.09	44.6667
2419.59	37.3333
2418.09	43.3333
2416.58	43
2415.07	43.3333
2413.57	44
2412.06	37.6667
2410.56	44.6667
2409.05	39
2407.54	51
2406.03	43
2404.52	29.6667
2403.01	42.6667
2401.5	39.6667
2399.99	33.6667
2398.48	39
2396.97	39.6667
2395.45	39.6667
2393.94	42.6667
2392.43	41.3333
2390.91	38.3333
2389.4	45
2387.88	38
2386.37	36
2384.85	37.6667
2383.33	41.6667
2381.81	48.6667
2380.3	33.3333
2378.78	42
2377.26	33.3333
2375.74	38.3333
2374.22	34.6667
2372.7	42.3333
2371.17	42.6667
2369.65	37
2368.13	38.6667
2366.61	37.3333
2365.08	33.6667
2363.56	44
2362.03	40.6667
2360.51	40.3333
2358.98	30.3333
2357.46	42.6667
2355.93	31.6667
2354.4	40.6667
2352.87	45
2351.34	38
2349.81	34.3333
2348.29	38
2346.75	36.3333
2345.22	40.3333
2343.69	42.6667
2342.16	38.3333
2340.63	34
2339.09	30.3333
2337.56	38.3333
2336.03	41
2334.49	37
2332.96	36
2331.42	39.3333
2329.88	47.3333
2328.35	33.3333
2326.81	34.6667
2325.27	41.6667
2323.73	36.6667
2322.19	34.6667
2320.65	41.6667
2319.11	38.3333
2317.57	36.3333
2316.03	39
2314.49	33.6667
2312.94	35
2311.4	27.3333
2309.85	42.6667
2308.31	36.6667
2306.77	37.6667
2305.22	37.6667
2303.67	41.3333
2302.13	43.6667
2300.58	35.3333
2299.03	27
2297.48	35
2295.93	35.6667
2294.38	35.3333
2292.83	30.6667
2291.28	37.6667
2289.73	31.3333
2288.18	36.6667
2286.63	42
2285.07	35
2283.52	47
2281.97	34.6667
2280.41	38.6667
2278.86	37.3333
2277.3	27.6667
2275.74	34.3333
2274.19	40.3333
2272.63	37.6667
2271.07	38.3333
2269.51	39.3333
2267.95	35.3333
2266.39	36.3333
2264.83	46.3333
2263.27	42
2261.71	39
2260.15	34.3333
2258.59	40.3333
2257.02	38
2255.46	35.3333
2253.89	27.3333
2252.33	35.6667
2250.76	29.6667
2249.2	40.3333
2247.63	36
2246.06	39.6667
2244.49	31.6667
2242.93	32.3333
2241.36	38.3333
2239.79	41
2238.22	40
2236.65	32
2235.08	38.3333
2233.5	35.6667
2231.93	38.6667
2230.36	37.6667
2228.78	37.3333
2227.21	33.3333
2225.63	38.6667
2224.06	38.3333
2222.48	42.3333
2220.91	39
2219.33	38.3333
2217.75	29.6667
2216.17	35.6667
2214.59	29
2213.01	35.6667
2211.44	45.3333
2209.85	32
2208.27	41
2206.69	34.6667
2205.11	35.3333
2203.53	39.6667
2201.94	37
2200.36	43.3333
2198.77	39
2197.19	33.3333
2195.6	37.3333
2194.02	32.3333
2192.43	42
2190.84	33.6667
2189.25	34.3333
2187.66	34.3333
2186.07	35
2184.48	36
2182.89	36.6667
2181.3	39.3333
2179.71	32.6667
2178.12	32.6667
2176.53	35.6667
2174.93	35
2173.34	39.3333
2171.74	34
2170.15	32
2168.55	38
2166.96	38.3333
2165.36	37.3333
2163.76	39.3333
2162.16	41
2160.56	36
2158.97	38.6667
2157.37	36
2155.76	36.3333
2154.16	40
2152.56	35.6667
2150.96	36
2149.36	37
2147.75	33.6667
2146.15	23.6667
2144.54	32
2142.94	33.3333
2141.33	33
2139.73	36.3333
2138.12	32.6667
2136.51	41
2134.9	35
2133.29	38.6667
2131.69	38.3333
2130.08	40
2128.46	32
2126.85	33.3333
2125.24	38.6667
2123.63	38
2122.02	40.3333
2120.4	37
2118.79	41.3333
2117.17	39
2115.56	35
2113.94	43.6667
2112.33	37.3333
2110.71	33
2109.09	30.3333
2107.47	37
2105.85	42
2104.23	39
2102.61	34.6667
2100.99	36
2099.37	38.6667
2097.75	31.3333
2096.13	36.6667
2094.5	39
2092.88	30.6667
2091.26	34.3333
2089.63	37.3333
2088.01	35.3333
2086.38	36.3333
2084.75	33.6667
2083.13	38
2081.5	41.3333
2079.87	36
2078.24	38.3333
2076.61	33.6667
2074.98	42.6667
2073.35	26.6667
2071.72	34.3333
2070.08	37
2068.45	32.6667
2066.82	34.3333
2065.18	35.3333
2063.55	40.3333
2061.92	37.3333
2060.28	35.3333
2058.64	41
2057.01	37.3333
2055.37	38.3333
2053.73	36.3333
2052.09	32.6667
2050.45	42.6667
2048.81	35
2047.17	30.6667
2045.53	31
2043.89	45
2042.25	33.6667
2040.6	32.3333
2038.96	38.6667
2037.31	38.3333
2035.67	38
2034.02	40.3333
2032.38	30
2030.73	45.3333
2029.08	29
2027.44	34.3333
2025.79	35.6667
2024.14	39.3333
2022.49	36
2020.84	34.6667
2019.19	38.3333
2017.54	34.6667
2015.88	35.3333
2014.23	39.6667
2012.58	39.3333
2010.92	39.3333
2009.27	38.3333
2007.61	30.6667
2005.96	36.3333
2004.3	37.3333
2002.64	33
2000.99	44.6667
1999.33	34.3333
1997.67	41.6667
1996.01	29.6667
1994.35	31.3333
1992.69	32.6667
1991.03	39
1989.36	34.3333
1987.7	34.3333
1986.04	45
1984.37	41
1982.71	41
1981.04	38
1979.38	39.3333
1977.71	41.3333
1976.05	40.6667
1974.38	40
1972.71	37.3333
1971.04	40
1969.37	42.3333
1967.7	44.3333
1966.03	32.3333
1964.36	43.6667
1962.69	47.6667
1961.01	43.3333
1959.34	45
1957.67	53.6667
1955.99	38.3333
1954.32	53.3333
1952.64	40.3333
1950.97	49.6667
1949.29	46.6667
1947.61	40
1945.93	51.3333
1944.26	42.3333
1942.58	51
1940.9	40.3333
1939.21	52
1937.53	44.6667
1935.85	48
1934.17	43.3333
1932.49	47
1930.8	49
1929.12	48.3333
1927.43	46.6667
1925.75	50.6667
1924.06	46.3333
1922.37	46.6667
1920.69	47.3333
1919	44.3333
1917.31	53
1915.62	49.3333
1913.93	53.3333
1912.24	57.3333
1910.55	45.6667
1908.86	43
1907.16	49.6667
1905.47	59
1903.78	49
1902.08	48.3333
1900.39	47.6667
1898.69	49.6667
1896.99	50
1895.3	54.3333
1893.6	55.6667
1891.9	49
1890.2	50.3333
1888.5	49.6667
1886.8	43.3333
1885.1	48
1883.4	58.6667
1881.7	46.6667
1880	51.6667
1878.29	54.6667
1876.59	51.6667
1874.88	45
1873.18	55
1871.47	49
1869.77	47.6667
1868.06	52
1866.35	44.6667
1864.64	42.6667
1862.93	43.3333
1861.22	44.6667
1859.51	37
1857.8	50.6667
1856.09	48
1854.38	43
1852.67	43.3333
1850.95	38.6667
1849.24	43
1847.52	48.3333
1845.81	40.3333
1844.09	38.6667
1842.38	46.3333
1840.66	42
1838.94	43.6667
1837.22	36
1835.5	49.6667
1833.78	44
1832.06	43.3333
1830.34	52.3333
1828.62	34.3333
1826.9	43.6667
1825.17	46
1823.45	39.3333
1821.72	42.3333
1820	39.3333
1818.27	49.3333
1816.55	44
1814.82	46.6667
1813.09	42.6667
1811.36	41.3333
1809.64	47
1807.91	44.3333
1806.18	39
1804.44	45.3333
1802.71	47.6667
1800.98	50.3333
1799.25	37.6667
1797.51	43
1795.78	47.6667
1794.05	38.6667
1792.31	48.6667
1790.57	42.3333
1788.84	45
1787.1	42.3333
1785.36	50.3333
1783.62	43.3333
1781.88	48.6667
1780.14	41.3333
1778.4	45.6667
1776.66	42.6667
1774.92	48
1773.18	42
1771.43	55
1769.69	48.3333
1767.95	49
1766.2	47
1764.45	50.6667
1762.71	46
1760.96	42.3333
1759.21	46.6667
1757.47	44
1755.72	46.3333
1753.97	45.6667
1752.22	36
1750.47	36.3333
1748.71	41.6667
1746.96	40.6667
1745.21	44.3333
1743.45	43
1741.7	41.6667
1739.94	34.3333
1738.19	50
1736.43	43.3333
1734.68	43
1732.92	41.6667
1731.16	47.6667
1729.4	49.6667
1727.64	44
1725.88	46.3333
1724.12	44.3333
1722.36	44.6667
1720.6	44.6667
1718.83	48.6667
1717.07	48.6667
1715.3	48.3333
1713.54	52.6667
1711.77	49.3333
1710.01	47.3333
1708.24	46.6667
1706.47	49.3333
1704.71	52
1702.94	46.3333
1701.17	51.3333
1699.4	54.3333
1697.63	49
1695.85	52.6667
1694.08	47.6667
1692.31	49
1690.54	52
1688.76	55
1686.99	55.3333
1685.21	49.3333
1683.44	51.3333
1681.66	51
1679.88	49.6667
1678.1	54
1676.32	45
1674.54	44.6667
1672.76	45.3333
1670.98	51.6667
1669.2	50.6667
1667.42	43.3333
1665.64	47.3333
1663.85	45
1662.07	52.6667
1660.28	42.3333
1658.5	45.3333
1656.71	41.3333
1654.92	38.6667
1653.14	40
1651.35	44.6667
1649.56	47.3333
1647.77	54.3333
1645.98	42
1644.19	43.6667
1642.4	47.6667
1640.61	37
1638.81	42
1637.02	51.3333
1635.22	46.3333
1633.43	43.3333
1631.63	47.3333
1629.84	44.6667
1628.04	47.3333
1626.24	37.6667
1624.44	47
1622.64	47.3333
1620.85	47.6667
1619.04	42.3333
1617.24	45.3333
1615.44	43.6667
1613.64	48
1611.84	47.3333
1610.03	47.3333
1608.23	47
1606.42	41.3333
1604.62	40.3333
1602.81	40.6667
1601	43.6667
1599.2	48.3333
1597.39	47.6667
1595.58	45.3333
1593.77	46.6667
1591.96	55.3333
1590.15	47
1588.33	45.3333
1586.52	38.3333
1584.71	39.6667
1582.89	54.6667
1581.08	46
1579.26	52
1577.45	46.6667
1575.63	55.3333
1573.81	53
1571.99	53.3333
1570.18	59
1568.36	47.6667
1566.54	50.6667
1564.72	57
1562.89	55
1561.07	59
1559.25	58.6667
1557.42	55.6667
1555.6	48.3333
1553.78	64.3333
1551.95	53.6667
1550.12	48.3333
1548.3	61.3333
1546.47	58.3333
1544.64	62
1542.81	58.6667
1540.98	64.3333
1539.15	63
1537.32	55.3333
1535.49	62
1533.65	65
1531.82	62.6667
1529.99	60.3333
1528.15	61.3333
1526.32	62.6667
1524.48	67.3333
1522.64	62
1520.81	65
1518.97	61
1517.13	68
1515.29	63.3333
1513.45	61.6667
1511.61	64.6667
1509.77	63.3333
1507.92	68.3333
1506.08	60.6667
1504.24	63
1502.39	66
1500.55	68.6667
1498.7	61.6667
1496.86	62.6667
1495.01	66.3333
1493.16	60
1491.31	70
1489.46	63
1487.61	70.3333
1485.76	60
1483.91	65.6667
1482.06	75.3333
1480.21	69
1478.35	63.6667
1476.5	60.6667
1474.64	65
1472.79	68.6667
1470.93	65.3333
1469.07	64
1467.22	68
1465.36	63.3333
1463.5	65.6667
1461.64	67
1459.78	65.3333
1457.92	65.3333
1456.05	66.6667
1454.19	68.3333
1452.33	67.6667
1450.46	66.6667
1448.6	65.3333
1446.73	59.6667
1444.87	66
1443	61.3333
1441.13	76.3333
1439.26	74.3333
1437.39	64.6667
1435.52	67.3333
1433.65	63.3333
1431.78	67
1429.91	70.6667
1428.04	67.6667
1426.17	58
1424.29	64.6667
1422.42	65.6667
1420.54	61.6667
1418.66	70
1416.79	61.6667
1414.91	63
1413.03	71
1411.15	67.6667
1409.27	64
1407.39	63
1405.51	66
1403.63	62.6667
1401.75	72
1399.86	64
1397.98	61.6667
1396.09	74
1394.21	64.3333
1392.32	71.6667
1390.44	63.6667
1388.55	68.6667
1386.66	67.6667
1384.77	75.6667
1382.88	64.6667
1380.99	68.6667
1379.1	70.3333
1377.21	72
1375.31	69.3333
1373.42	65.3333
1371.53	66.3333
1369.63	63.3333
1367.74	60.3333
1365.84	65.3333
1363.94	74.3333
1362.05	77.3333
1360.15	68.3333
1358.25	68
1356.35	67
1354.45	66
1352.55	72.3333
1350.64	68.6667
1348.74	71
1346.84	66.3333
1344.93	68.6667
1343.03	62.6667
1341.12	65.3333
1339.22	63
1337.31	67.3333
1335.4	73.3333
1333.49	67.3333
1331.58	62.3333
1329.67	70.3333
1327.76	68.6667
1325.85	68.3333
1323.94	60.3333
1322.03	61.6667
1320.11	67
1318.2	75
1316.28	63.6667
1314.37	65.6667
1312.45	61
1310.53	65.6667
1308.62	60.3333
1306.7	64.3333
1304.78	71.3333
1302.86	67.3333
1300.94	67
1299.01	63
1297.09	68.3333
1295.17	75.3333
1293.24	67.3333
1291.32	65
1289.39	65.6667
1287.47	65
1285.54	62.6667
1283.61	70
1281.68	66
1279.76	63.6667
1277.83	66
1275.9	63.3333
1273.96	64.6667
1272.03	64
1270.1	72.6667
1268.17	62
1266.23	64
1264.3	69.3333
1262.36	63
1260.42	66.3333
1258.49	68.6667
1256.55	69.6667
1254.61	64.3333
1252.67	64.3333
1250.73	73
1248.79	57.3333
1246.85	67.6667
1244.91	77
1242.96	65
1241.02	64.3333
1239.07	72.3333
1237.13	65
1235.18	66
1233.24	71.3333
1231.29	60.3333
1229.34	65.3333
1227.39	69.3333
1225.44	58.6667
1223.49	66
1221.54	66
1219.59	64.3333
1217.63	65
1215.68	60
1213.73	64.6667
1211.77	68.6667
1209.81	68.3333
1207.86	66
1205.9	49.6667
1203.94	67.3333
1201.98	56
1200.02	65.6667
1198.06	64.6667
1196.1	66
1194.14	59.3333
1192.18	67
1190.21	69
1188.25	60.6667
1186.29	61.3333
1184.32	68
1182.35	64.3333
1180.39	67.3333
1178.42	59.3333
1176.45	65.6667
1174.48	62.3333
1172.51	60
1170.54	63.6667
1168.57	69
1166.6	62.3333
1164.62	70
1162.65	67.6667
1160.67	60.3333
1158.7	68.6667
1156.72	68
1154.74	70
1152.77	66
1150.79	73
1148.81	64.3333
1146.83	72.3333
1144.85	70
1142.87	61
1140.88	65.6667
1138.9	63.6667
1136.92	66
1134.93	62
1132.95	68
1130.96	71
1128.97	67.3333
1126.99	59.3333
1125	66
1123.01	71.6667
1121.02	68.3333
1119.03	60.6667
1117.04	75.3333
1115.04	66.6667
1113.05	67
1111.06	59.6667
1109.06	70.6667
1107.07	53
1105.07	73
1103.08	69
1101.08	64.3333
1099.08	64.6667
1097.08	72
1095.08	65
1093.08	66.3333
1091.08	72.3333
1089.08	65.6667
1087.07	69.6667
1085.07	67.3333
1083.06	62
1081.06	63
1079.05	65.6667
1077.05	63
1075.04	65.3333
1073.03	64.3333
1071.02	71
1069.01	65
1067	61.6667
1064.99	66.6667
1062.98	64
1060.96	60
1058.95	65
1056.93	60
1054.92	72.3333
1052.9	58.3333
1050.89	60
1048.87	63
1046.85	54.3333
1044.83	66.6667
1042.81	52.6667
1040.79	61.6667
1038.77	54.3333
1036.75	60
1034.72	68.3333
1032.7	57
1030.67	56.3333
1028.65	60
1026.62	64
1024.59	63.6667
1022.57	62.6667
1020.54	64.3333
1018.51	61
1016.48	60.3333
1014.45	69
1012.42	66.6667
1010.38	64.3333
1008.35	62.6667
1006.32	62.6667
1004.28	68
1002.24	72.6667
1000.21	64
998.171	69
996.133	59.3333
994.094	71
992.054	62
990.013	70.6667
987.972	62
985.93	61.6667
983.888	69
981.843	69
979.799	58
977.754	68
975.708	63.6667
973.661	62.6667
971.614	71
969.565	64.6667
967.516	67.6667
965.466	64
963.415	70.3333
961.364	74.6667
959.312	68.3333
957.258	65.3333
955.204	69.3333
953.15	58.3333
951.094	70.6667
949.038	67
946.98	71
944.923	66
942.864	69
940.804	74.3333
938.744	71.6667
936.683	68.3333
934.621	70.3333
932.558	67
930.495	62.6667
928.43	73.3333
926.365	63
924.299	64.3333
922.233	70.3333
920.165	61.6667
918.096	56.3333
916.028	71.6667
913.957	61.6667
911.887	65
909.815	61.3333
907.743	67.3333
905.669	67.3333
903.595	65.6667
901.521	74
899.445	60.6667
897.369	64.6667
895.292	63.3333
893.214	68.3333
891.135	60.6667
889.055	57.3333
886.975	69.3333
884.894	68.3333
882.812	66.3333
880.729	60.6667
878.646	60.3333
876.561	66.3333
874.475	61.3333
872.389	64
870.303	62.6667
868.215	65.3333
866.126	67.3333
864.037	61
861.947	66.3333
859.856	67.6667
857.764	63
855.671	60
853.578	63.3333
851.484	62.3333
849.389	61.3333
847.293	64.3333
845.196	54.6667
843.099	54
841	63.6667
838.901	61
836.801	57.6667
834.701	66.6667
832.599	58.6667
830.496	65.3333
828.393	62.6667
826.29	59
824.184	65.6667
822.079	58
819.972	58
817.865	69
815.757	55.6667
813.648	58.3333
811.538	56
809.428	58.3333
807.316	59.6667
805.204	52.6667
803.091	62.6667
800.977	55.6667
798.863	54.3333
796.747	62
794.631	66
792.513	53
790.395	53.6667
788.276	58.3333
786.157	62.3333
784.036	59
781.915	54.6667
779.793	59
777.669	59
775.546	61.3333
773.421	53
771.296	59.3333
769.169	57
767.042	63
764.915	59.6667
762.786	52
760.656	53.3333
758.526	50.6667
756.394	55.6667
754.262	56
752.129	61.6667
749.995	54
747.861	56.3333
745.725	54.6667
743.588	49
741.452	59
739.314	54.6667
737.175	59.3333
735.035	50.3333
732.895	46
730.753	50
728.611	50.6667
726.469	54
724.324	47.6667
722.18	51.6667
720.034	57.3333
717.888	61
715.741	48.3333
713.593	53.6667
711.444	48.3333
709.294	53
707.144	50.6667
704.992	55.6667
702.84	47
700.687	45.6667
698.533	47
696.378	50.3333
694.222	53.3333
692.066	53.3333
689.909	49
687.751	55.3333
685.592	56.6667
683.432	46
681.271	53
679.109	50.6667
676.947	44.3333
674.784	53
672.62	47.3333
670.455	53.3333
668.289	42
666.122	55.6667
663.955	45.3333
661.787	48.6667
659.618	56.3333
657.448	41.3333
655.277	51.3333
653.104	51
650.932	50
648.759	50
646.584	52.3333
644.409	53.6667
642.233	57.3333
640.056	54
637.879	50
635.7	51
633.52	57.6667
631.34	56.6667
629.159	56.3333
626.977	41.3333
624.794	55.3333
622.61	55.6667
620.426	50.3333
618.24	55.6667
616.054	48.6667
613.867	50.6667
611.679	47.3333
609.49	55.3333
607.301	52
605.11	42.6667
602.919	37.3333
600.726	50.6667
598.532	44
596.339	47
594.144	47.3333
591.948	42.3333
589.751	54.3333
587.554	41.6667
585.355	50.3333
583.156	50.6667
580.956	46.6667
578.755	40.3333
576.553	45.3333
574.35	59.3333
572.147	49
569.943	47.6667
567.737	45.6667
565.531	46.3333
563.323	50.3333
561.116	52
558.907	53.3333
556.698	52.6667
554.487	54
552.275	52.6667
550.063	52
547.85	46.3333
545.636	43.3333
543.421	51.6667
541.206	36.6667
538.988	54.3333
536.771	42
534.553	46.3333
532.333	47
530.113	44.6667
527.892	42
525.67	50
523.447	42.6667
521.224	41.6667
518.999	42.3333
516.774	40
514.548	47.3333
512.321	41.6667
510.093	48.3333
507.863	39.6667
505.634	44.6667
503.403	42.6667
501.172	34.6667
498.939	48.3333
496.705	42.6667
494.472	38.3333
492.237	47.6667
490.001	39
487.764	45.6667
485.526	49
483.287	48
481.047	37.3333
478.807	45
476.565	45
474.324	42
472.08	49
469.837	55
467.591	46.6667
465.346	38.3333
463.099	51.3333
460.852	51
458.604	45.6667
456.354	50.3333
454.103	48.3333
451.852	48.3333
449.601	47.6667
447.348	47.3333
445.094	51
442.84	49.3333
440.584	50.3333
438.327	57.3333
436.07	52.6667
433.812	61
431.553	56.3333
429.293	48.6667
427.032	51.6667
424.77	50.6667
422.507	58.6667
420.244	64.6667
417.979	46
415.714	52
413.448	50.3333
411.18	55.6667
408.912	55.3333
406.643	64.3333
404.373	56
402.102	57.3333
399.83	60
397.558	51.6667
395.285	58.6667
393.01	56.3333
390.734	59
388.458	54.3333
386.181	58
383.903	66
381.624	60.3333
379.345	60.6667
377.064	60.6667
374.782	57.6667
372.5	62.6667
370.216	61
367.932	51.3333
365.646	56
363.36	61.6667
361.073	60.3333
358.785	66
356.496	67.3333
354.207	64.3333
351.915	60.6667
349.624	57.6667
347.331	61.6667
345.038	64
342.743	62.3333
340.448	71.3333
338.152	61
335.855	59.6667
333.556	59.6667
331.257	62.6667
328.958	64
326.657	50.6667
324.355	64
322.053	55.3333
319.749	52.3333
317.444	57
315.139	60.6667
312.833	64.6667
310.526	64.3333
308.217	56.6667
305.908	66.3333
303.599	59.3333
301.288	53.3333
298.976	65.6667
296.663	58
294.349	62
292.035	58.6667
289.719	53.6667
287.403	60.3333
285.085	56.6667
282.767	62.3333
280.448	59
278.128	60.3333
275.807	61
273.485	57.3333
271.161	54
268.837	53.6667
266.513	54.3333
264.187	57.3333
261.861	54.3333
259.533	56.6667
257.205	59.3333
254.875	59.6667
252.544	61.6667
250.213	52
247.881	54.6667
245.548	62.6667
243.214	60.6667
240.879	57
238.543	67.6667
236.206	57
233.869	54.6667
231.53	54.6667
229.19	64
226.849	56.3333
224.508	63.3333
222.165	57
219.822	53.6667
217.478	62
215.132	55.6667
212.785	57.3333
210.439	60.6667
208.091	67
205.741	50.6667
203.391	62
201.04	63
198.688	63.3333
196.336	53
193.982	57.6667
191.627	52
189.271	63.6667
186.915	55.6667
184.557	57
182.199	52.3333
179.84	58.3333
177.478	59.6667
175.117	65
172.755	60.6667
170.392	63.6667
168.028	58.6667
165.662	59.3333
163.297	62
160.929	59.6667
158.561	64
156.193	56
153.823	64
151.452	60.6667
149.08	54
146.707	59.3333
144.334	52.3333
141.959	58
139.584	55.3333
137.207	56
134.829	55.3333
132.451	64.3333
130.071	60.6667
127.692	57.3333
125.31	64.6667
122.927	53.3333
120.545	59
118.16	63.3333
115.775	65
113.388	56
111.001	62.3333
108.613	67.6667
106.224	62
103.834	51.3333
101.444	54.3333
99.052	59.3333
96.6594	56
94.2649	68.6667
91.8705	52.3333
89.4743	58
87.0781	64
84.68	56.3333
82.282	62
79.882	64.3333
77.4812	55.3333
75.0805	54.6667
72.6778	59.6667
70.2743	53.3333
67.8698	56.3333
65.4644	53.3333
63.0582	51
60.651	43.6667
58.2419	43
55.8328	49.3333
53.4229	47.3333
51.011	39
48.5993	40
46.1856	39.3333
43.772	40.6667
41.3565	49
38.941	43
36.5237	37.3333
34.1054	35.3333
31.6862	32.6667
29.2661	36
26.8451	31
24.4231	39.6667
22.0002	36.6667
19.5764	42
17.1517	34.6667
14.7261	37.6667
12.2995	29
9.87099	31.6667
7.44256	31.3333
5.01321	43
2.58195	32.3333
0.14975	40.3333
-2.28238	32
-4.71644	33.3333
-7.15142	33.3333
-9.58634	32.3333
-12.0232	34.3333
-14.461	36.3333
-16.8997	30.6667
-19.3393	33
-21.7799	41.6667
-24.2214	26.6667
-26.6638	39
-29.1072	24.3333
-31.5525	38
-33.9977	25
-36.4439	38.3333
-38.892	38.3333
-41.3401	28.3333
-43.7901	37
-46.24	33
-48.6919	30
-51.1447	32
-53.5974	30.3333
-56.0521	32.3333
-58.5078	32.3333
-60.9643	31
-63.4218	33
-65.8803	34.3333
-68.3397	37
-70.8	28.3333
-73.2613	35.3333
-75.7236	32.6667
-78.1878	30
-80.6519	37.3333
-83.117	31.3333
-85.584	30
-88.051	35.3333
-90.5199	34.6667
-92.9888	37.6667
-95.4596	38
-97.9314	34.6667
-100.403	25.3333
-102.877	22.3333
-105.351	37
-107.827	34.6667
-110.304	43.6667
-112.781	37
-115.26	38
-117.739	40
-120.219	30
-122.701	30
-125.184	38
-127.667	31.6667
-130.151	44.3333
-132.637	35.6667
-135.124	36.6667
-137.612	40
-140.1	38
-142.59	37.3333
-145.08	35.3333
-147.572	41.6667
-150.065	36.6667
-152.558	36.6667
-155.052	35
-157.548	37.6667
-160.045	32.3333
-162.542	34.6667
-165.041	42
-167.541	35.3333
-170.041	36.6667
-172.544	32.3333
-175.047	31
-177.55	34.6667
-180.056	38.6667
-182.561	33.6667
-185.068	39.6667
-187.576	40.3333
-190.084	25.6667
-192.595	37.6667
-195.105	31.6667
-197.617	36.6667
-200.131	42
-202.645	32.3333
-205.159	32
-207.676	36
-210.193	33.3333
-212.711	35.6667
-215.23	32.3333
-217.75	33.6667
-220.271	27.6667
-222.794	34.3333
-225.318	32.6667
-227.842	35
-230.367	37.6667
-232.893	34
-235.421	37
-237.949	31.3333
-240.479	39.6667
-243.009	35
-245.541	30.6667
-248.073	36.6667
-250.607	39.3333
-253.142	37
-255.677	38.3333
-258.214	35.3333
-260.752	34.6667
-263.291	43.3333
-265.83	37
-268.371	31
-270.913	35.6667
-273.456	34.3333
-276	37.3333
-278.545	31.3333
-281.091	30.3333
-283.639	34.6667
-286.187	31.3333
-288.735	32.6667
-291.286	32
-293.837	31
-296.389	39
-298.943	32
-301.497	40.6667
-304.053	33.6667
-306.61	37
-309.166	45
-311.725	36.3333
-314.285	36
-316.846	31.6667
-319.408	33.6667
-321.97	36.3333
-324.534	31.6667
-327.099	37
-329.665	30
-332.232	33.6667
-334.801	41
-337.37	37.3333
-339.94	34.6667
-342.511	31.3333
-345.083	39
-347.657	36
-350.231	27
-352.807	32.3333
-355.383	33.3333
-357.96	33.6667
-360.539	30.6667
-363.119	35.6667
-365.699	36.3333
-368.281	29.3333
-370.864	34.3333
-373.448	36
-376.033	28.6667
-378.619	29
-381.206	39.3333
-383.794	38.6667
-386.384	35
-388.974	36
-391.565	30
-394.158	34.6667
-396.751	28.3333
-399.346	33
-401.941	30.3333
-404.537	32
-407.136	33
-409.735	32.6667
-412.334	38.6667
-414.936	30
-417.537	29.6667
-420.141	38.3333
-422.745	39.3333
-425.35	34.6667
-427.956	36.6667
-430.564	39.6667
-433.173	31.3333
-435.781	39.3333
-438.392	33.3333
-441.004	34.6667
-443.617	34.6667
-446.231	38.6667
-448.846	39.3333
-451.461	33
-454.078	33.6667
-456.698	30.3333
-459.317	30.3333
-461.937	40.3333
-464.558	28
-467.181	37
-469.804	30.6667
-472.428	36.3333
-475.055	33.6667
-477.681	31.6667
-480.309	34.6667
-482.939	40.3333
-485.568	33
-488.2	31.6667
-490.832	34
-493.465	37.3333
-496.099	33.6667
-498.735	36
-501.372	34
-504.009	37.3333
-506.648	34
-509.288	37.6667
-511.929	23.6667
-514.572	37.6667
-517.215	33.3333
-519.858	35.3333
-522.504	32.3333
-525.15	29.3333
-527.797	37.6667
-530.447	31
-533.097	32.6667
-535.747	39.6667
-538.399	33.6667
-541.052	28.6667
-543.706	38
-546.362	31.6667
-549.018	31.6667
-551.675	35.6667
-554.334	37.3333
-556.993	36
-559.654	38
-562.316	31
-564.979	34.6667
-567.642	38.3333
-570.308	38.3333
-572.975	35.6667
-575.641	31.6667
-578.31	41
-580.98	34
-583.65	36
-586.322	35.6667
-588.995	34.6667
-591.669	39.3333
-594.344	30
-597.02	45.3333
-599.698	32
-602.376	32.3333
-605.056	33.3333
-607.736	27
-610.418	34.3333
-613.1	39
-615.784	35.6667
-618.47	36.3333
-621.156	34.3333
-623.843	32.6667
-626.531	33.6667
-629.222	38.6667
-631.912	38.3333
-634.603	38
-637.297	35.3333
-639.99	36.3333
-642.686	30.3333
-645.382	34
-648.08	32
-650.779	35.3333
-653.477	37.6667
-656.179	34
-658.881	37.3333
-661.583	34.3333
-664.287	34
-666.993	39
-669.7	32
-672.407	29
-675.115	37.3333
-677.825	36
-680.536	21.3333
-683.248	33
-685.961	37.3333
-688.675	35.6667
-691.391	37
-694.108	29.6667
-696.826	28.6667
-699.544	38
-702.264	33
-704.985	32.6667
-707.708	31.6667
-710.431	31.6667
-713.155	43
-715.88	35.3333
-718.608	41.3333
-721.335	30.6667
-724.065	35.3333
-726.795	36.3333
-729.527	32.3333
-732.258	37.6667
-734.993	32.3333
-737.727	28.6667
-740.463	25.6667
-743.2	35.6667
-745.938	34.6667
-748.678	35.6667
-751.418	36.6667
-754.159	35
-756.902	32.3333
-759.646	32.3333
-762.391	36
-765.138	33.3333
-767.885	33.6667
-770.633	32
-773.382	27.6667
-776.133	36.3333
-778.885	38.3333
-781.638	34.3333
-784.393	37.3333
-787.149	29
-789.905	39
-792.663	38.3333
-795.421	36
-798.181	37
-800.942	33.3333
-803.705	40.6667
-806.469	29.3333
-809.233	34.6667
-811.999	29.6667
-814.766	35
-817.534	39.3333
-820.304	32.3333
-823.073	34.3333
-825.846	39
-828.618	34
-831.392	37.3333
-834.167	35.6667
-836.944	26.6667
-839.72	34.3333
-842.499	26.6667
-845.279	34.3333
-848.06	36
-850.842	36.6667
-853.626	39.6667
-856.41	30.3333
-859.195	31.3333
-861.982	31.6667
-864.77	36.6667
-867.559	35.6667
-870.35	35.3333
-873.141	39
-875.934	36.3333
-878.728	32
-881.522	42
-884.318	38
-887.116	25.6667
-889.915	38.3333
-892.714	32.3333
-895.515	39.3333
-898.317	30
-901.12	31.6667
-903.924	37.6667
-906.729	34.3333
-909.537	37
-912.345	38
-915.153	28
-917.963	30.3333
-920.776	38.6667
-923.588	29.3333
-926.401	39.6667
-929.217	33.6667
-932.033	35
-934.851	40.3333
-937.669	36.6667
-940.488	26.6667
-943.31	35.6667
-946.131	35.6667
-948.955	38.3333
-951.78	32.3333
-954.605	32.3333
-957.432	42.3333
-960.26	31
-963.09	41.3333
-965.92	33
-968.751	33
-971.584	37.3333
-974.419	35.6667
-977.254	35.6667
-980.09	37.3333
-982.928	32.6667
-985.767	28
-988.607	38.6667
-991.448	37.6667
-994.291	33.6667
-997.135	27.3333
-999.979	37
-1002.82	33
-1005.67	40.6667
-1008.52	35
-1011.37	29.6667
-1014.22	32.6667
-1017.07	31.3333
-1019.93	34
-1022.78	32.6667
-1025.64	39.6667
-1028.49	31.3333
-1031.35	38.6667
-1034.21	30.6667
-1037.07	32
-1039.93	30.6667
-1042.8	44
-1045.66	31.6667
-1048.53	37
-1051.39	26
-1054.26	43.6667
-1057.13	40.3333
-1060	34
-1062.87	30
-1065.74	34.6667
-1068.62	26.6667
-1071.49	38
-1074.37	32.6667
-1077.25	30
-1080.12	33
-1083.01	39.6667
-1085.89	32.6667
-1088.77	34.3333
-1091.65	24
-1094.54	36
-1097.42	33.6667
-1100.31	31.3333
-1103.2	36.6667
-1106.09	28.6667
-1108.98	35.6667
-1111.87	35
-1114.77	32
-1117.66	36.6667
-1120.56	32.6667
-1123.45	34
-1126.35	31
-1129.25	40.3333
-1132.15	34
-1135.05	33.3333
-1137.96	32.6667
-1140.86	33.3333
-1143.77	35.6667
-1146.67	33.6667
-1149.58	36
-1152.49	36.6667
-1155.4	34.3333
-1158.32	39.3333
-1161.23	28
-1164.14	36.6667
-1167.06	38
-1169.98	39
-1172.89	33.6667
-1175.81	23.6667
-1178.73	33.3333
-1181.66	30.3333
-1184.58	40.3333
-1187.5	28
-1190.43	37
-1193.35	29.6667
-1196.28	38.6667
-1199.21	35
-1202.14	34.3333
-1205.08	38
-1208.01	34.3333
-1210.94	29
-1213.88	41.3333
-1216.82	36.3333
-1219.75	31.3333
-1222.69	35.3333
-1225.63	31.3333
-1228.58	36.3333
-1231.52	34.6667
-1234.46	30.3333
-1237.41	33
-1240.35	29.6667
-1243.3	37
-1246.25	30
-1249.2	39.3333
-1252.16	32.6667
-1255.11	36.6667
-1258.06	34
-1261.02	39.3333
-1263.97	34
-1266.93	40.6667
-1269.89	28.6667
-1272.85	39.3333
-1275.82	30.6667
-1278.78	35.3333
-1281.74	28.6667
-1284.71	31
-1287.68	34
-1290.65	35.6667
-1293.62	26.3333
-1296.59	32.6667
-1299.56	36.3333
-1302.53	28.6667
-1305.51	36.3333
-1308.48	38
-1311.46	38.3333
-1314.44	35.6667
-1317.42	35.6667
-1320.4	32.6667
-1323.38	32.6667
-1326.37	28
-1329.35	32.6667
-1332.34	35.3333
-1335.32	34.6667
-1338.31	34
-1341.3	30.6667
-1344.29	32
-1347.29	40
-1350.28	33.6667
-1353.28	24
-1356.27	36.3333
-1359.27	37.3333
-1362.27	33.3333
-1365.27	32.6667
-1368.27	36.3333
-1371.27	30.3333
-1374.28	35
-1377.28	33.6667
-1380.29	27.3333
-1383.3	34.3333
-1386.31	36.3333
-1389.32	30.3333
-1392.33	38.3333
