#Sample=tip
#Laser=785 nm
#Grating=600
#Exposition=10
#Accumulation=1
#Acquired=30.10.2023 14:56:22
2745.96	124.667
2744.57	128.333
2743.18	131
2741.8	128
2740.41	128
2739.02	126.333
2737.63	135
2736.24	122.667
2734.85	124.333
2733.46	124
2732.07	121.333
2730.68	131.667
2729.29	121.667
2727.9	134.333
2726.5	129.667
2725.11	133
2723.72	133.333
2722.32	135
2720.93	129.333
2719.53	127
2718.14	131.333
2716.74	125.667
2715.34	131.333
2713.95	133.667
2712.55	129
2711.15	128.667
2709.75	135
2708.35	131.333
2706.95	131.667
2705.55	129.333
2704.15	140.667
2702.75	131.667
2701.35	134
2699.95	137.333
2698.55	125.667
2697.14	128.333
2695.74	137.333
2694.33	136
2692.93	139
2691.52	134.667
2690.12	135.667
2688.71	138.333
2687.31	133
2685.9	137
2684.49	135.667
2683.08	145.667
2681.67	134.667
2680.26	137.333
2678.85	146
2677.44	145
2676.03	133
2674.62	132.333
2673.21	137.333
2671.8	135.333
2670.38	141.333
2668.97	142
2667.56	139.333
2666.14	136.333
2664.73	139.333
2663.31	147
2661.9	144.667
2660.48	135.333
2659.06	175.667
2657.64	279.333
2656.23	153.667
2654.81	149.333
2653.39	144
2651.97	145.333
2650.55	150.333
2649.13	139.667
2647.71	144.333
2646.29	149.667
2644.86	147.667
2643.44	145
2642.02	143
2640.6	157.667
2639.17	153.667
2637.75	152
2636.32	148.667
2634.9	151
2633.47	148.667
2632.04	156.333
2630.62	157.667
2629.19	157.333
2627.76	159.333
2626.33	158.667
2624.9	152.333
2623.47	156.333
2622.04	154
2620.61	152.333
2619.18	161
2617.75	157
2616.31	157.667
2614.88	151.333
2613.45	156
2612.01	160
2610.58	162.667
2609.14	154
2607.71	148
2606.27	151
2604.84	161
2603.4	162.667
2601.96	161.333
2600.52	159.667
2599.08	164
2597.65	158
2596.21	167.667
2594.77	158.333
2593.32	159
2591.88	165
2590.44	154.667
2589	162.667
2587.56	162.667
2586.11	157.667
2584.67	156
2583.22	175.667
2581.78	167
2580.33	161.667
2578.89	164.667
2577.44	166
2575.99	168
2574.55	167
2573.1	178.333
2571.65	167.333
2570.2	165.667
2568.75	168
2567.3	166
2565.85	177.333
2564.4	173.333
2562.95	169.667
2561.5	168.333
2560.04	174
2558.59	172.333
2557.14	173.667
2555.68	175
2554.23	185.667
2552.77	176
2551.31	179.667
2549.86	166.667
2548.4	181.667
2546.94	179.667
2545.49	182.333
2544.03	189.667
2542.57	182.333
2541.11	184.333
2539.65	182
2538.19	185.333
2536.73	179
2535.26	181.333
2533.8	178.333
2532.34	186.667
2530.88	191.667
2529.41	184.333
2527.95	182.667
2526.48	181.333
2525.02	192
2523.55	184.333
2522.08	192.667
2520.62	196.333
2519.15	188.667
2517.68	198.333
2516.21	195
2514.74	190.667
2513.27	191.667
2511.8	192
2510.33	184.667
2508.86	188.667
2507.39	192.333
2505.92	183
2504.44	195.333
2502.97	188.667
2501.5	192.333
2500.02	187
2498.55	195.667
2497.07	190
2495.59	196
2494.12	195.667
2492.64	197.667
2491.16	197.667
2489.68	203.333
2488.2	207.667
2486.73	207
2485.25	200.333
2483.76	192
2482.28	196.667
2480.8	201.333
2479.32	199
2477.84	204
2476.35	211
2474.87	197.667
2473.39	215
2471.9	212
2470.42	195
2468.93	216.667
2467.44	212.333
2465.96	201.667
2464.47	216.333
2462.98	210.333
2461.49	206.667
2460	220.333
2458.51	215
2457.02	224.333
2455.53	217.333
2454.04	221.333
2452.55	222.333
2451.06	220.333
2449.56	214.333
2448.07	212.333
2446.58	219
2445.08	220.667
2443.59	223
2442.09	228
2440.59	220.333
2439.1	224.333
2437.6	216.667
2436.1	232.333
2434.6	229
2433.11	224.667
2431.61	215.667
2430.11	234.667
2428.61	227
2427.1	232
2425.6	221.333
2424.1	235
2422.6	229.667
2421.09	235.667
2419.59	228.667
2418.09	230.333
2416.58	233
2415.07	228.667
2413.57	240.667
2412.06	238.333
2410.56	232
2409.05	223.667
2407.54	231.667
2406.03	252
2404.52	242.667
2403.01	234.667
2401.5	230.667
2399.99	243.333
2398.48	244.667
2396.97	234.333
2395.45	243
2393.94	237
2392.43	244
2390.91	242
2389.4	243
2387.88	255
2386.37	249
2384.85	235.333
2383.33	236
2381.81	261.333
2380.3	244.333
2378.78	238.667
2377.26	248.667
2375.74	257
2374.22	250
2372.7	253.333
2371.17	249.667
2369.65	256.333
2368.13	262.667
2366.61	255.333
2365.08	255.333
2363.56	257
2362.03	245
2360.51	259
2358.98	267.667
2357.46	249
2355.93	250
2354.4	255
2352.87	269
2351.34	262.333
2349.81	250.333
2348.29	253
2346.75	247.667
2345.22	261.333
2343.69	266
2342.16	260.667
2340.63	266.667
2339.09	255.333
2337.56	262.667
2336.03	259.667
2334.49	266.667
2332.96	269
2331.42	263.667
2329.88	271.667
2328.35	263
2326.81	274.333
2325.27	280
2323.73	260
2322.19	262.333
2320.65	267.333
2319.11	274.667
2317.57	268.333
2316.03	273.333
2314.49	275.333
2312.94	280
2311.4	269
2309.85	277.667
2308.31	275.667
2306.77	281.333
2305.22	280
2303.67	277.333
2302.13	274.333
2300.58	279.333
2299.03	289.667
2297.48	285.333
2295.93	281
2294.38	294
2292.83	294
2291.28	278.333
2289.73	291
2288.18	296
2286.63	290
2285.07	293.333
2283.52	298
2281.97	288
2280.41	293.333
2278.86	292.333
2277.3	288.333
2275.74	291
2274.19	295.667
2272.63	292.333
2271.07	293.667
2269.51	305.667
2267.95	290.333
2266.39	299.333
2264.83	298.333
2263.27	297.667
2261.71	293.667
2260.15	308.333
2258.59	301.333
2257.02	302.667
2255.46	311.667
2253.89	298
2252.33	316.333
2250.76	291
2249.2	312.667
2247.63	308.667
2246.06	314
2244.49	313
2242.93	305
2241.36	326.333
2239.79	306.667
2238.22	316.667
2236.65	319.333
2235.08	304
2233.5	315.333
2231.93	316.333
2230.36	310.667
2228.78	310
2227.21	315.667
2225.63	306
2224.06	323
2222.48	319
2220.91	318.667
2219.33	321.333
2217.75	328.333
2216.17	324
2214.59	326.667
2213.01	320.333
2211.44	328.333
2209.85	323
2208.27	333
2206.69	328.333
2205.11	333.667
2203.53	326.333
2201.94	341.667
2200.36	324.667
2198.77	314
2197.19	337
2195.6	338.667
2194.02	333.333
2192.43	336
2190.84	322
2189.25	337
2187.66	328.667
2186.07	327.333
2184.48	335
2182.89	341.333
2181.3	333.333
2179.71	338
2178.12	335.333
2176.53	331.667
2174.93	341
2173.34	337.333
2171.74	350.667
2170.15	348.667
2168.55	342.667
2166.96	346.667
2165.36	350.333
2163.76	348.333
2162.16	343.333
2160.56	351.333
2158.97	351.333
2157.37	362.333
2155.76	360.667
2154.16	355.667
2152.56	350.667
2150.96	354
2149.36	361.333
2147.75	354
2146.15	355.333
2144.54	363
2142.94	370.667
2141.33	351.667
2139.73	365
2138.12	356.667
2136.51	376.333
2134.9	369.667
2133.29	365.333
2131.69	369.333
2130.08	371
2128.46	369.667
2126.85	370
2125.24	373.667
2123.63	373
2122.02	373.667
2120.4	370
2118.79	366.333
2117.17	365.667
2115.56	371.333
2113.94	375
2112.33	364.667
2110.71	380.667
2109.09	383
2107.47	384.667
2105.85	374.333
2104.23	380.667
2102.61	372.667
2100.99	380
2099.37	380.667
2097.75	379.333
2096.13	383.667
2094.5	381.333
2092.88	387
2091.26	386
2089.63	390
2088.01	391.333
2086.38	385
2084.75	388.333
2083.13	395.333
2081.5	390
2079.87	392
2078.24	380.667
2076.61	393.667
2074.98	400.667
2073.35	397.333
2071.72	402
2070.08	407
2068.45	401
2066.82	410.667
2065.18	399.667
2063.55	397.333
2061.92	419.333
2060.28	419
2058.64	409.333
2057.01	405
2055.37	415.667
2053.73	406.667
2052.09	412.333
2050.45	392.333
2048.81	413
2047.17	419.333
2045.53	418.333
2043.89	416.333
2042.25	416
2040.6	407
2038.96	427.333
2037.31	420.667
2035.67	416.333
2034.02	431.667
2032.38	429
2030.73	436.667
2029.08	408.667
2027.44	427.667
2025.79	428.667
2024.14	426
2022.49	426
2020.84	428.333
2019.19	422
2017.54	434
2015.88	430
2014.23	427.333
2012.58	427.667
2010.92	432.333
2009.27	431.333
2007.61	442
2005.96	446.667
2004.3	435.333
2002.64	432.333
2000.99	440
1999.33	443.333
1997.67	440.333
1996.01	448.333
1994.35	449.667
1992.69	433.667
1991.03	459.333
1989.36	446.667
1987.7	449.333
1986.04	445
1984.37	442.333
1982.71	457.333
1981.04	438.667
1979.38	451
1977.71	468
1976.05	457
1974.38	459
1972.71	467.333
1971.04	473
1969.37	447
1967.7	481.333
1966.03	460.333
1964.36	478.667
1962.69	485.333
1961.01	484
1959.34	483
1957.67	482.333
1955.99	486.667
1954.32	485
1952.64	471
1950.97	483.667
1949.29	484.333
1947.61	489
1945.93	486.667
1944.26	501
1942.58	503.333
1940.9	497.333
1939.21	515.667
1937.53	501.333
1935.85	496
1934.17	500.667
1932.49	496
1930.8	494.667
1929.12	520
1927.43	503
1925.75	506
1924.06	510.333
1922.37	508.333
1920.69	506.333
1919	523.333
1917.31	494.667
1915.62	518
1913.93	524.333
1912.24	530
1910.55	518
1908.86	529
1907.16	516.667
1905.47	515
1903.78	533.333
1902.08	525.333
1900.39	528.667
1898.69	526.667
1896.99	517
1895.3	530.667
1893.6	522
1891.9	526.667
1890.2	528.333
1888.5	548.667
1886.8	537
1885.1	537.333
1883.4	535.667
1881.7	531
1880	545
1878.29	544.333
1876.59	560.333
1874.88	544
1873.18	541.333
1871.47	544
1869.77	550.667
1868.06	565.667
1866.35	553
1864.64	554
1862.93	549
1861.22	561.333
1859.51	551.667
1857.8	554
1856.09	566.667
1854.38	559.667
1852.67	569.667
1850.95	558.667
1849.24	571.667
1847.52	582.333
1845.81	572.333
1844.09	583.333
1842.38	573.667
1840.66	579.333
1838.94	586.667
1837.22	581.667
1835.5	577.667
1833.78	588.333
1832.06	582.667
1830.34	585.667
1828.62	580.333
1826.9	580.667
1825.17	588.667
1823.45	600.333
1821.72	598.333
1820	593.667
1818.27	610
1816.55	588
1814.82	607.667
1813.09	603.333
1811.36	612
1809.64	591.333
1807.91	626.333
1806.18	621.667
1804.44	614.667
1802.71	627.667
1800.98	614
1799.25	630.667
1797.51	642.333
1795.78	632.333
1794.05	630.333
1792.31	645.333
1790.57	633.333
1788.84	650.667
1787.1	643.667
1785.36	621.333
1783.62	653
1781.88	654.333
1780.14	659
1778.4	657.667
1776.66	652.667
1774.92	663.333
1773.18	660
1771.43	663
1769.69	674.333
1767.95	677.667
1766.2	666.667
1764.45	666.667
1762.71	680.333
1760.96	678.667
1759.21	676
1757.47	682.333
1755.72	689
1753.97	679.667
1752.22	681
1750.47	688.333
1748.71	690.333
1746.96	685.333
1745.21	669
1743.45	692
1741.7	708.333
1739.94	698.667
1738.19	709.667
1736.43	705.667
1734.68	711
1732.92	726.333
1731.16	721
1729.4	721.667
1727.64	734.333
1725.88	724.333
1724.12	722.667
1722.36	720.667
1720.6	747.333
1718.83	752.667
1717.07	736.333
1715.3	735.667
1713.54	753.333
1711.77	752
1710.01	762.667
1708.24	764.333
1706.47	775.333
1704.71	773
1702.94	763.667
1701.17	774.333
1699.4	785.667
1697.63	795.333
1695.85	793
1694.08	801.333
1692.31	802.667
1690.54	784
1688.76	810
1686.99	799.333
1685.21	811
1683.44	809
1681.66	824.333
1679.88	824.667
1678.1	833.667
1676.32	819.667
1674.54	810
1672.76	849.667
1670.98	843.667
1669.2	830.333
1667.42	844
1665.64	823.667
1663.85	850.667
1662.07	857.667
1660.28	862
1658.5	847.667
1656.71	859.333
1654.92	868.333
1653.14	860.667
1651.35	879
1649.56	854
1647.77	887.333
1645.98	856.333
1644.19	876.333
1642.4	862.333
1640.61	878.333
1638.81	861.333
1637.02	874
1635.22	874.667
1633.43	880
1631.63	890.667
1629.84	892.333
1628.04	859
1626.24	865.333
1624.44	874.333
1622.64	872.333
1620.85	865.667
1619.04	865.667
1617.24	851.667
1615.44	870.333
1613.64	868.333
1611.84	860.333
1610.03	879.667
1608.23	870.667
1606.42	870.667
1604.62	869
1602.81	876.333
1601	868.667
1599.2	867
1597.39	873.667
1595.58	893
1593.77	858
1591.96	884.667
1590.15	885.667
1588.33	869
1586.52	862
1584.71	872.667
1582.89	882.667
1581.08	881.667
1579.26	875.333
1577.45	891.333
1575.63	901.333
1573.81	890
1571.99	910.667
1570.18	902.667
1568.36	910.333
1566.54	897
1564.72	885.333
1562.89	879
1561.07	901.333
1559.25	904.667
1557.42	920
1555.6	923
1553.78	901.667
1551.95	914.333
1550.12	913.333
1548.3	921.667
1546.47	899.333
1544.64	910.333
1542.81	915.667
1540.98	898.333
1539.15	930
1537.32	923.333
1535.49	904.333
1533.65	898
1531.82	899.333
1529.99	913.333
1528.15	910.333
1526.32	917.667
1524.48	932
1522.64	910.667
1520.81	935
1518.97	918.667
1517.13	913.667
1515.29	932.333
1513.45	915
1511.61	921
1509.77	929.667
1507.92	936
1506.08	923
1504.24	926.333
1502.39	916.667
1500.55	927.667
1498.7	932.333
1496.86	927
1495.01	946
1493.16	922.667
1491.31	936
1489.46	939
1487.61	948.333
1485.76	937.667
1483.91	930
1482.06	930.333
1480.21	951.333
1478.35	940.667
1476.5	949.667
1474.64	951.333
1472.79	963.667
1470.93	952.667
1469.07	962
1467.22	959.667
1465.36	977.333
1463.5	980.667
1461.64	978.667
1459.78	973.333
1457.92	975.333
1456.05	983.667
1454.19	987
1452.33	987
1450.46	991.667
1448.6	971.667
1446.73	996.333
1444.87	990.333
1443	971.667
1441.13	971.333
1439.26	982.333
1437.39	998
1435.52	972.667
1433.65	976
1431.78	949.667
1429.91	965.667
1428.04	974.667
1426.17	961.333
1424.29	961.333
1422.42	969.333
1420.54	957
1418.66	966.667
1416.79	962.667
1414.91	969
1413.03	977
1411.15	969
1409.27	936
1407.39	960.667
1405.51	950.667
1403.63	975.333
1401.75	953.333
1399.86	949
1397.98	962.667
1396.09	946.333
1394.21	977.333
1392.32	946.333
1390.44	957
1388.55	956.333
1386.66	945.333
1384.77	947
1382.88	941
1380.99	945.333
1379.1	929
1377.21	953.333
1375.31	941.333
1373.42	953.333
1371.53	935.667
1369.63	953
1367.74	958.333
1365.84	945
1363.94	959.667
1362.05	957.333
1360.15	968
1358.25	965
1356.35	960
1354.45	971
1352.55	965
1350.64	969
1348.74	983.333
1346.84	981
1344.93	977
1343.03	975.333
1341.12	983.333
1339.22	984
1337.31	976.667
1335.4	993.667
1333.49	977.333
1331.58	1007.67
1329.67	985
1327.76	996.333
1325.85	994.333
1323.94	1015.33
1322.03	1000
1320.11	991.667
1318.2	998.333
1316.28	1020
1314.37	1002
1312.45	1033
1310.53	1038.67
1308.62	1037.67
1306.7	1044.33
1304.78	1032.67
1302.86	1024
1300.94	1044.67
1299.01	1045.67
1297.09	1042.33
1295.17	1057.33
1293.24	1061
1291.32	1052
1289.39	1060.33
1287.47	1071.33
1285.54	1057.67
1283.61	1080
1281.68	1077.67
1279.76	1071.67
1277.83	1087.33
1275.9	1084.33
1273.96	1104
1272.03	1087.67
1270.1	1062.67
1268.17	1096
1266.23	1082.33
1264.3	1093.33
1262.36	1075.33
1260.42	1069
1258.49	1085
1256.55	1064.33
1254.61	1065.67
1252.67	1065.33
1250.73	1070
1248.79	1059.67
1246.85	1071.67
1244.91	1047
1242.96	1051.67
1241.02	1065.67
1239.07	1037.67
1237.13	1040
1235.18	1038
1233.24	1026.67
1231.29	1022.33
1229.34	1015.67
1227.39	1001
1225.44	1010.67
1223.49	998.667
1221.54	992.667
1219.59	974.667
1217.63	974.667
1215.68	961
1213.73	959
1211.77	954.667
1209.81	946.333
1207.86	941
1205.9	959.333
1203.94	931.667
1201.98	957
1200.02	930.667
1198.06	918.667
1196.1	928
1194.14	919.667
1192.18	933.667
1190.21	912.333
1188.25	911
1186.29	933
1184.32	919.667
1182.35	925.667
1180.39	893.667
1178.42	913.667
1176.45	906
1174.48	901.333
1172.51	902.333
1170.54	913.667
1168.57	922
1166.6	911.333
1164.62	930.667
1162.65	892
1160.67	912
1158.7	901.333
1156.72	914
1154.74	905
1152.77	897
1150.79	907.667
1148.81	924.333
1146.83	924.333
1144.85	919.333
1142.87	914.667
1140.88	916
1138.9	916
1136.92	912
1134.93	932.667
1132.95	913
1130.96	917.667
1128.97	927.333
1126.99	939.667
1125	928.667
1123.01	925
1121.02	905.667
1119.03	932
1117.04	933.333
1115.04	930
1113.05	942
1111.06	939
1109.06	945
1107.07	937.667
1105.07	944.667
1103.08	936.667
1101.08	949
1099.08	948.333
1097.08	941.667
1095.08	930
1093.08	947.333
1091.08	961.333
1089.08	966.333
1087.07	934.333
1085.07	954
1083.06	945.333
1081.06	935.667
1079.05	941
1077.05	938
1075.04	954.667
1073.03	934.333
1071.02	933.667
1069.01	938.667
1067	969
1064.99	948.333
1062.98	959
1060.96	968.333
1058.95	945.667
1056.93	942.667
1054.92	929.667
1052.9	940.333
1050.89	939.667
1048.87	936.333
1046.85	933
1044.83	943
1042.81	940.333
1040.79	944
1038.77	945
1036.75	940
1034.72	929
1032.7	946
1030.67	943.667
1028.65	944
1026.62	929
1024.59	947.333
1022.57	932
1020.54	936.667
1018.51	955.667
1016.48	956.667
1014.45	938
1012.42	943
1010.38	946
1008.35	936.667
1006.32	952.333
1004.28	947.333
1002.24	952.667
1000.21	970.667
998.171	952
996.133	953
994.094	944.667
992.054	959
990.013	956.333
987.972	955
985.93	962.333
983.888	959
981.843	975.667
979.799	947.667
977.754	967.333
975.708	999.667
973.661	979.667
971.614	998
969.565	981.333
967.516	995.333
965.466	993.333
963.415	1005.33
961.364	988
959.312	1008.67
957.258	1008
955.204	1020.33
953.15	1018.67
951.094	1039
949.038	1006
946.98	1022.33
944.923	1011.33
942.864	997
940.804	1022
938.744	1040
936.683	1024.67
934.621	1008
932.558	1005
930.495	1002.67
928.43	1029.33
926.365	1018
924.299	1034.33
922.233	1009
920.165	1032
918.096	1010.67
916.028	1020.67
913.957	1012
911.887	1004
909.815	1029.67
907.743	1023.33
905.669	1035
903.595	1018.33
901.521	1017.67
899.445	1017
897.369	1019
895.292	1013
893.214	1039.33
891.135	1019
889.055	1032
886.975	1022.33
884.894	1040.67
882.812	1018.67
880.729	1011
878.646	1022.33
876.561	1019.67
874.475	1035.33
872.389	1042.33
870.303	1047
868.215	1042
866.126	1054.67
864.037	1055.67
861.947	1039.33
859.856	1053.67
857.764	1051.33
855.671	1045
853.578	1051.33
851.484	1062
849.389	1064.67
847.293	1085.67
845.196	1066.67
843.099	1090.33
841	1065.67
838.901	1066.33
836.801	1062
834.701	1054
832.599	1064.33
830.496	1061.67
828.393	1065
826.29	1073.33
824.184	1072.67
822.079	1066.67
819.972	1063
817.865	1064
815.757	1027.33
813.648	1064.33
811.538	1045.67
809.428	1063.67
807.316	1066.33
805.204	1057.33
803.091	1033.67
800.977	1054.33
798.863	1042
796.747	1056.33
794.631	1049.33
792.513	1029
790.395	1055
788.276	1065.67
786.157	1067.33
784.036	1055.67
781.915	1088.33
779.793	1056.33
777.669	1063.67
775.546	1069.67
773.421	1081.67
771.296	1047.33
769.169	1060
767.042	1076.67
764.915	1082.33
762.786	1065.67
760.656	1076.67
758.526	1073.67
756.394	1101.33
754.262	1076
752.129	1080.67
749.995	1088
747.861	1091.67
745.725	1092.33
743.588	1105.33
741.452	1106.33
739.314	1093.67
737.175	1102
735.035	1106.67
732.895	1115.67
730.753	1110.67
728.611	1106.67
726.469	1120
724.324	1099.67
722.18	1120.33
720.034	1103
717.888	1102.33
715.741	1092.33
713.593	1106
711.444	1097.33
709.294	1091
707.144	1120.67
704.992	1086.33
702.84	1086
700.687	1102.33
698.533	1087.67
696.378	1067.33
694.222	1099.33
692.066	1090.67
689.909	1108.67
687.751	1081.67
685.592	1086
683.432	1082
681.271	1082.67
679.109	1085
676.947	1084.33
674.784	1096.33
672.62	1062.33
670.455	1054
668.289	1085.33
666.122	1085.67
663.955	1081.67
661.787	1093.33
659.618	1076.67
657.448	1100.33
655.277	1097.67
653.104	1072.33
650.932	1092
648.759	1103.33
646.584	1091.67
644.409	1066.33
642.233	1120
640.056	1112.33
637.879	1130
635.7	1110.67
633.52	1129.67
631.34	1128.33
629.159	1122.33
626.977	1141.67
624.794	1136.67
622.61	1143.67
620.426	1137.67
618.24	1140.67
616.054	1129.67
613.867	1133.33
611.679	1119.67
609.49	1121.33
607.301	1137.67
605.11	1134.33
602.919	1131.67
600.726	1115.67
598.532	1120.67
596.339	1125
594.144	1126.67
591.948	1115.33
589.751	1139
587.554	1128
585.355	1132.67
583.156	1134.33
580.956	1122.33
578.755	1130
576.553	1128.33
574.35	1153.33
572.147	1142.67
569.943	1141.33
567.737	1134
565.531	1155
563.323	1133.67
561.116	1141.67
558.907	1131.67
556.698	1148
554.487	1138.33
552.275	1148.67
550.063	1145.67
547.85	1122
545.636	1138.33
543.421	1140
541.206	1166
538.988	1170
536.771	1156
534.553	1144.67
532.333	1170.33
530.113	1182
527.892	1170.67
525.67	1163.67
523.447	1172
521.224	1171.67
518.999	1168
516.774	1159
514.548	1188.33
512.321	1182.33
510.093	1184
507.863	1175
505.634	1160
503.403	1165
501.172	1189.67
498.939	1166.33
496.705	1170.33
494.472	1171
492.237	1172.67
490.001	1177
487.764	1182
485.526	1166
483.287	1176.33
481.047	1164
478.807	1177.33
476.565	1165.33
474.324	1170
472.08	1176.33
469.837	1163.67
467.591	1176.33
465.346	1181.33
463.099	1182.33
460.852	1183
458.604	1180.67
456.354	1199.67
454.103	1208.33
451.852	1204
449.601	1209.67
447.348	1209.33
445.094	1212
442.84	1221
440.584	1230.67
438.327	1225.67
436.07	1238
433.812	1253.33
431.553	1232
429.293	1237.33
427.032	1255
424.77	1272.67
422.507	1260.33
420.244	1270.33
417.979	1267.67
415.714	1259
413.448	1257.33
411.18	1289.33
408.912	1274.67
406.643	1265.33
404.373	1267.33
402.102	1266
399.83	1273.33
397.558	1272.33
395.285	1290.67
393.01	1284
390.734	1274.67
388.458	1289.67
386.181	1291.67
383.903	1276
381.624	1292.33
379.345	1296
377.064	1289
374.782	1290.67
372.5	1312.33
370.216	1328.67
367.932	1311.67
365.646	1301.33
363.36	1289
361.073	1310.33
358.785	1307
356.496	1309.33
354.207	1320.67
351.915	1318.67
349.624	1325.33
347.331	1320.33
345.038	1323.33
342.743	1357.33
340.448	1333.67
338.152	1353.67
335.855	1339
333.556	1345.33
331.257	1336
328.958	1345.67
326.657	1353.67
324.355	1372.33
322.053	1379.67
319.749	1379
317.444	1381.67
315.139	1388.33
312.833	1416.33
310.526	1407.33
308.217	1417.67
305.908	1435.67
303.599	1422.33
301.288	1447.67
298.976	1453.33
296.663	1457.67
294.349	1454.67
292.035	1480
289.719	1484.67
287.403	1489
285.085	1517.67
282.767	1492.33
280.448	1527
278.128	1534
275.807	1571.67
273.485	1581
271.161	1566
268.837	1588.67
266.513	1590
264.187	1602.67
261.861	1624.67
259.533	1626.33
257.205	1660.67
254.875	1644.67
252.544	1685.67
250.213	1712
247.881	1709.67
245.548	1739.33
243.214	1747
240.879	1758.67
238.543	1780.33
236.206	1811.67
233.869	1845
231.53	1858.33
229.19	1859.33
226.849	1904.33
224.508	1914
222.165	1951.33
219.822	1956
217.478	2022.33
215.132	2047.67
212.785	2028.67
210.439	2089.33
208.091	2119
205.741	2113.33
203.391	2122.67
201.04	2207.33
198.688	2208.67
196.336	2274.33
193.982	2294.33
191.627	2263
189.271	2313.67
186.915	2338.33
184.557	2373.33
182.199	2339.67
179.84	2389.33
177.478	2380.33
175.117	2450.67
172.755	2461.67
170.392	2474.67
168.028	2514.33
165.662	2527.67
163.297	2535.67
160.929	2577.33
158.561	2635.67
156.193	2673.33
153.823	2681.33
151.452	2708
149.08	2726.33
146.707	2723.33
144.334	2717.67
141.959	2785.67
139.584	2821
137.207	2836.67
134.829	2850.67
132.451	2937.67
130.071	3018
127.692	3064.33
125.31	3069
122.927	3153.67
120.545	3228.33
118.16	3277
115.775	3322.33
113.388	3403.33
111.001	3523
108.613	3677.67
106.224	3747.33
103.834	3839
101.444	3940
99.052	4085.67
96.6594	4216.33
94.2649	4448
91.8705	4653
89.4743	4887.33
87.0781	5183
84.68	5494.33
82.282	5847
79.882	6331.33
77.4812	6920
75.0805	7575.67
72.6778	8473.33
70.2743	9803.67
67.8698	11787.3
65.4644	13723.3
63.0582	15426
60.651	16873
58.2419	18441.3
55.8328	19858
53.4229	21514
51.011	23256
48.5993	25160.3
46.1856	27554.3
43.772	30050.7
41.3565	33269.3
38.941	37162
36.5237	41847
34.1054	47877
31.6862	54834
29.2661	63339
26.8451	64524
24.4231	64524
22.0002	64524
19.5764	64524
17.1517	64524
14.7261	64524
12.2995	64524
9.87099	64524
7.44256	64524
5.01321	64524
2.58195	64524
0.14975	64524
-2.28238	64524
-4.71644	64524
-7.15142	64524
-9.58634	64524
-12.0232	64524
-14.461	64524
-16.8997	64524
-19.3393	64524
-21.7799	64524
-24.2214	64524
-26.6638	64524
-29.1072	64524
-31.5525	64524
-33.9977	64524
-36.4439	64524
-38.892	43365
-41.3401	34163.3
-43.7901	28575.3
-46.24	24576
-48.6919	21318
-51.1447	18549
-53.5974	16134.7
-56.0521	14126
-58.5078	12409.7
-60.9643	10838.7
-63.4218	9640
-65.8803	8496
-68.3397	7482.67
-70.8	6603
-73.2613	5833.33
-75.7236	5209.67
-78.1878	4615
-80.6519	4110.33
-83.117	3652.33
-85.584	3294.33
-88.051	2950.33
-90.5199	2675
-92.9888	2420
-95.4596	2191
-97.9314	2007.33
-100.403	1825
-102.877	1671.33
-105.351	1490.33
-107.827	1318.67
-110.304	1171.33
-112.781	1046
-115.26	964
-117.739	868
-120.219	821
-122.701	733.333
-125.184	685.667
-127.667	618
-130.151	555.667
-132.637	508
-135.124	469
-137.612	430
-140.1	401.333
-142.59	378.667
-145.08	368
-147.572	323.667
-150.065	303.333
-152.558	283.667
-155.052	259
-157.548	255.667
-160.045	233
-162.542	231.667
-165.041	230
-167.541	220.333
-170.041	208
-172.544	204
-175.047	203
-177.55	192
-180.056	183
-182.561	176.333
-185.068	171
-187.576	172.333
-190.084	184.333
-192.595	169.667
-195.105	161.333
-197.617	159.667
-200.131	150.667
-202.645	165
-205.159	152.667
-207.676	153
-210.193	158
-212.711	156.333
-215.23	148.667
-217.75	147.333
-220.271	143.667
-222.794	145.333
-225.318	143.667
-227.842	146.667
-230.367	125.333
-232.893	132.667
-235.421	129
-237.949	124
-240.479	125
-243.009	126.667
-245.541	128
-248.073	124
-250.607	120.333
-253.142	124
-255.677	120.333
-258.214	117
-260.752	117.667
-263.291	107.667
-265.83	116.333
-268.371	117
-270.913	107
-273.456	94.6667
-276	108
-278.545	117.333
-281.091	102.333
-283.639	97
-286.187	97.3333
-288.735	97
-291.286	106.333
-293.837	105.333
-296.389	100.333
-298.943	100.333
-301.497	93.3333
-304.053	89.6667
-306.61	93.6667
-309.166	98
-311.725	93.6667
-314.285	95.3333
-316.846	84.3333
-319.408	91.3333
-321.97	87.3333
-324.534	82
-327.099	89.3333
-329.665	85.6667
-332.232	86.3333
-334.801	83.6667
-337.37	81
-339.94	75.6667
-342.511	91.3333
-345.083	82.6667
-347.657	89.3333
-350.231	84.6667
-352.807	86
-355.383	83.3333
-357.96	81.3333
-360.539	72
-363.119	78.6667
-365.699	84.6667
-368.281	72
-370.864	78.3333
-373.448	73.6667
-376.033	78.3333
-378.619	69.3333
-381.206	73
-383.794	78
-386.384	78.3333
-388.974	80.3333
-391.565	67.6667
-394.158	67.3333
-396.751	69.3333
-399.346	74.3333
-401.941	65
-404.537	69
-407.136	64.6667
-409.735	74
-412.334	75.3333
-414.936	73.3333
-417.537	63.3333
-420.141	71.3333
-422.745	62.6667
-425.35	66.6667
-427.956	75
-430.564	64.3333
-433.173	62.3333
-435.781	67.6667
-438.392	61.3333
-441.004	63
-443.617	63.6667
-446.231	61.3333
-448.846	64.3333
-451.461	56.3333
-454.078	68.3333
-456.698	69.3333
-459.317	65.6667
-461.937	58.3333
-464.558	67.6667
-467.181	55
-469.804	63.6667
-472.428	52.6667
-475.055	60
-477.681	62.6667
-480.309	62
-482.939	63.3333
-485.568	51.6667
-488.2	60.3333
-490.832	62.3333
-493.465	62
-496.099	58.3333
-498.735	56.6667
-501.372	58.6667
-504.009	66.6667
-506.648	61.3333
-509.288	57.3333
-511.929	66.3333
-514.572	58.3333
-517.215	56
-519.858	58
-522.504	59
-525.15	50.6667
-527.797	58
-530.447	60.3333
-533.097	53.6667
-535.747	57.6667
-538.399	53.3333
-541.052	56.6667
-543.706	57.6667
-546.362	54.3333
-549.018	59
-551.675	57.6667
-554.334	66
-556.993	59
-559.654	56
-562.316	58.3333
-564.979	56.6667
-567.642	54
-570.308	50.3333
-572.975	55.6667
-575.641	58
-578.31	57.6667
-580.98	60
-583.65	54.6667
-586.322	65.3333
-588.995	63.3333
-591.669	60.3333
-594.344	60.3333
-597.02	68.3333
-599.698	62.3333
-602.376	65.3333
-605.056	51.6667
-607.736	62.3333
-610.418	61.3333
-613.1	57.6667
-615.784	60
-618.47	57.6667
-621.156	57.6667
-623.843	63.6667
-626.531	55.3333
-629.222	63.3333
-631.912	60.3333
-634.603	56.6667
-637.297	63.3333
-639.99	64.3333
-642.686	60
-645.382	55.6667
-648.08	60.6667
-650.779	63
-653.477	65
-656.179	54.3333
-658.881	63.3333
-661.583	61.6667
-664.287	63.3333
-666.993	58.6667
-669.7	65.3333
-672.407	64.6667
-675.115	61
-677.825	57
-680.536	58.6667
-683.248	61
-685.961	62.3333
-688.675	63.6667
-691.391	57.3333
-694.108	54.6667
-696.826	62.6667
-699.544	54
-702.264	68.6667
-704.985	64.3333
-707.708	62.3333
-710.431	55
-713.155	62.6667
-715.88	64.3333
-718.608	61
-721.335	60
-724.065	57.6667
-726.795	66
-729.527	53
-732.258	65.3333
-734.993	62.3333
-737.727	64.3333
-740.463	62
-743.2	62.6667
-745.938	58
-748.678	59.6667
-751.418	59
-754.159	57.6667
-756.902	61
-759.646	58
-762.391	56.6667
-765.138	61
-767.885	58.3333
-770.633	61
-773.382	71
-776.133	57.3333
-778.885	65.3333
-781.638	64
-784.393	62.6667
-787.149	57.6667
-789.905	57
-792.663	52.3333
-795.421	65.6667
-798.181	56.6667
-800.942	58
-803.705	63.6667
-806.469	57.6667
-809.233	57.6667
-811.999	62.3333
-814.766	58.3333
-817.534	57.3333
-820.304	61
-823.073	57.6667
-825.846	57.3333
-828.618	59
-831.392	59
-834.167	57.3333
-836.944	67.6667
-839.72	60.3333
-842.499	61
-845.279	52
-848.06	56.3333
-850.842	61
-853.626	56.3333
-856.41	54.6667
-859.195	57.6667
-861.982	55.6667
-864.77	60.6667
-867.559	53
-870.35	67.6667
-873.141	63.3333
-875.934	50
-878.728	64.3333
-881.522	62
-884.318	54
-887.116	59.3333
-889.915	59.3333
-892.714	62.6667
-895.515	50
-898.317	63.3333
-901.12	60
-903.924	63
-906.729	59.6667
-909.537	62
-912.345	62
-915.153	58.3333
-917.963	57
-920.776	67.3333
-923.588	64.6667
-926.401	63.3333
-929.217	63.3333
-932.033	62
-934.851	70.6667
-937.669	51
-940.488	58
-943.31	66
-946.131	63.3333
-948.955	61
-951.78	64
-954.605	59.3333
-957.432	62.6667
-960.26	50.6667
-963.09	65.3333
-965.92	69
-968.751	61.6667
-971.584	62.6667
-974.419	61
-977.254	63.3333
-980.09	57.6667
-982.928	75.3333
-985.767	68.3333
-988.607	63.6667
-991.448	68.6667
-994.291	69.3333
-997.135	65.3333
-999.979	70.3333
-1002.82	59.3333
-1005.67	68
-1008.52	62.3333
-1011.37	65
-1014.22	69.3333
-1017.07	68
-1019.93	67.6667
-1022.78	68.6667
-1025.64	67.3333
-1028.49	69
-1031.35	71
-1034.21	73.3333
-1037.07	64
-1039.93	73
-1042.8	73.6667
-1045.66	64.3333
-1048.53	67
-1051.39	67.3333
-1054.26	70
-1057.13	66.3333
-1060	68.3333
-1062.87	71.6667
-1065.74	69.3333
-1068.62	76.6667
-1071.49	71.3333
-1074.37	75
-1077.25	82
-1080.12	73
-1083.01	67.3333
-1085.89	69.3333
-1088.77	70
-1091.65	78.6667
-1094.54	71
-1097.42	72.6667
-1100.31	75.6667
-1103.2	76
-1106.09	72.3333
-1108.98	79
-1111.87	81.3333
-1114.77	74.3333
-1117.66	76.3333
-1120.56	76
-1123.45	75
-1126.35	79
-1129.25	79
-1132.15	75
-1135.05	77.6667
-1137.96	80.3333
-1140.86	80.6667
-1143.77	85.6667
-1146.67	82.3333
-1149.58	80
-1152.49	77.6667
-1155.4	89.3333
-1158.32	83
-1161.23	96
-1164.14	90.3333
-1167.06	109.667
-1169.98	110.333
-1172.89	119.333
-1175.81	137.333
-1178.73	163.333
-1181.66	194
-1184.58	217.333
-1187.5	239.333
-1190.43	266.667
-1193.35	271.667
-1196.28	274.667
-1199.21	300
-1202.14	338
-1205.08	355
-1208.01	373.333
-1210.94	411.333
-1213.88	449.333
-1216.82	498
-1219.75	529.667
-1222.69	556.333
-1225.63	593.667
-1228.58	652.333
-1231.52	693.333
-1234.46	765
-1237.41	822.333
-1240.35	895
-1243.3	1079
-1246.25	1508.67
-1249.2	1778.67
-1252.16	1936
-1255.11	1953.33
-1258.06	1893
-1261.02	1746
-1263.97	1650.67
-1266.93	1489.67
-1269.89	1296.33
-1272.85	1090.67
-1275.82	746.667
-1278.78	451.667
-1281.74	258.667
-1284.71	194.333
-1287.68	169
-1290.65	160.333
-1293.62	156.667
-1296.59	156.333
-1299.56	136.667
-1302.53	120.667
-1305.51	129.667
-1308.48	107.333
-1311.46	111.667
-1314.44	121.667
-1317.42	109
-1320.4	109.333
-1323.38	111.667
-1326.37	96.6667
-1329.35	103.333
-1332.34	99.3333
-1335.32	95
-1338.31	92.6667
-1341.3	97.6667
-1344.29	84
-1347.29	92.6667
-1350.28	89.6667
-1353.28	92
-1356.27	86.3333
-1359.27	83.6667
-1362.27	77.3333
-1365.27	75.6667
-1368.27	77.3333
-1371.27	78.6667
-1374.28	61.3333
-1377.28	67
-1380.29	65.3333
-1383.3	64.3333
-1386.31	59
-1389.32	56.6667
-1392.33	56.3333
3333
-1060	68.3333
-1062.87	71.6667
-1065.74	69.3333
-1068.62	76.6667
-1071.49	71.3333
-1074.37	75
-1077.25	82
-1080.12	73
-1083.01	67.3333
-1085.89	69.3333
-1088.77	70
-1091.65	78.6667
-1094.54	71
-1097.42	72.6667
-1100.31	75.6667
-1103.2	76
-1106.09	72.3333
-1108.98	79
-1111.87	81.3333
-1114.77	74.3333
-1117.66	76.3333
-1120.56	76
-1123.45	75
-1126.35	79
-1129.25	79
-1132.15	75
-1135.05	77.6667
-1137.96	80.3333
-1140.86	80.6667
-1143.77	85.6667
-1146.67	82.3333
-1149.58	80
-1152.49	77.6667
-1155.4	89.3333
-1158.32	83
-1161.23	96
-1164.14	90.3333
-1167.06	109.667
-1169.98	110.333
-1172.89	119.333
-1175.81	137.333
-1178.73	163.333
-1181.66	194
-1184.58	217.333
-1187.5	239.333
-1190.43	266.667
-1193.35	271.667
-1196.28	274.667
-1199.21	300
-1202.14	338
-1205.08	355
-1208.01	373.333
-1210.94	411.333
-1213.88	449.333
-1216.82	498
-1219.75	529.667
-1222.69	556.333
-1225.63	593.667
-1228.58	652.333
-1231.52	693.333
-1234.46	765
-1237.41	822.333
-1240.35	895
-1243.3	1079
-1246.25	1508.67
-1249.2	1778.67
-1252.16	1936
-1255.11	1953.33
-1258.06	1893
-1261.02	1746
-1263.97	1650.67
-1266.93	1489.67
-1269.89	1296.33
-1272.85	1090.67
-1275.82	746.667
-1278.78	451.667
-1281.74	258.667
-1284.71	194.333
-1287.68	169
-1290.65	160.333
-1293.62	156.667
-1296.59	156.333
-1299.56	136.667
-1302.53	120.667
-1305.51	129.667
-1308.48	107.333
-1311.46	111.667
-1314.44	121.667
-1317.42	109
-1320.4	109.333
-1323.38	111.667
-1326.37	96.6667
-1329.35	103.333
-1332.34	99.3333
-1335.32	95
-1338.31	92.6667
-1341.3	97.6667
-1344.29	84
-1347.29	92.6667
-1350.28	89.6667
-1353.28	92
-1356.27	86.3333
-1359.27	83.6667
-1362.27	77.3333
-1365.27	75.6667
-1368.27	77.3333
-1371.27	78.6667
-1374.28	61.3333
-1377.28	67
-1380.29	65.3333
-1383.3	64.3333
-1386.31	59
-1389.32	56.6667
-1392.33	56.3333
