1060.01	-5.59521
1060.14	-6.20416
1060.28	-5.03525
1060.41	-3.07169
1060.55	-0.899417
1060.68	1.11379
1060.82	2.80317
1060.95	4.07741
1061.09	4.94886
1061.22	5.45926
1061.36	5.67608
1061.49	5.66519
1061.63	5.48286
1061.76	5.19603
1061.9	4.84764
1062.03	4.46806
1062.17	4.07402
1062.3	3.67135
1062.44	3.26702
1062.57	2.88093
1062.71	2.51707
1062.84	2.18095
1062.98	1.87664
1063.11	1.63066
1063.25	1.4401
1063.38	1.31982
1063.52	1.26194
1063.65	1.24694
1063.79	1.25966
1063.92	1.28817
1064.06	1.32907
1064.19	1.37507
1064.33	1.40477
1064.46	1.41959
1064.6	1.42712
1064.73	1.4302
1064.87	1.43391
1065	1.43557
1065.14	1.43298
1065.27	1.42468
1065.41	1.4102
1065.54	1.39374
1065.68	1.36846
1065.81	1.33711
1065.95	1.47158
1066.08	1.46042
1066.22	1.3716
1066.35	1.26082
1066.49	1.13152
1066.62	0.99826
1066.76	0.880513
1066.89	0.769603
1067.02	0.651875
1067.16	0.539382
1067.29	0.440146
1067.43	0.351359
1067.56	0.279831
1067.7	0.224054
1067.83	0.185219
1067.97	0.147088
1068.1	0.109853
1068.24	0.0767323
1068.37	0.0562411
1068.51	0.0532148
1068.64	0.0616119
1068.78	0.0882137
1068.91	0.131046
1069.05	0.185568
1069.18	0.257268
1069.31	0.346682
1069.45	0.459696
1069.58	0.594036
1069.72	0.748457
1069.85	0.91957
1069.99	1.10348
1070.12	1.28958
1070.26	1.47782
1070.39	1.6743
1070.52	1.87661
1070.66	2.07192
1070.79	2.25377
1070.93	2.41996
1071.06	2.57236
1071.2	2.71729
1071.33	2.85084
1071.47	2.97476
1071.6	3.07055
1071.73	3.14359
1071.87	3.20351
1072	3.2577
1072.14	3.30679
1072.27	3.34631
1072.41	3.37205
1072.54	3.37638
1072.68	3.36322
1072.81	3.33327
1072.94	3.27814
1073.08	3.18591
1073.21	3.04575
1073.35	2.87169
1073.48	2.66082
1073.61	2.42011
1073.75	2.14753
1073.88	1.86007
1074.02	1.5635
1074.15	1.26437
1074.29	0.98676
1074.42	0.71556
1074.55	0.464223
1074.69	0.222599
1074.82	0.00557347
1074.96	-0.206983
1075.09	-0.403382
1075.23	-0.580087
1075.36	-0.73939
1075.49	-0.877816
1075.63	-1.00991
1075.76	-1.12493
1075.9	-1.19242
1076.03	-1.22341
1076.16	-1.22566
1076.3	-1.189
1076.43	-1.14207
1076.57	-1.0831
1076.7	-0.992721
1076.83	-0.890878
1076.97	-0.771092
1077.1	-0.62821
1077.24	-0.47858
1077.37	-0.313732
1077.5	-0.136562
1077.64	0.0545596
1077.77	0.243286
1077.91	0.437122
1078.04	0.630836
1078.17	0.82373
1078.31	1.01449
1078.44	1.18855
1078.58	1.34
1078.71	1.48887
1078.84	1.62347
1078.98	1.75901
1079.11	1.90399
1079.24	2.04127
1079.38	2.15417
1079.51	2.22794
1079.65	2.27967
1079.78	2.31457
1079.91	2.34175
1080.05	2.35604
1080.18	2.3522
1080.32	2.33659
1080.45	2.29312
1080.58	2.23152
1080.72	2.15135
1080.85	2.06287
1080.98	1.9703
1081.12	1.87361
1081.25	1.77525
1081.39	1.68088
1081.52	1.58669
1081.65	1.48576
1081.79	1.39997
1081.92	1.32969
1082.05	1.25607
1082.19	1.17883
1082.32	1.10445
1082.45	1.03075
1082.59	0.966721
1082.72	0.909241
1082.85	0.852936
1082.99	0.791575
1083.12	0.71803
1083.26	0.638613
1083.39	0.57107
1083.52	0.515482
1083.66	0.468992
1083.79	0.428041
1083.92	0.385068
1084.06	0.349701
1084.19	0.337129
1084.32	0.339884
1084.46	0.357395
1084.59	0.377298
1084.72	0.403458
1084.86	0.437273
1084.99	0.470617
1085.12	0.500691
1085.26	0.535504
1085.39	0.590036
1085.52	0.65529
1085.66	0.72472
1085.79	0.802059
1085.92	0.860097
1086.06	0.932312
1086.19	0.990566
1086.32	1.05352
1086.46	1.09866
1086.59	1.13655
1086.72	1.15993
1086.86	1.16864
1086.99	1.16803
1087.12	1.14751
1087.26	1.12242
1087.39	1.09993
1087.52	1.06641
1087.66	1.02849
1087.79	0.988223
1087.92	0.927109
1088.06	0.868164
1088.19	0.813333
1088.32	0.748349
1088.46	0.694984
1088.59	0.65798
1088.72	0.62861
1088.79	0.631806
1088.92	0.626149
1089.06	0.634899
1089.19	0.649284
1089.33	0.677312
1089.46	0.706115
1089.59	0.741366
1089.73	0.775341
1089.86	0.80476
1090	0.831236
1090.13	0.874427
1090.26	0.929856
1090.4	0.99808
1090.53	1.07585
1090.67	1.14753
1090.8	1.20369
1090.93	1.2576
1091.07	1.31765
1091.2	1.37631
1091.33	1.42912
1091.47	1.47623
1091.6	1.512
1091.73	1.5317
1091.87	1.52752
1092	1.50977
1092.14	1.47539
1092.27	1.42919
1092.4	1.36855
1092.54	1.30635
1092.67	1.22418
1092.8	1.13925
1092.94	1.02873
1093.07	0.906379
1093.21	0.790366
1093.34	0.662958
1093.47	0.528582
1093.61	0.399477
1093.74	0.282159
1093.87	0.166753
1094.01	0.0708423
1094.14	-0.0209743
1094.27	-0.0955642
1094.41	-0.155489
1094.54	-0.195862
1094.67	-0.225612
1094.81	-0.2314
1094.94	-0.235173
1095.07	-0.228276
1095.21	-0.213712
1095.34	-0.191899
1095.47	-0.155916
1095.61	-0.102702
1095.74	-0.0439367
1095.87	0.0142508
1096.01	0.0629549
1096.14	0.107205
1096.28	0.15054
1096.41	0.192021
1096.54	0.221673
1096.68	0.250423
1096.81	0.279369
1096.94	0.298094
1097.08	0.307908
1097.21	0.309911
1097.34	0.298319
1097.47	0.280817
1097.61	0.234455
1097.74	0.186487
1097.88	0.111043
1098.01	0.0218106
1098.14	-0.0707237
1098.27	-0.157976
1098.41	-0.24173
1098.54	-0.318657
1098.67	-0.388872
1098.81	-0.444572
1098.94	-0.483216
1099.07	-0.50112
1099.21	-0.501358
1099.34	-0.488568
1099.47	-0.449596
1099.61	-0.392255
1099.74	-0.308371
1099.87	-0.193641
1100.01	-0.045644
1100.14	0.124643
1100.27	0.316111
1100.4	0.526401
1100.54	0.760227
1100.67	1.01452
1100.8	1.27554
1100.94	1.54633
1101.07	1.81257
1101.2	2.05584
1101.34	2.28825
1101.47	2.5069
1101.6	2.71559
1101.73	2.90921
1101.87	3.07756
1102	3.229
1102.13	3.35447
1102.27	3.43676
1102.4	3.47828
1102.53	3.47596
1102.67	3.42497
1102.8	3.31832
1102.93	3.17135
1103.06	2.98237
1103.2	2.75224
1103.33	2.4906
1103.46	2.20027
1103.6	1.88713
1103.73	1.55379
1103.86	1.2067
1103.99	0.86788
1104.13	0.51083
1104.26	0.153651
1104.39	-0.200817
1104.53	-0.527567
1104.66	-0.837984
1104.79	-1.12772
1104.92	-1.377
1105.06	-1.57775
1105.19	-1.71968
1105.32	-1.82689
1105.45	-1.87878
1105.59	-1.88363
1105.72	-1.82248
1105.85	-1.70205
1105.98	-1.53346
1106.12	-1.3097
1106.25	-1.03972
1106.38	-0.745217
1106.52	-0.411828
1106.65	-0.0529081
1106.78	0.323586
1106.91	0.709856
1107.05	1.0978
1107.18	1.47719
1107.31	1.83567
1107.44	2.17264
1107.58	2.49024
1107.71	2.78745
1107.84	3.04842
1107.97	3.26945
1108.11	3.46397
1108.24	3.6311
1108.37	3.76118
1108.5	3.86337
1108.64	3.93667
1108.77	3.9741
1108.9	3.96241
1109.03	3.90121
1109.17	3.80972
1109.3	3.68486
1109.43	3.54302
1109.56	3.4005
1109.7	3.24669
1109.83	3.07877
1109.96	2.89693
1110.09	2.70286
1110.22	2.51984
1110.36	2.35024
1110.49	2.2039
1110.62	2.07262
1110.75	1.95287
1110.89	1.85223
1111.02	1.77325
1111.15	1.72301
1111.28	1.69939
1111.42	1.70395
1111.55	1.72129
1111.68	1.75725
1111.81	1.82841
1111.94	1.93938
1112.08	2.08587
1112.21	2.24978
1112.34	2.437
1112.47	2.60292
1112.6	2.75959
1112.74	2.91121
1112.87	3.05435
1113	3.19726
1113.13	3.34349
1113.27	3.49188
1113.4	3.64396
1113.53	3.78111
1113.66	3.89494
1113.79	3.99404
1113.93	4.07748
1114.06	4.13598
1114.19	4.16441
1114.32	4.18371
1114.45	4.19406
1114.59	4.17939
1114.72	4.1524
1114.85	4.11314
1114.98	4.06598
1115.11	4.00505
1115.25	3.93567
1115.38	3.86143
1115.51	3.75117
1115.64	3.6439
1115.77	3.54712
1115.91	3.4454
1116.03	3.32898
1116.16	3.21514
1116.3	3.10158
1116.43	2.99103
1116.56	2.87877
1116.7	2.74604
1116.83	2.61696
1116.96	2.49457
1117.09	2.38629
1117.23	2.2828
1117.36	2.18258
1117.49	2.09495
1117.62	2.00822
1117.76	1.9143
1117.89	1.8157
1118.02	1.71241
1118.15	1.60969
1118.29	1.49662
1118.42	1.38497
1118.55	1.2706
1118.68	1.15939
1118.82	1.05737
1118.95	0.963179
1119.08	0.880137
1119.21	0.795237
1119.35	0.722825
1119.48	0.659712
1119.61	0.60512
1119.74	0.553264
1119.88	0.523449
1120.01	0.499571
1120.14	0.475096
1120.27	0.437485
1120.41	0.401812
1120.54	0.396461
1120.67	0.424816
1120.8	0.480872
1120.94	0.559979
1121.07	0.652261
1121.2	0.750504
1121.33	0.847878
1121.46	0.954451
1121.6	1.09286
1121.73	1.24122
1121.86	1.39592
1121.99	1.53769
1122.13	1.66886
1122.26	1.804
1122.39	1.94256
1122.52	2.08671
1122.66	2.24318
1122.79	2.38335
1122.92	2.51388
1123.05	2.64939
1123.18	2.80071
1123.32	2.96641
1123.45	3.15395
1123.58	3.34842
1123.71	3.53941
1123.84	3.71328
1123.98	3.88657
1124.11	4.04681
1124.24	4.21
1124.37	4.37273
1124.5	4.52148
1124.64	4.66292
1124.77	4.79073
1124.9	4.90244
1125.03	5.00863
1125.16	5.11123
1125.3	5.20262
1125.43	5.26587
1125.56	5.30758
1125.69	5.34177
1125.82	5.36775
1125.96	5.37487
1126.09	5.3639
1126.22	5.32483
1126.35	5.24903
1126.48	5.1369
1126.62	4.98975
1126.75	4.80402
1126.88	4.57651
1127.01	4.33613
1127.14	4.0586
1127.28	3.74476
1127.41	3.40221
1127.54	3.03698
1127.67	2.6452
1127.8	2.24417
1127.94	1.8309
1128.07	1.40942
1128.2	1.00484
1128.33	0.632217
1128.46	0.290628
1128.59	-0.0208949
1128.73	-0.289016
1128.86	-0.513276
1128.99	-0.700246
1129.12	-0.843807
1129.25	-0.948165
1129.38	-1.00346
1129.52	-1.012
1129.65	-0.989398
1129.78	-0.914753
1129.91	-0.789893
1130.04	-0.602076
1130.17	-0.362812
1130.31	-0.0693681
1130.44	0.259044
1130.57	0.59992
1130.7	0.958101
1130.83	1.32615
1130.96	1.69065
1131.1	2.04263
1131.23	2.38806
1131.36	2.69527
1131.49	2.9622
1131.62	3.16841
1131.75	3.32944
1131.89	3.46768
1132.02	3.58159
1132.15	3.66435
1132.28	3.70522
1132.41	3.71109
1132.54	3.6839
1132.67	3.62142
1132.81	3.53716
1132.94	3.43551
1133.07	3.28911
1133.2	3.11153
1133.33	2.91362
1133.46	2.70026
1133.59	2.49921
1133.73	2.31486
1133.86	2.16069
1133.99	2.02573
1134.12	1.88764
1134.25	1.7902
1134.38	1.73812
1134.51	1.72992
1134.64	1.77401
1134.78	1.86765
1134.91	1.9953
1135.04	2.16528
1135.17	2.37184
1135.3	2.59914
1135.43	2.8494
1135.56	3.14453
1135.69	3.44774
1135.83	3.75712
1135.96	4.06736
1136.09	4.36558
1136.22	4.6586
1136.35	4.94689
1136.48	5.21535
1136.61	5.43693
1136.74	5.61034
1136.88	5.75828
1137.01	5.89088
1137.14	5.97767
1137.27	6.01735
1137.4	6.01099
1137.53	5.96874
1137.66	5.88515
1137.79	5.76429
1137.92	5.61465
1138.06	5.43806
1138.19	5.2324
1138.32	4.99913
1138.45	4.72736
1138.58	4.44611
1138.71	4.14118
1138.84	3.82261
1138.97	3.49331
1139.1	3.14742
1139.23	2.79635
1139.37	2.45958
1139.5	2.14279
1139.63	1.85778
1139.76	1.60041
1139.89	1.37427
1140.02	1.1847
1140.15	1.01659
1140.28	0.878501
1140.41	0.775963
1140.54	0.702366
1140.67	0.658944
1140.81	0.635395
1140.94	0.62925
1141.07	0.672248
1141.2	0.751345
1141.33	0.865863
1141.46	1.01057
1141.59	1.17402
1141.72	1.33394
1141.85	1.4816
1141.98	1.64047
1142.11	1.80775
1142.24	1.9748
1142.37	2.14816
1142.51	2.32502
1142.55	2.37648
1142.68	2.51846
1142.81	2.62868
1142.94	2.7199
1143.08	2.81187
1143.21	2.89702
1143.34	2.96808
1143.47	3.02446
1143.6	3.07545
1143.73	3.12056
1143.86	3.14792
1144	3.16412
1144.13	3.15565
1144.26	3.11222
1144.39	3.04196
1144.52	2.94448
1144.65	2.82807
1144.78	2.7211
1144.92	2.61186
1145.05	2.49876
1145.18	2.36533
1145.31	2.22807
1145.44	2.11883
1145.57	2.02564
1145.7	1.94164
1145.83	1.85849
1145.97	1.77182
1146.1	1.68804
1146.23	1.62441
1146.36	1.56092
1146.49	1.49268
1146.62	1.44783
1146.75	1.42983
1146.88	1.41551
1147.02	1.40829
1147.15	1.40838
1147.28	1.42776
1147.41	1.47266
1147.54	1.52867
1147.67	1.58831
1147.8	1.62954
1147.93	1.66585
1148.06	1.69789
1148.19	1.71121
1148.33	1.7082
1148.46	1.69924
1148.59	1.68936
1148.72	1.67248
1148.85	1.64135
1148.98	1.60258
1149.11	1.55861
1149.24	1.50813
1149.37	1.44471
1149.51	1.37395
1149.64	1.2845
1149.77	1.18502
1149.9	1.07418
1150.03	0.950455
1150.16	0.800068
1150.29	0.617642
1150.42	0.440978
1150.55	0.268335
1150.68	0.0979794
1150.81	-0.0479233
1150.95	-0.177974
1151.08	-0.302764
1151.21	-0.429738
1151.34	-0.556865
1151.47	-0.662886
1151.6	-0.756581
1151.73	-0.826122
1151.86	-0.863815
1151.99	-0.87115
1152.12	-0.842373
1152.25	-0.758005
1152.38	-0.63882
1152.52	-0.487501
1152.65	-0.305605
1152.78	-0.11667
1152.91	0.0717765
1153.04	0.272147
1153.17	0.494686
1153.3	0.738623
1153.43	0.998227
1153.56	1.27064
1153.69	1.53677
1153.82	1.79495
1153.95	2.04523
1154.08	2.28166
1154.21	2.50289
1154.34	2.71191
1154.48	2.89584
1154.61	3.05353
1154.74	3.18852
1154.87	3.29128
1155	3.36355
1155.13	3.38066
1155.26	3.3528
1155.39	3.28042
1155.52	3.16836
1155.65	3.00897
1155.78	2.81412
1155.91	2.61032
1156.04	2.40855
1156.17	2.19979
1156.3	1.99148
1156.43	1.78863
1156.56	1.60895
1156.69	1.45801
1156.82	1.33301
1156.96	1.22466
1157.09	1.14093
1157.22	1.09836
1157.35	1.103
1157.48	1.1512
1157.61	1.23039
1157.74	1.34027
1157.87	1.49173
1158	1.67615
1158.13	1.88372
1158.26	2.12719
1158.39	2.40792
1158.52	2.71934
1158.65	3.04461
1158.78	3.37433
1158.91	3.70214
1159.04	3.98713
1159.17	4.25454
1159.3	4.50216
1159.43	4.72186
1159.56	4.92139
1159.69	5.09584
1159.82	5.23983
1159.95	5.3406
1160.08	5.40793
1160.21	5.43693
1160.34	5.42865
1160.47	5.38633
1160.6	5.32247
1160.73	5.22728
1160.86	5.09303
1160.99	4.94645
1161.12	4.78893
1161.25	4.59873
1161.38	4.36634
1161.51	4.10972
1161.64	3.85086
1161.77	3.58677
1161.9	3.32907
1162.03	3.09201
1162.16	2.85294
1162.29	2.61603
1162.42	2.38583
1162.55	2.16406
1162.68	1.95355
1162.81	1.75323
1162.94	1.5889
1163.07	1.45649
1163.2	1.35205
1163.33	1.27931
1163.46	1.24781
1163.59	1.24322
1163.72	1.26247
1163.85	1.31414
1163.98	1.37791
1164.11	1.44661
1164.24	1.53289
1164.37	1.61819
1164.5	1.70731
1164.63	1.79667
1164.76	1.87062
1164.89	1.9268
1165.02	1.97493
1165.15	2.01701
1165.28	2.06043
1165.41	2.10481
1165.54	2.14827
1165.67	2.19558
1165.8	2.23669
1165.93	2.2786
1166.06	2.31664
1166.19	2.3412
1166.32	2.34012
1166.45	2.33808
1166.58	2.33711
1166.71	2.32444
1166.84	2.28363
1166.97	2.23105
1167.1	2.1831
1167.23	2.13524
1167.36	2.07632
1167.49	2.01225
1167.62	1.94332
1167.75	1.86831
1167.88	1.78456
1168.01	1.69821
1168.14	1.6063
1168.27	1.52685
1168.39	1.46906
1168.49	1.44178
1168.62	1.38709
1168.75	1.33888
1168.88	1.30466
1169.01	1.29379
1169.14	1.2968
1169.27	1.32259
1169.4	1.39275
1169.53	1.49304
1169.66	1.61351
1169.79	1.75033
1169.92	1.89615
1170.05	2.04295
1170.18	2.17847
1170.31	2.35152
1170.44	2.5226
1170.57	2.69687
1170.7	2.88343
1170.83	3.06836
1170.96	3.24097
1171.09	3.40588
1171.22	3.55396
1171.35	3.67123
1171.48	3.76916
1171.61	3.84827
1171.74	3.91975
1171.87	3.96752
1172	4.01161
1172.13	4.06697
1172.26	4.10903
1172.39	4.14148
1172.52	4.15154
1172.65	4.15596
1172.78	4.15734
1172.91	4.15919
1173.04	4.16823
1173.17	4.18888
1173.3	4.20811
1173.43	4.23677
1173.56	4.25807
1173.69	4.27119
1173.82	4.28085
1173.95	4.27802
1174.08	4.27302
1174.21	4.26233
1174.34	4.24764
1174.47	4.22784
1174.6	4.21333
1174.73	4.20921
1174.86	4.22808
1174.99	4.2727
1175.12	4.31745
1175.25	4.36442
1175.38	4.41859
1175.51	4.46766
1175.64	4.52653
1175.77	4.58721
1175.9	4.63822
1176.03	4.68248
1176.16	4.73251
1176.29	4.78573
1176.42	4.84661
1176.55	4.9008
1176.68	4.94273
1176.81	4.97776
1176.94	4.99752
1177.07	5.02298
1177.2	5.05403
1177.33	5.0947
1177.46	5.13799
1177.59	5.18345
1177.72	5.22419
1177.85	5.25498
1177.98	5.2746
1178.11	5.28697
1178.24	5.29249
1178.37	5.27704
1178.5	5.24678
1178.63	5.21334
1178.75	5.1647
1178.88	5.08206
1179.01	4.97067
1179.14	4.83472
1179.27	4.6868
1179.4	4.53084
1179.53	4.37408
1179.66	4.20178
1179.79	4.00337
1179.92	3.80276
1180.05	3.59281
1180.18	3.36809
1180.31	3.12596
1180.44	2.88001
1180.57	2.64023
1180.7	2.40746
1180.83	2.1903
1180.96	1.98932
1181.09	1.80156
1181.22	1.6267
1181.35	1.48213
1181.48	1.36653
1181.6	1.26136
1181.73	1.20196
1181.86	1.18551
1181.99	1.20585
1182.12	1.25776
1182.25	1.34883
1182.38	1.45573
1182.51	1.58294
1182.64	1.73121
1182.77	1.89228
1182.9	2.07841
1183.03	2.28326
1183.16	2.51296
1183.29	2.76415
1183.41	3.01328
1183.54	3.27322
1183.67	3.5143
1183.8	3.74567
1183.93	3.9697
1184.06	4.18395
1184.19	4.38308
1184.32	4.56878
1184.45	4.72392
1184.58	4.85013
1184.71	4.94458
1184.84	5.01206
1184.97	5.04997
1185.09	5.04
1185.22	5.0071
1185.35	4.94934
1185.48	4.86224
1185.61	4.75157
1185.74	4.63845
1185.87	4.52697
1186	4.41971
1186.13	4.29613
1186.26	4.15778
1186.39	4.01382
1186.51	3.85459
1186.64	3.69656
1186.77	3.55668
1186.9	3.43152
1187.03	3.31686
1187.16	3.20493
1187.29	3.1152
1187.42	3.04092
1187.55	2.98008
1187.68	2.90058
1187.8	2.81021
1187.93	2.71293
1188.06	2.61472
1188.19	2.53373
1188.32	2.46592
1188.45	2.40854
1188.58	2.35385
1188.71	2.31397
1188.84	2.28996
1188.96	2.28141
1189.09	2.28333
1189.22	2.28021
1189.35	2.28276
1189.48	2.28656
1189.61	2.31255
1189.74	2.35873
1189.87	2.39887
1189.99	2.42442
1190.12	2.44556
1190.25	2.47766
1190.38	2.536
1190.51	2.60611
1190.64	2.70112
1190.77	2.79527
1190.9	2.88593
1191.02	2.98317
1191.15	3.06823
1191.28	3.12227
1191.41	3.13939
1191.54	3.13602
1191.67	3.11813
1191.8	3.09286
1191.92	3.07279
1192.05	3.04547
1192.18	2.99703
1192.31	2.94009
1192.44	2.88708
1192.57	2.81445
1192.7	2.72728
1192.83	2.62968
1192.95	2.51841
1193.08	2.39072
1193.21	2.24367
1193.34	2.07588
1193.47	1.87559
1193.6	1.65302
1193.72	1.40048
1193.85	1.1309
1193.98	0.873317
1194.11	0.618489
1194.24	0.367828
1194.37	0.126505
1194.5	-0.110631
1194.62	-0.321779
1194.75	-0.510649
1194.88	-0.674449
1195.01	-0.801928
1195.14	-0.887405
1195.27	-0.936754
1195.4	-0.950939
1195.52	-0.942055
1195.54	-0.941222
1195.67	-0.902897
1195.8	-0.833822
1195.93	-0.729737
1196.06	-0.606371
1196.19	-0.441101
1196.32	-0.257211
1196.45	-0.0661529
1196.58	0.141385
1196.7	0.371363
1196.83	0.610444
1196.96	0.850397
1197.09	1.07098
1197.22	1.27933
1197.35	1.47297
1197.48	1.63666
1197.61	1.81047
1197.74	1.98694
1197.87	2.15734
1197.99	2.31055
1198.12	2.45687
1198.25	2.61821
1198.38	2.78181
1198.51	2.94199
1198.64	3.08784
1198.77	3.2334
1198.9	3.3715
1199.03	3.50522
1199.15	3.64411
1199.28	3.77992
1199.41	3.9138
1199.54	4.07097
1199.67	4.24522
1199.8	4.42804
1199.93	4.61127
1200.06	4.78274
1200.19	4.93127
1200.31	5.06808
1200.44	5.19171
1200.57	5.31351
1200.7	5.4321
1200.83	5.52666
1200.96	5.62089
1201.09	5.72135
1201.22	5.79094
1201.34	5.85277
1201.47	5.9082
1201.6	5.96146
1201.73	6.00022
1201.86	6.02636
1201.99	6.03398
1202.12	6.00629
1202.24	5.9302
1202.37	5.80816
1202.5	5.6546
1202.63	5.46331
1202.76	5.24017
1202.89	4.98601
1203.02	4.70269
1203.15	4.40566
1203.27	4.1171
1203.4	3.83869
1203.53	3.54991
1203.66	3.25915
1203.79	2.96924
1203.92	2.69641
1204.04	2.43334
1204.17	2.18571
1204.3	1.95363
1204.43	1.72531
1204.56	1.51182
1204.69	1.30986
1204.82	1.13413
1204.94	0.991011
1205.07	0.86575
1205.2	0.754752
1205.33	0.661236
1205.46	0.582857
1205.59	0.517827
1205.71	0.451443
1205.84	0.386509
1205.97	0.337564
1206.1	0.302076
1206.23	0.253992
1206.36	0.189751
1206.48	0.121588
1206.61	0.0446041
1206.74	-0.0214973
1206.87	-0.0798142
1207	-0.12423
1207.13	-0.153201
1207.25	-0.15856
1207.38	-0.153605
1207.51	-0.147363
1207.64	-0.138165
1207.77	-0.11879
1207.9	-0.0951252
1208.02	-0.0595
1208.15	-0.0195839
1208.28	0.0376571
1208.41	0.108361
1208.54	0.183992
1208.67	0.28883
1208.79	0.395144
1208.92	0.493599
1209.05	0.58761
1209.18	0.687387
1209.31	0.785136
1209.43	0.886193
1209.56	0.990881
1209.69	1.10036
1209.82	1.19259
1209.95	1.26521
1210.07	1.31162
1210.2	1.35333
1210.33	1.37383
1210.46	1.38228
1210.59	1.40697
1210.71	1.42506
1210.84	1.43549
1210.97	1.42321
1211.1	1.3826
1211.23	1.32606
1211.35	1.26264
1211.48	1.18583
1211.61	1.10818
1211.74	1.03587
1211.87	0.966468
1211.99	0.905498
1212.12	0.850361
1212.25	0.797423
1212.38	0.762918
1212.51	0.749872
1212.63	0.753646
1212.76	0.76906
1212.89	0.787026
1213.02	0.808253
1213.14	0.840201
1213.27	0.881876
1213.4	0.919941
1213.53	0.948673
1213.66	0.96806
1213.78	0.972857
1213.91	0.969575
1214.04	0.979524
1214.17	1.00266
1214.29	1.04393
1214.42	1.08882
1214.55	1.1202
1214.68	1.15479
1214.81	1.19451
1214.93	1.24798
1215.06	1.30968
1215.19	1.37524
1215.32	1.44196
1215.44	1.50222
1215.57	1.56782
1215.7	1.6399
1215.83	1.72557
1215.95	1.8132
1216.08	1.93742
1216.21	2.09128
1216.34	2.26461
1216.46	2.44607
1216.59	2.63471
1216.72	2.83544
1216.85	3.05625
1216.97	3.29248
1217.1	3.52853
1217.23	3.74548
1217.36	3.95188
1217.49	4.15582
1217.61	4.33435
1217.74	4.51226
1217.87	4.67116
1217.99	4.81945
1218.12	4.96678
1218.25	5.09855
1218.38	5.20663
1218.5	5.26044
1218.63	5.25791
1218.76	5.20641
1218.89	5.10729
1219.01	4.97857
1219.14	4.81345
1219.27	4.60807
1219.4	4.36435
1219.52	4.08726
1219.65	3.78682
1219.78	3.45582
1219.91	3.09591
1220.03	2.72155
1220.16	2.3341
1220.29	1.94246
1220.41	1.57054
1220.54	1.21534
1220.67	0.879798
1220.8	0.561528
1220.92	0.2736
1221.05	0.0172649
1221.18	-0.19113
1221.3	-0.36551
1221.34	-0.39709
1221.46	-0.493019
1221.59	-0.561219
1221.72	-0.596458
1221.85	-0.609317
1221.98	-0.601445
1222.1	-0.574092
1222.23	-0.542371
1222.36	-0.509795
1222.49	-0.455025
1222.62	-0.37441
1222.74	-0.272977
1222.87	-0.162739
1223	-0.0347242
1223.13	0.113149
1223.26	0.283237
1223.38	0.459379
1223.51	0.642976
1223.64	0.824504
1223.77	1.00235
1223.89	1.18453
1224.02	1.37754
1224.15	1.55869
1224.28	1.70903
1224.41	1.84111
1224.53	1.9555
1224.66	2.04717
1224.79	2.11883
1224.92	2.16823
1225.04	2.19207
1225.17	2.19258
1225.3	2.16407
1225.43	2.11184
1225.56	2.05146
1225.68	1.97333
1225.81	1.88284
1225.94	1.77674
1226.07	1.65208
1226.19	1.51027
1226.32	1.34127
1226.45	1.16296
1226.58	0.986209
1226.7	0.811545
1226.83	0.643735
1226.96	0.499143
1227.09	0.357701
1227.21	0.219546
1227.34	0.0856082
1227.47	-0.0333506
1227.6	-0.133216
1227.72	-0.214379
1227.85	-0.278678
1227.98	-0.34339
1228.11	-0.403767
1228.23	-0.450722
1228.36	-0.493542
1228.49	-0.529876
1228.62	-0.542894
1228.74	-0.550183
1228.87	-0.527525
1229	-0.467754
1229.13	-0.375588
1229.25	-0.269789
1229.38	-0.163015
1229.51	-0.0487623
1229.64	0.0807338
1229.76	0.21818
1229.89	0.376992
1230.02	0.534221
1230.15	0.67901
1230.27	0.832596
1230.4	0.995418
1230.53	1.17103
1230.66	1.35513
1230.78	1.53707
1230.91	1.70606
1231.04	1.86211
1231.17	2.00173
1231.29	2.12499
1231.42	2.23344
1231.55	2.32668
1231.67	2.40506
1231.8	2.4679
1231.93	2.53532
1232.06	2.59555
1232.18	2.64996
1232.31	2.70251
1232.44	2.73834
1232.56	2.7729
1232.69	2.81486
1232.82	2.8459
1232.95	2.84699
1233.07	2.81005
1233.2	2.75127
1233.33	2.68031
1233.45	2.59562
1233.58	2.49296
1233.71	2.36944
1233.84	2.22027
1233.96	2.05514
1234.09	1.87146
1234.22	1.66782
1234.34	1.44809
1234.47	1.22195
1234.6	0.986033
1234.72	0.742672
1234.85	0.497263
1234.98	0.256931
1235.11	0.0138135
1235.23	-0.210279
1235.36	-0.397051
1235.49	-0.552347
1235.61	-0.677702
1235.74	-0.779673
1235.87	-0.866683
1235.99	-0.915665
1236.12	-0.918497
1236.25	-0.877446
1236.37	-0.793768
1236.5	-0.673855
1236.63	-0.526297
1236.76	-0.336112
1236.88	-0.110115
1237.01	0.142346
1237.14	0.4145
1237.26	0.709371
1237.39	1.03906
1237.52	1.38559
1237.64	1.7412
1237.77	2.10547
1237.9	2.48296
1238.02	2.86608
1238.15	3.24473
1238.28	3.61498
1238.4	3.97575
1238.53	4.33178
1238.66	4.66658
1238.78	4.97976
1238.91	5.24142
1239.04	5.46567
1239.16	5.65497
1239.29	5.79232
1239.42	5.88332
1239.54	5.93563
1239.67	5.94477
1239.8	5.92989
1239.92	5.89181
1240.05	5.8327
1240.18	5.74134
1240.3	5.62173
1240.43	5.47258
1240.56	5.29793
1240.68	5.10486
1240.81	4.90053
1240.94	4.6726
1241.06	4.42163
1241.19	4.18378
1241.32	3.96074
1241.44	3.76219
1241.57	3.59257
1241.7	3.43866
1241.82	3.29638
1241.95	3.18297
1242.08	3.09897
1242.2	3.04043
1242.33	2.99462
1242.45	2.9738
1242.58	2.97157
1242.71	2.99003
1242.83	3.02649
1242.96	3.0546
1243.09	3.08579
1243.21	3.11407
1243.34	3.13605
1243.47	3.17264
1243.59	3.21455
1243.72	3.23958
1243.84	3.23365
1243.97	3.21034
1244.1	3.19555
1244.22	3.18444
1244.35	3.16646
1244.48	3.14616
1244.6	3.12867
1244.73	3.1163
1244.85	3.11087
1244.98	3.12135
1245.11	3.14601
1245.23	3.17332
1245.36	3.19917
1245.49	3.22681
1245.61	3.24651
1245.74	3.27007
1245.86	3.30252
1245.99	3.34146
1246.12	3.40075
1246.24	3.47834
1246.37	3.57889
1246.5	3.69351
1246.62	3.81458
1246.75	3.9417
1246.87	4.09559
1247	4.26698
1247.13	4.43612
1247.25	4.5855
1247.38	4.69568
1247.5	4.78222
1247.63	4.85673
1247.66	4.83325
1247.79	4.87987
1247.91	4.90425
1248.04	4.9074
1248.17	4.87651
1248.29	4.80096
1248.42	4.69368
1248.55	4.55311
1248.67	4.39369
1248.8	4.22047
1248.93	4.0326
1249.05	3.82986
1249.18	3.62207
1249.31	3.42072
1249.43	3.21366
1249.56	3.01329
1249.69	2.80726
1249.82	2.61662
1249.94	2.45414
1250.07	2.30847
1250.2	2.18663
1250.32	2.10225
1250.45	2.06109
1250.58	2.06879
1250.7	2.12862
1250.83	2.23997
1250.96	2.38602
1251.08	2.56476
1251.21	2.77699
1251.33	3.02844
1251.46	3.31948
1251.59	3.63362
1251.71	3.96141
1251.84	4.29369
1251.97	4.64882
1252.09	5.00211
1252.22	5.35076
1252.35	5.68503
1252.47	6.0007
1252.6	6.29922
1252.73	6.59293
1252.85	6.87593
1252.98	7.13134
1253.11	7.3483
1253.23	7.54224
1253.36	7.69925
1253.49	7.82126
1253.61	7.90451
1253.74	7.94927
1253.86	7.96445
1253.99	7.94216
1254.12	7.88956
1254.24	7.81909
1254.37	7.71958
1254.5	7.57259
1254.62	7.38671
1254.75	7.17879
1254.88	6.96795
1255	6.74857
1255.13	6.52694
1255.25	6.31382
1255.38	6.1176
1255.51	5.94289
1255.63	5.78607
1255.76	5.65847
1255.89	5.54106
1256.01	5.41578
1256.14	5.29202
1256.26	5.17901
1256.39	5.05894
1256.52	4.94459
1256.64	4.82579
1256.77	4.69967
1256.89	4.57495
1257.02	4.45491
1257.15	4.35653
1257.27	4.2677
1257.4	4.19852
1257.53	4.15999
1257.65	4.16492
1257.78	4.19467
1257.9	4.23001
1258.03	4.25875
1258.16	4.27635
1258.28	4.30187
1258.41	4.32703
1258.53	4.35069
1258.66	4.37999
1258.79	4.41032
1258.91	4.43779
1259.04	4.46213
1259.16	4.48506
1259.29	4.51087
1259.42	4.52407
1259.54	4.52815
1259.67	4.52322
1259.79	4.50818
1259.92	4.48699
1260.05	4.46888
1260.17	4.45245
1260.3	4.42822
1260.42	4.42051
1260.55	4.40543
1260.67	4.39291
1260.8	4.38002
1260.93	4.36007
1261.05	4.32602
1261.18	4.29932
1261.3	4.27508
1261.43	4.25304
1261.56	4.23939
1261.68	4.21468
1261.81	4.17654
1261.93	4.12983
1262.06	4.08629
1262.18	4.04154
1262.31	3.99373
1262.44	3.95258
1262.56	3.90014
1262.69	3.84218
1262.81	3.77949
1262.94	3.68693
1263.06	3.57584
1263.19	3.45785
1263.32	3.33982
1263.44	3.22488
1263.57	3.11638
1263.69	3.02015
1263.82	2.9322
1263.94	2.86119
1264.07	2.81065
1264.2	2.77016
1264.32	2.74505
1264.45	2.74218
1264.57	2.75806
1264.7	2.78225
1264.82	2.81385
1264.95	2.8555
1265.07	2.89846
1265.2	2.92258
1265.33	2.92823
1265.45	2.9298
1265.58	2.92061
1265.7	2.91155
1265.83	2.9062
1265.95	2.91538
1266.08	2.93632
1266.2	2.97953
1266.33	3.03991
1266.45	3.11184
1266.58	3.19864
1266.71	3.27779
1266.83	3.35344
1266.96	3.45109
1267.08	3.55533
1267.21	3.65073
1267.33	3.73816
1267.46	3.81517
1267.58	3.88471
1267.71	3.95396
1267.83	4.03428
1267.96	4.12906
1268.08	4.23152
1268.21	4.35818
1268.33	4.51222
1268.46	4.69107
1268.59	4.88468
1268.71	5.08155
1268.84	5.28826
1268.96	5.50173
1269.09	5.72324
1269.21	5.94335
1269.34	6.16557
1269.46	6.39479
1269.59	6.61755
1269.71	6.8544
1269.84	7.09746
1269.96	7.33543
1270.09	7.56078
1270.21	7.75142
1270.34	7.90566
1270.46	8.02029
1270.59	8.1021
1270.71	8.16477
1270.84	8.21601
1270.96	8.25154
1271.09	8.26405
1271.21	8.28104
1271.34	8.2485
1271.46	8.17459
1271.59	8.0653
1271.71	7.92962
1271.84	7.75513
1271.96	7.56075
1272.09	7.34116
1272.21	7.11071
1272.34	6.87726
1272.46	6.6289
1272.59	6.38186
1272.71	6.13846
1272.84	5.90954
1272.96	5.69228
1273.09	5.49715
1273.21	5.31891
1273.34	5.14468
1273.46	4.98946
1273.59	4.84081
1273.71	4.69897
1273.84	4.57168
1273.96	4.45446
1274.08	4.34818
1274.2	4.23932
1274.33	4.13338
1274.46	4.0429
1274.58	3.96815
1274.71	3.92437
1274.83	3.88975
1274.96	3.86084
1275.08	3.84517
1275.21	3.84562
1275.33	3.84711
1275.46	3.8383
1275.59	3.82104
1275.71	3.78866
1275.84	3.73667
1275.96	3.65688
1276.09	3.5542
1276.21	3.43038
1276.34	3.26996
1276.46	3.10184
1276.59	2.91265
1276.72	2.70832
1276.84	2.50128
1276.97	2.30149
1277.09	2.10401
1277.22	1.90856
1277.34	1.72513
1277.47	1.54619
1277.59	1.39419
1277.72	1.27753
1277.84	1.15978
1277.97	1.05769
1278.09	0.965827
1278.22	0.892312
1278.35	0.830813
1278.47	0.793343
1278.6	0.791919
1278.72	0.81556
1278.85	0.859557
1278.97	0.935575
1279.1	1.02306
1279.22	1.13068
1279.35	1.25233
1279.47	1.38332
1279.6	1.53237
1279.72	1.7014
1279.85	1.88139
1279.97	2.07026
1280.1	2.26277
1280.22	2.4598
1280.35	2.6525
1280.48	2.85352
1280.6	3.04218
1280.72	3.20896
1280.85	3.34373
1280.98	3.43638
1281.1	3.49084
1281.23	3.49247
1281.35	3.46107
1281.48	3.41649
1281.6	3.36198
1281.73	3.29667
1281.85	3.21388
1281.98	3.12264
1282.1	2.9973
1282.23	2.86998
1282.35	2.74372
1282.48	2.61561
1282.6	2.4751
1282.73	2.34454
1282.85	2.23362
1282.98	2.14433
1283.1	2.07526
1283.23	2.03543
1283.35	2.03687
1283.48	2.07267
1283.6	2.15328
1283.73	2.26369
1283.85	2.4079
1283.98	2.57211
1284.1	2.75197
1284.23	2.93608
1284.35	3.12062
1284.48	3.3081
1284.6	3.48554
1284.73	3.64598
1284.85	3.79168
1284.98	3.9255
1285.1	4.03798
1285.22	4.13749
1285.35	4.23181
1285.47	4.31483
1285.6	4.3685
1285.72	4.40876
1285.85	4.43232
1285.97	4.432
1286.1	4.41093
1286.22	4.3722
1286.35	4.30938
1286.47	4.23044
1286.6	4.14664
1286.72	4.04838
1286.85	3.9358
1286.97	3.81642
1287.1	3.68442
1287.22	3.55273
1287.35	3.39636
1287.47	3.25064
1287.59	3.11861
1287.72	2.97905
1287.84	2.84586
1287.97	2.72079
1288.09	2.6244
1288.22	2.53458
1288.34	2.47877
1288.47	2.44442
1288.59	2.41819
1288.72	2.42763
1288.84	2.45794
1288.96	2.49938
1289.09	2.55137
1289.21	2.63015
1289.34	2.72022
1289.46	2.80822
1289.59	2.89791
1289.71	2.9887
1289.84	3.06354
1289.96	3.13389
1290.09	3.18046
1290.21	3.21658
1290.33	3.25918
1290.46	3.30059
1290.58	3.3446
1290.71	3.39836
1290.83	3.4613
1290.96	3.52698
1291.08	3.59701
1291.2	3.6792
1291.33	3.77856
1291.45	3.89122
1291.58	4.0069
1291.7	4.12651
1291.83	4.24493
1291.95	4.35676
1292.08	4.46925
1292.2	4.58463
1292.32	4.69565
1292.45	4.80252
1292.57	4.90315
1292.7	4.99027
1292.82	5.0657
1292.95	5.13759
1293.07	5.19144
1293.19	5.23037
1293.32	5.24172
1293.44	5.24132
1293.57	5.21853
1293.69	5.16122
1293.81	5.09099
1293.94	5.02577
1294.06	4.97397
1294.19	4.93105
1294.31	4.90645
1294.44	4.88822
1294.56	4.88449
1294.68	4.86816
1294.81	4.83913
1294.93	4.79649
1295.06	4.73598
1295.18	4.66298
1295.3	4.58141
1295.43	4.49717
1295.55	4.41439
1295.68	4.32864
1295.8	4.24037
1295.92	4.16488
1296.05	4.10449
1296.17	4.01963
1296.3	3.92078
1296.42	3.81443
1296.54	3.70917
1296.67	3.61499
1296.79	3.53475
1296.92	3.45926
1297.04	3.38009
1297.16	3.31143
1297.29	3.25662
1297.41	3.19082
1297.54	3.1272
1297.66	3.06733
1297.78	3.00531
1297.91	2.93438
1298.03	2.8596
1298.16	2.78911
1298.28	2.69067
1298.4	2.56039
1298.53	2.41098
1298.65	2.25328
1298.77	2.09725
1298.9	1.91878
1299.02	1.74944
1299.15	1.58494
1299.27	1.42886
1299.39	1.31105
1299.52	1.20517
1299.64	1.10088
1299.76	1.01446
1299.89	0.948934
1299.97	0.906176
1300.09	0.845575
1300.22	0.798776
1300.34	0.761517
1300.46	0.732645
1300.59	0.701775
1300.71	0.661374
1300.84	0.629885
1300.96	0.602913
1301.09	0.557244
1301.21	0.512048
1301.34	0.461561
1301.46	0.404195
1301.58	0.331267
1301.71	0.25196
1301.83	0.179579
1301.96	0.128043
1302.08	0.0912415
1302.21	0.0637058
1302.33	0.0514829
1302.45	0.0573796
1302.58	0.0758447
1302.7	0.108026
1302.83	0.155294
1302.95	0.217851
1303.08	0.297975
1303.2	0.392222
1303.32	0.493701
1303.45	0.611722
1303.57	0.752476
1303.7	0.90146
1303.82	1.06271
1303.94	1.21583
1304.07	1.36633
1304.19	1.49396
1304.32	1.59543
1304.44	1.6998
1304.57	1.81296
1304.69	1.93684
1304.81	2.06572
1304.94	2.21384
1305.06	2.38006
1305.19	2.55445
1305.31	2.71979
1305.43	2.88347
1305.56	3.04892
1305.68	3.21447
1305.81	3.38249
1305.93	3.55486
1306.05	3.73855
1306.18	3.93454
1306.3	4.13543
1306.43	4.34198
1306.55	4.5374
1306.67	4.70607
1306.8	4.8163
1306.92	4.90068
1307.05	4.94978
1307.17	4.98674
1307.29	5.00617
1307.42	5.00182
1307.54	4.97432
1307.67	4.91785
1307.79	4.84482
1307.91	4.76939
1308.04	4.68398
1308.16	4.61364
1308.29	4.54471
1308.41	4.49222
1308.53	4.45001
1308.66	4.42895
1308.78	4.41329
1308.9	4.37474
1309.03	4.32284
1309.15	4.24884
1309.28	4.1755
1309.4	4.08004
1309.52	3.95134
1309.65	3.81756
1309.77	3.68213
1309.9	3.54107
1310.02	3.40117
1310.14	3.23255
1310.27	3.04743
1310.39	2.84686
1310.51	2.62391
1310.64	2.37483
1310.76	2.1202
1310.88	1.87814
1311.01	1.64703
1311.13	1.42408
1311.26	1.19991
1311.38	0.986705
1311.5	0.791679
1311.63	0.600439
1311.75	0.402857
1311.87	0.223852
1312	0.0581223
1312.12	-0.0909717
1312.24	-0.23124
1312.37	-0.360067
1312.49	-0.467445
1312.61	-0.545862
1312.74	-0.60027
1312.86	-0.629592
1312.99	-0.629185
1313.11	-0.591305
1313.23	-0.527864
1313.36	-0.436369
1313.48	-0.321111
1313.6	-0.18506
1313.73	-0.0228022
1313.85	0.16603
1313.97	0.379506
1314.1	0.623073
1314.22	0.890682
1314.34	1.17806
1314.47	1.49219
1314.59	1.81831
1314.71	2.14042
1314.84	2.44811
1314.96	2.73961
1315.08	3.01485
1315.21	3.24865
1315.33	3.43123
1315.45	3.5704
1315.58	3.68271
1315.7	3.75334
1315.82	3.76279
1315.95	3.72034
1316.07	3.63702
1316.19	3.50906
1316.32	3.34799
1316.44	3.13593
1316.56	2.90163
1316.69	2.67405
1316.81	2.45203
1316.93	2.23588
1317.06	2.02913
1317.18	1.82221
1317.3	1.63316
1317.43	1.45003
1317.55	1.29903
1317.67	1.16257
1317.79	1.06626
1317.92	0.993541
1318.04	0.940833
1318.16	0.887462
1318.29	0.838684
1318.41	0.801247
1318.53	0.782424
1318.66	0.777821
1318.78	0.788247
1318.9	0.807164
1319.03	0.848006
1319.15	0.901902
1319.27	0.972403
1319.4	1.03827
1319.52	1.09845
1319.64	1.15408
1319.76	1.19461
1319.89	1.23376
1320.01	1.23339
1320.13	1.21431
1320.26	1.18753
1320.38	1.15032
1320.5	1.10098
1320.63	1.03091
1320.75	0.948362
1320.87	0.858436
1320.99	0.735803
1321.12	0.593016
1321.24	0.44827
1321.36	0.314279
1321.48	0.210709
1321.61	0.119392
1321.73	0.0372719
1321.85	-0.0372356
1321.98	-0.0879431
1322.1	-0.112859
1322.22	-0.122722
1322.35	-0.110338
1322.47	-0.051447
1322.59	0.0411245
1322.71	0.170899
1322.84	0.321519
1322.96	0.494393
1323.08	0.691251
1323.2	0.908176
1323.33	1.14449
1323.45	1.38976
1323.57	1.64592
1323.7	1.917
1323.82	2.17648
1323.94	2.42048
1324.06	2.65224
1324.19	2.85967
1324.31	3.04728
1324.43	3.20169
1324.55	3.31369
1324.68	3.38001
1324.8	3.39122
1324.92	3.36883
1325.04	3.31659
1325.14	3.24842
1325.27	3.13933
1325.39	3.01776
1325.51	2.87196
1325.64	2.69837
1325.76	2.49981
1325.88	2.29887
1326.01	2.11336
1326.13	1.94387
1326.25	1.77429
1326.38	1.60317
1326.5	1.45377
1326.62	1.3189
1326.75	1.19547
1326.87	1.09584
1326.99	0.996871
1327.12	0.93064
1327.24	0.904069
1327.36	0.900571
1327.49	0.918275
1327.61	0.956854
1327.73	1.01166
1327.86	1.10206
1327.98	1.22022
1328.1	1.37621
1328.22	1.54261
1328.35	1.73673
1328.47	1.93274
1328.59	2.13274
1328.72	2.31743
1328.84	2.49604
1328.96	2.65671
1329.09	2.81068
1329.21	2.96708
1329.33	3.11083
1329.46	3.23934
1329.58	3.35211
1329.7	3.44575
1329.82	3.52273
1329.95	3.59028
1330.07	3.6618
1330.19	3.71881
1330.32	3.76034
1330.44	3.7868
1330.56	3.80419
1330.69	3.83508
1330.81	3.85549
1330.93	3.87144
1331.05	3.89078
1331.18	3.90343
1331.3	3.93156
1331.42	3.97241
1331.55	4.00937
1331.67	4.06848
1331.79	4.13998
1331.91	4.22445
1332.04	4.32515
1332.16	4.43035
1332.28	4.52644
1332.41	4.62403
1332.53	4.72772
1332.65	4.83231
1332.77	4.9277
1332.9	5.01855
1333.02	5.10754
1333.14	5.18075
1333.27	5.24568
1333.39	5.28454
1333.51	5.30733
1333.63	5.31297
1333.76	5.29569
1333.88	5.25885
1334	5.19608
1334.13	5.12054
1334.25	5.03844
1334.37	4.94279
1334.49	4.83992
1334.62	4.75537
1334.74	4.69015
1334.86	4.64632
1334.98	4.60677
1335.11	4.56796
1335.23	4.52484
1335.35	4.47535
1335.47	4.43851
1335.6	4.40599
1335.72	4.38855
1335.84	4.38285
1335.96	4.38896
1336.09	4.40456
1336.21	4.44692
1336.33	4.50832
1336.45	4.60071
1336.58	4.72418
1336.7	4.85818
1336.82	4.99265
1336.95	5.12169
1337.07	5.25096
1337.19	5.3838
1337.31	5.5083
1337.43	5.6231
1337.56	5.71376
1337.68	5.78671
1337.8	5.84491
1337.92	5.86214
1338.05	5.83425
1338.17	5.76829
1338.29	5.68248
1338.41	5.60277
1338.54	5.52554
1338.66	5.43524
1338.78	5.31238
1338.9	5.183
1339.03	5.03223
1339.15	4.88175
1339.27	4.71559
1339.39	4.53266
1339.52	4.34257
1339.64	4.16252
1339.76	4.00257
1339.88	3.84501
1340	3.68922
1340.13	3.53474
1340.25	3.38356
1340.37	3.23814
1340.49	3.12219
1340.62	3.02521
1340.74	2.9384
1340.86	2.86084
1340.98	2.80525
1341.1	2.80167
1341.23	2.84136
1341.35	2.88436
1341.47	2.94005
1341.59	3.01702
1341.71	3.11149
1341.84	3.23871
1341.96	3.39783
1342.08	3.58296
1342.2	3.79479
1342.33	4.021
1342.45	4.26611
1342.57	4.53
1342.69	4.79962
1342.81	5.07187
1342.94	5.35425
1343.06	5.63515
1343.18	5.91005
1343.3	6.17894
1343.42	6.438
1343.55	6.67226
1343.67	6.88268
1343.79	7.06069
1343.91	7.20257
1344.03	7.31667
1344.16	7.38742
1344.28	7.41067
1344.4	7.38847
1344.52	7.32089
1344.64	7.22354
1344.77	7.085
1344.89	6.91231
1345.01	6.71885
1345.13	6.53652
1345.25	6.35261
1345.37	6.16301
1345.5	5.94482
1345.62	5.71631
1345.74	5.47828
1345.86	5.22572
1345.98	4.96217
1346.11	4.69573
1346.23	4.43238
1346.35	4.14297
1346.47	3.84444
1346.59	3.56921
1346.71	3.3143
1346.84	3.07567
1346.96	2.86762
1347.08	2.69843
1347.2	2.54425
1347.32	2.42652
1347.45	2.34579
1347.57	2.31294
1347.69	2.33146
1347.81	2.37525
1347.93	2.45807
1348.05	2.57765
1348.18	2.72167
1348.3	2.87785
1348.42	3.02701
1348.54	3.17147
1348.66	3.31608
1348.78	3.48179
1348.9	3.67252
1349.03	3.87187
1349.15	4.04709
1349.27	4.19846
1349.39	4.35242
1349.51	4.50015
1349.63	4.65268
1349.76	4.78787
1349.88	4.90562
1350	5.02183
1350.12	5.1416
1350.24	5.27109
1350.36	5.39587
1350.48	5.51344
1350.61	5.62306
1350.61	5.62625
1350.73	5.72648
1350.85	5.83226
1350.98	5.92233
1351.1	5.99981
1351.22	6.06213
1351.34	6.14562
1351.47	6.25611
1351.59	6.35489
1351.71	6.43367
1351.83	6.49971
1351.95	6.55501
1352.08	6.59434
1352.2	6.62261
1352.32	6.64215
1352.44	6.6526
1352.56	6.64783
1352.69	6.64336
1352.81	6.64089
1352.93	6.63852
1353.05	6.63003
1353.17	6.62316
1353.3	6.62711
1353.42	6.64751
1353.54	6.68556
1353.66	6.73775
1353.78	6.80649
1353.91	6.88531
1354.03	6.99495
1354.15	7.10948
1354.27	7.24238
1354.39	7.37955
1354.52	7.51244
1354.64	7.63344
1354.76	7.72999
1354.88	7.80786
1355	7.86051
1355.13	7.86758
1355.25	7.84346
1355.37	7.79499
1355.49	7.73859
1355.61	7.65623
1355.73	7.55473
1355.86	7.42478
1355.98	7.25734
1356.1	7.06503
1356.22	6.84721
1356.34	6.6095
1356.47	6.36293
1356.59	6.10358
1356.71	5.81104
1356.83	5.51607
1356.95	5.22949
1357.07	4.92862
1357.2	4.62374
1357.32	4.32589
1357.44	4.04703
1357.56	3.78764
1357.68	3.56875
1357.8	3.38179
1357.93	3.22976
1358.05	3.12022
1358.17	3.05297
1358.29	3.04229
1358.41	3.0811
1358.53	3.16518
1358.66	3.28841
1358.78	3.44254
1358.9	3.62684
1359.02	3.83848
1359.14	4.07929
1359.26	4.34935
1359.39	4.62935
1359.51	4.90219
1359.63	5.17576
1359.75	5.44472
1359.87	5.69801
1359.99	5.93415
1360.11	6.13903
1360.24	6.30871
1360.36	6.44123
1360.48	6.54279
1360.6	6.61157
1360.72	6.64532
1360.84	6.63936
1360.96	6.59741
1361.09	6.51689
1361.21	6.39087
1361.33	6.23779
1361.45	6.05311
1361.57	5.83047
1361.69	5.59311
1361.81	5.3751
1361.94	5.14968
1362.06	4.92163
1362.18	4.71908
1362.3	4.52728
1362.42	4.34357
1362.54	4.17893
1362.66	4.04885
1362.78	3.9458
1362.91	3.87719
1363.03	3.83967
1363.15	3.84851
1363.27	3.90023
1363.39	3.99402
1363.51	4.13066
1363.63	4.29416
1363.76	4.48217
1363.88	4.68155
1364	4.87193
1364.12	5.04882
1364.24	5.232
1364.36	5.40836
1364.48	5.58422
1364.6	5.73729
1364.72	5.8838
1364.85	6.00821
1364.97	6.12491
1365.09	6.20965
1365.21	6.27711
1365.33	6.35068
1365.45	6.39545
1365.57	6.41041
1365.69	6.40584
1365.81	6.3901
1365.94	6.37361
1366.06	6.34703
1366.18	6.31952
1366.3	6.28613
1366.42	6.24622
1366.54	6.21026
1366.66	6.17835
1366.78	6.15007
1366.9	6.15088
1367.02	6.16066
1367.15	6.17325
1367.27	6.19579
1367.39	6.2234
1367.51	6.24084
1367.63	6.25831
1367.75	6.2822
1367.87	6.31887
1367.99	6.37769
1368.11	6.44277
1368.23	6.50969
1368.35	6.58129
1368.48	6.67082
1368.6	6.76591
1368.72	6.87156
1368.84	6.97956
1368.96	7.08624
1369.08	7.18522
1369.2	7.26827
1369.32	7.32691
1369.44	7.37106
1369.56	7.38807
1369.68	7.38588
1369.8	7.36491
1369.92	7.32898
1370.05	7.27066
1370.17	7.18933
1370.29	7.09078
1370.41	6.9749
1370.53	6.84608
1370.65	6.70091
1370.77	6.56177
1370.89	6.44736
1371.01	6.33544
1371.13	6.23336
1371.25	6.14273
1371.37	6.0656
1371.49	5.99602
1371.61	5.9439
1371.73	5.92834
1371.86	5.93327
1371.98	5.9612
1372.1	6.03381
1372.22	6.13922
1372.34	6.24991
1372.46	6.38515
1372.58	6.54856
1372.7	6.69486
1372.82	6.81461
1372.94	6.92376
1373.06	7.02602
1373.18	7.09131
1373.3	7.1312
1373.42	7.14279
1373.54	7.14339
1373.66	7.1356
1373.78	7.11132
1373.9	7.06678
1374.02	6.97319
1374.15	6.83702
1374.27	6.65705
1374.39	6.42817
1374.51	6.1566
1374.55	6.04016
1374.68	5.71532
1374.8	5.35768
1374.92	4.95757
1375.04	4.51867
1375.16	4.03042
1375.28	3.52785
1375.4	3.01036
1375.52	2.5078
1375.65	2.00983
1375.77	1.48984
1375.89	0.964258
1376.01	0.448738
1376.13	-0.0357556
1376.25	-0.47817
1376.37	-0.878382
1376.49	-1.2311
1376.61	-1.53104
1376.73	-1.77538
1376.86	-1.94905
1376.98	-2.04693
1377.1	-2.06643
1377.22	-2.00072
1377.34	-1.87616
1377.46	-1.68184
1377.58	-1.42901
1377.7	-1.1286
1377.82	-0.796601
1377.94	-0.425568
1378.06	-0.0331961
1378.19	0.392423
1378.31	0.845841
1378.43	1.30055
1378.55	1.7546
1378.67	2.21455
1378.79	2.6678
1378.91	3.10777
1379.03	3.5355
1379.15	3.93326
1379.27	4.29652
1379.39	4.62477
1379.52	4.89927
1379.64	5.11293
1379.76	5.26785
1379.88	5.38158
1380	5.45541
1380.12	5.49097
1380.24	5.49064
1380.36	5.4415
1380.48	5.34995
1380.6	5.21933
1380.72	5.05928
1380.84	4.88206
1380.96	4.69262
1381.08	4.51335
1381.21	4.33584
1381.33	4.14352
1381.45	3.9543
1381.57	3.76668
1381.69	3.57989
1381.81	3.39653
1381.93	3.2265
1382.05	3.07546
1382.17	2.95257
1382.29	2.87034
1382.41	2.81852
1382.53	2.77633
1382.65	2.74038
1382.77	2.71796
1382.89	2.69976
1383.01	2.66637
1383.14	2.62879
1383.26	2.60606
1383.38	2.58831
1383.5	2.56804
1383.62	2.55884
1383.74	2.57353
1383.86	2.61144
1383.98	2.66076
1384.1	2.71119
1384.22	2.7665
1384.34	2.8093
1384.46	2.84851
1384.58	2.87565
1384.7	2.89509
1384.82	2.91398
1384.94	2.93617
1385.06	2.95956
1385.18	2.99271
1385.3	3.02194
1385.42	3.04654
1385.54	3.08041
1385.66	3.15149
1385.78	3.24383
1385.91	3.36279
1386.03	3.49328
1386.15	3.6195
1386.27	3.75133
1386.39	3.9144
1386.51	4.10458
1386.63	4.30945
1386.75	4.53126
1386.87	4.75582
1386.99	4.98409
1387.11	5.21941
1387.23	5.46692
1387.35	5.70876
1387.47	5.93798
1387.59	6.15277
1387.71	6.35525
1387.83	6.54812
1387.95	6.71538
1388.07	6.84817
1388.19	6.95283
1388.31	7.03121
1388.43	7.07155
1388.55	7.0939
1388.67	7.09849
1388.79	7.07005
1388.91	7.02242
1389.03	6.95905
1389.15	6.874
1389.27	6.78679
1389.39	6.70982
1389.51	6.62857
1389.63	6.54784
1389.75	6.46708
1389.87	6.37939
1389.99	6.28378
1390.11	6.19218
1390.23	6.12061
1390.35	6.07113
1390.47	6.04255
1390.59	6.02076
1390.71	5.99145
1390.83	5.94995
1390.95	5.89839
1391.07	5.8352
1391.19	5.76351
1391.31	5.68706
1391.43	5.60196
1391.55	5.51566
1391.67	5.43246
1391.79	5.35115
1391.91	5.26722
1392.03	5.18075
1392.15	5.08583
1392.27	4.99995
1392.39	4.93073
1392.51	4.90748
1392.63	4.91551
1392.75	4.94131
1392.87	4.96563
1392.99	4.98764
1393.11	5.0034
1393.23	5.01319
1393.35	5.0166
1393.47	5.01694
1393.59	5.00453
1393.71	5.00006
1393.83	4.99985
1393.94	4.99809
1394.06	5.01455
1394.18	5.03877
1394.3	5.06584
1394.42	5.09499
1394.54	5.13651
1394.66	5.16947
1394.78	5.19782
1394.9	5.21907
1395.02	5.23249
1395.14	5.24276
1395.26	5.24436
1395.38	5.23861
1395.5	5.22617
1395.62	5.19322
1395.74	5.15167
1395.86	5.11116
1395.98	5.0644
1396.1	5.00189
1396.22	4.9355
1396.34	4.85565
1396.46	4.74442
1396.58	4.63263
1396.7	4.52245
1396.82	4.39984
1396.93	4.25836
1397.05	4.11912
1397.17	3.98718
1397.29	3.87071
1397.41	3.7689
1397.53	3.67901
1397.65	3.58473
1397.77	3.49984
1397.89	3.42454
1398.01	3.35763
1398.13	3.29981
1398.25	3.2515
1398.37	3.21339
1398.49	3.18549
1398.61	3.17213
1398.73	3.16097
1398.85	3.17028
1398.96	3.18744
1399.08	3.19507
1399.2	3.18133
1399.32	3.15398
1399.44	3.11073
1399.56	3.07269
1399.68	3.02591
1399.8	2.94416
1399.92	2.84053
1400.04	2.71957
1400.16	2.56674
1400.28	2.38842
1400.4	2.22065
1400.52	2.07778
1400.64	1.94991
1400.76	1.83526
1400.88	1.72393
1401	1.63074
1401.12	1.53688
1401.24	1.45663
1401.36	1.38447
1401.48	1.31681
1401.6	1.26836
1401.72	1.23113
1401.84	1.22596
1401.96	1.2495
1402.08	1.28916
1402.2	1.32718
1402.32	1.35648
1402.44	1.38149
1402.56	1.42292
1402.67	1.47211
1402.79	1.55459
1402.91	1.63849
1403.03	1.73279
1403.15	1.82042
1403.27	1.9138
1403.39	2.00558
1403.51	2.08683
1403.63	2.1616
1403.75	2.23616
1403.87	2.30298
1403.99	2.38513
1404.11	2.45067
1404.23	2.51332
1404.35	2.59949
1404.47	2.70505
1404.59	2.81615
1404.71	2.92863
1404.83	3.04831
1404.95	3.156
1405.07	3.26315
1405.19	3.36383
1405.31	3.45468
1405.43	3.54718
1405.55	3.6231
1405.67	3.69073
1405.79	3.74265
1405.91	3.78377
1406.03	3.8302
1406.15	3.8707
1406.26	3.89757
1406.38	3.92778
1406.5	3.96374
1406.62	3.99272
1406.74	4.01214
1406.86	4.03335
1406.98	4.05198
1407.1	4.05898
1407.22	4.05854
1407.34	4.07186
1407.46	4.10752
1407.58	4.15216
1407.7	4.21132
1407.82	4.28984
1407.94	4.37613
1408.06	4.46245
1408.18	4.52401
1408.3	4.57163
1408.42	4.62086
1408.53	4.67134
1408.65	4.71557
1408.77	4.75322
1408.89	4.8013
1409.01	4.8481
1409.13	4.90575
1409.25	4.96035
1409.37	5.01383
1409.49	5.05315
1409.61	5.09659
1409.73	5.15256
1409.85	5.21345
1409.97	5.24468
1410.09	5.24459
1410.2	5.23115
1410.32	5.19111
1410.44	5.1128
1410.56	5.01112
1410.68	4.90005
1410.8	4.7774
1410.92	4.63132
1411.04	4.46121
1411.16	4.27556
1411.28	4.10567
1411.4	3.92222
1411.52	3.73392
1411.64	3.53504
1411.75	3.32947
1411.87	3.14806
1411.99	2.99004
1412.11	2.87529
1412.23	2.79852
1412.35	2.76003
1412.47	2.74438
1412.59	2.77211
1412.71	2.852
1412.83	2.97781
1412.94	3.13877
1413.06	3.35469
1413.18	3.59627
1413.3	3.88616
1413.42	4.19458
1413.54	4.52757
1413.66	4.8673
1413.78	5.20586
1413.9	5.54706
1414.02	5.88664
1414.14	6.19621
1414.25	6.46802
1414.37	6.71168
1414.49	6.94947
1414.61	7.17975
1414.73	7.39621
1414.85	7.57704
1414.97	7.72267
1415.09	7.8306
1415.21	7.89124
1415.32	7.9184
1415.44	7.91445
1415.56	7.88556
1415.68	7.81614
1415.8	7.70008
1415.92	7.56069
1416.04	7.39819
1416.16	7.23259
1416.27	7.0551
1416.39	6.85393
1416.51	6.64504
1416.63	6.45382
1416.75	6.28283
1416.87	6.12973
1416.99	5.99211
1417.11	5.88276
1417.22	5.81622
1417.34	5.7815
1417.46	5.7804
1417.58	5.81548
1417.7	5.90297
1417.82	6.03876
1417.94	6.23181
1418.05	6.47585
1418.17	6.75571
1418.29	7.04344
1418.41	7.33301
1418.53	7.62935
1418.65	7.93299
1418.77	8.24068
1418.89	8.51898
1419	8.77229
1419.12	8.99473
1419.24	9.16933
1419.36	9.31249
1419.48	9.42214
1419.6	9.49323
1419.72	9.51484
1419.83	9.5028
1419.95	9.46166
1420.07	9.36286
1420.19	9.19952
1420.31	8.98293
1420.43	8.72374
1420.54	8.41457
1420.66	8.06891
1420.78	7.66557
1420.9	7.21344
1421.02	6.74289
1421.14	6.23612
1421.26	5.69434
1421.37	5.14276
1421.49	4.59889
1421.61	4.05038
1421.73	3.48389
1421.85	2.91734
1421.97	2.35696
1422.08	1.82788
1422.2	1.33247
1422.32	0.880713
1422.44	0.466046
1422.56	0.10702
1422.67	-0.195557
1422.79	-0.421112
1422.91	-0.592701
1423.03	-0.716654
1423.15	-0.783849
1423.27	-0.777954
1423.39	-0.725387
1423.5	-0.630151
1423.62	-0.50703
1423.74	-0.340125
1423.74	-0.343042
1423.86	-0.125592
1423.98	0.121509
1424.1	0.386054
1424.22	0.649019
1424.34	0.918657
1424.46	1.21546
1424.58	1.53125
1424.69	1.86344
1424.81	2.20265
1424.93	2.53246
1425.05	2.85044
1425.17	3.14486
1425.29	3.41922
1425.41	3.68435
1425.53	3.93385
1425.65	4.16652
1425.76	4.35506
1425.88	4.52265
1426	4.68609
1426.12	4.83649
1426.24	4.9715
1426.36	5.05722
1426.48	5.09876
1426.6	5.11845
1426.71	5.12552
1426.83	5.11783
1426.95	5.08768
1427.07	5.0301
1427.19	4.96628
1427.31	4.89856
1427.43	4.81701
1427.54	4.72685
1427.66	4.62809
1427.78	4.54432
1427.9	4.47005
1428.02	4.41781
1428.14	4.39961
1428.26	4.39956
1428.38	4.41197
1428.49	4.45374
1428.61	4.51551
1428.73	4.59153
1428.85	4.67003
1428.97	4.75408
1429.09	4.83725
1429.21	4.91187
1429.32	4.98596
1429.44	5.05747
1429.56	5.12451
1429.68	5.17547
1429.8	5.20712
1429.92	5.22162
1430.04	5.21428
1430.15	5.18557
1430.27	5.13878
1430.39	5.07124
1430.51	4.99726
1430.63	4.91455
1430.75	4.81769
1430.86	4.68284
1430.98	4.52907
1431.1	4.37721
1431.22	4.20353
1431.34	4.02398
1431.46	3.82939
1431.57	3.62534
1431.69	3.40615
1431.81	3.16329
1431.93	2.91693
1432.05	2.66812
1432.17	2.4233
1432.28	2.18909
1432.4	1.96478
1432.52	1.76568
1432.64	1.59452
1432.76	1.4618
1432.88	1.36799
1432.99	1.30036
1433.11	1.27811
1433.23	1.29563
1433.35	1.35517
1433.47	1.43232
1433.59	1.52689
1433.7	1.63829
1433.82	1.78565
1433.94	1.96639
1434.06	2.18195
1434.18	2.40801
1434.29	2.65301
1434.41	2.90291
1434.53	3.15669
1434.65	3.41845
1434.77	3.68742
1434.89	3.96394
1435	4.23188
1435.12	4.49353
1435.24	4.73716
1435.36	4.96685
1435.48	5.17374
1435.59	5.35388
1435.71	5.50829
1435.83	5.63545
1435.95	5.7249
1436.07	5.80323
1436.18	5.87091
1436.3	5.92334
1436.42	5.93672
1436.54	5.90564
1436.66	5.84421
1436.77	5.77892
1436.89	5.71079
1437.01	5.645
1437.13	5.55897
1437.25	5.44513
1437.36	5.32515
1437.48	5.1845
1437.6	5.03527
1437.72	4.87788
1437.84	4.69887
1437.95	4.50224
1438.07	4.29654
1438.19	4.10511
1438.31	3.91365
1438.43	3.72634
1438.54	3.57086
1438.66	3.43958
1438.78	3.30069
1438.9	3.15749
1439.01	3.01915
1439.13	2.88902
1439.25	2.76447
1439.37	2.65354
1439.49	2.56267
1439.6	2.47202
1439.72	2.39562
1439.84	2.31674
1439.96	2.23124
1440.07	2.14966
1440.19	2.09604
1440.31	2.06741
1440.43	2.04036
1440.54	2.0205
1440.66	2.01988
1440.78	2.03603
1440.9	2.05747
1441.02	2.08801
1441.13	2.13176
1441.25	2.20998
1441.37	2.31332
1441.49	2.42828
1441.6	2.53292
1441.72	2.64773
1441.84	2.77906
1441.96	2.91083
1442.07	3.05325
1442.19	3.20216
1442.31	3.34362
1442.43	3.47506
1442.54	3.60198
1442.66	3.71258
1442.78	3.79457
1442.9	3.87068
1443.01	3.93509
1443.13	3.97946
1443.25	4.0146
1443.37	4.02059
1443.48	4.00479
1443.6	3.96218
1443.72	3.90085
1443.84	3.8218
1443.95	3.7508
1444.07	3.68445
1444.19	3.6103
1444.31	3.52785
1444.42	3.43951
1444.54	3.33345
1444.66	3.20448
1444.78	3.05405
1444.89	2.90046
1445.01	2.75789
1445.13	2.62129
1445.24	2.48914
1445.36	2.36362
1445.48	2.25235
1445.6	2.15096
1445.71	2.06143
1445.83	1.99539
1445.95	1.94139
1446.07	1.90416
1446.18	1.9005
1446.3	1.92057
1446.42	1.96483
1446.53	1.99833
1446.65	2.05287
1446.77	2.11908
1446.89	2.21186
1447	2.31364
1447.12	2.41916
1447.24	2.49862
1447.36	2.55075
1447.42	2.55428
1447.53	2.56215
1447.65	2.55443
1447.77	2.51472
1447.89	2.42418
1448	2.29129
1448.12	2.13824
1448.24	1.95677
1448.36	1.75049
1448.48	1.5471
1448.59	1.34541
1448.71	1.11947
1448.83	0.875634
1448.95	0.627111
1449.06	0.379115
1449.18	0.125581
1449.3	-0.119997
1449.42	-0.350185
1449.54	-0.55689
1449.65	-0.752335
1449.77	-0.916588
1449.89	-1.05779
1450.01	-1.16228
1450.13	-1.21997
1450.24	-1.21288
1450.36	-1.17515
1450.48	-1.11005
1450.6	-1.00753
1450.71	-0.881925
1450.83	-0.729055
1450.95	-0.567296
1451.07	-0.385925
1451.18	-0.199052
1451.3	0.0130771
1451.42	0.223441
1451.54	0.427954
1451.65	0.636202
1451.77	0.866156
1451.89	1.11386
1452.01	1.34666
1452.12	1.57492
1452.24	1.7846
1452.36	1.96678
1452.48	2.11434
1452.6	2.24576
1452.71	2.34144
1452.83	2.40158
1452.95	2.44252
1453.07	2.45385
1453.18	2.42641
1453.3	2.36107
1453.42	2.24419
1453.54	2.09176
1453.65	1.92135
1453.77	1.74984
1453.89	1.57676
1454.01	1.40739
1454.12	1.22591
1454.24	1.04528
1454.36	0.880819
1454.47	0.718075
1454.59	0.549376
1454.71	0.391196
1454.83	0.247926
1454.94	0.12434
1455.06	0.0323187
1455.18	-0.0411531
1455.3	-0.0930904
1455.41	-0.1167
1455.53	-0.129276
1455.65	-0.131537
1455.77	-0.124012
1455.88	-0.108005
1456	-0.10074
1456.12	-0.0825695
1456.23	-0.0457791
1456.35	0.00938868
1456.47	0.0791713
1456.59	0.154134
1456.7	0.24824
1456.82	0.345686
1456.94	0.455085
1457.06	0.579815
1457.17	0.703141
1457.29	0.813516
1457.41	0.91252
1457.52	1.00437
1457.64	1.09818
1457.76	1.1945
1457.88	1.26874
1457.99	1.31611
1458.11	1.35447
1458.23	1.37794
1458.34	1.37958
1458.46	1.38282
1458.58	1.37482
1458.69	1.34986
1458.81	1.32313
1458.93	1.29285
1459.05	1.24192
1459.16	1.17087
1459.28	1.09824
1459.4	1.01874
1459.51	0.945347
1459.63	0.872228
1459.75	0.797716
1459.87	0.732468
1459.98	0.679129
1460.1	0.633503
1460.22	0.602996
1460.33	0.607593
1460.45	0.61864
1460.57	0.648361
1460.68	0.697106
1460.8	0.757236
1460.92	0.829208
1461.04	0.901909
1461.15	0.984576
1461.27	1.07586
1461.39	1.18428
1461.5	1.29036
1461.62	1.4222
1461.74	1.58283
1461.85	1.7762
1461.97	1.97741
1462.09	2.1595
1462.2	2.33527
1462.32	2.50283
1462.44	2.66921
1462.55	2.81884
1462.67	2.952
1462.79	3.07285
1462.9	3.18047
1463.02	3.29023
1463.14	3.37991
1463.25	3.43256
1463.37	3.45349
1463.49	3.44642
1463.6	3.42813
1463.72	3.41008
1463.84	3.3891
1463.95	3.34536
1464.07	3.27365
1464.19	3.17209
1464.3	3.06278
1464.42	2.93363
1464.54	2.77592
1464.65	2.60164
1464.77	2.42971
1464.89	2.23938
1465	2.02584
1465.12	1.82817
1465.24	1.63947
1465.35	1.46174
1465.47	1.28057
1465.59	1.08828
1465.7	0.898683
1465.82	0.714101
1465.94	0.518518
1466.05	0.321125
1466.17	0.137716
1466.29	-0.0226709
1466.4	-0.166369
1466.52	-0.302194
1466.64	-0.421113
1466.75	-0.518514
1466.87	-0.592575
1466.98	-0.646958
1467.1	-0.669944
1467.22	-0.685846
1467.33	-0.668137
1467.45	-0.621544
1467.57	-0.539288
1467.68	-0.41449
1467.8	-0.244865
1467.92	-0.0491625
1468.03	0.171366
1468.15	0.42935
1468.26	0.700149
1468.38	0.982013
1468.5	1.2698
1468.61	1.54451
1468.73	1.81625
1468.85	2.08247
1468.96	2.31878
1469.08	2.52974
1469.2	2.71626
1469.31	2.8948
1469.43	3.05262
1469.54	3.20047
1469.66	3.31355
1469.78	3.41313
1469.89	3.48865
1470.01	3.55175
1470.13	3.58621
1470.24	3.60389
1470.36	3.6005
1470.47	3.54967
1470.59	3.46436
1470.71	3.36072
1470.82	3.23602
1470.94	3.07309
1471.05	2.88393
1471.17	2.68325
1471.29	2.4697
1471.4	2.24066
1471.49	2.05057
1471.61	1.82137
1471.73	1.60341
1471.84	1.39505
1471.96	1.18522
1472.08	0.981348
1472.19	0.793052
1472.31	0.616897
1472.43	0.440971
1472.54	0.261835
1472.66	0.103807
1472.78	-0.0239404
1472.89	-0.132029
1473.01	-0.216152
1473.13	-0.29228
1473.24	-0.363923
1473.36	-0.4046
1473.48	-0.438648
1473.59	-0.452366
1473.71	-0.44226
1473.83	-0.421412
1473.94	-0.40155
1474.06	-0.371226
1474.18	-0.331922
1474.29	-0.286218
1474.41	-0.235887
1474.53	-0.185931
1474.64	-0.130661
1474.76	-0.0628662
1474.88	0.000681025
1475	0.058126
1475.11	0.140031
1475.23	0.216228
1475.34	0.282009
1475.46	0.337366
1475.58	0.397946
1475.69	0.469357
1475.81	0.549737
1475.93	0.621032
1476.04	0.70514
1476.16	0.794703
1476.28	0.885908
1476.39	0.965805
1476.51	1.0432
1476.63	1.13833
1476.74	1.23607
1476.86	1.31619
1476.98	1.37149
1477.09	1.4147
1477.21	1.44066
1477.33	1.46478
1477.44	1.45851
1477.56	1.44269
1477.68	1.4298
1477.79	1.42273
1477.91	1.41367
1478.02	1.41336
1478.14	1.43149
1478.26	1.44278
1478.37	1.46091
1478.49	1.4787
1478.61	1.49808
1478.72	1.51749
1478.84	1.53982
1478.95	1.55344
1479.07	1.58019
1479.19	1.61258
1479.3	1.66963
1479.42	1.73825
1479.54	1.80314
1479.65	1.86388
1479.77	1.95454
1479.89	2.05649
1480	2.1797
1480.12	2.29502
1480.23	2.41307
1480.35	2.51012
1480.47	2.58453
1480.58	2.64926
1480.7	2.71891
1480.82	2.76847
1480.93	2.80417
1481.05	2.84325
1481.16	2.87285
1481.28	2.87816
1481.4	2.86044
1481.51	2.82951
1481.63	2.78374
1481.74	2.71946
1481.86	2.63574
1481.98	2.53917
1482.09	2.42808
1482.21	2.2814
1482.33	2.11736
1482.44	1.92938
1482.56	1.74014
1482.67	1.55477
1482.79	1.36444
1482.9	1.17007
1483.02	0.983757
1483.14	0.802487
1483.25	0.624358
1483.37	0.449803
1483.49	0.262291
1483.6	0.0988421
1483.72	-0.0475043
1483.83	-0.201031
1483.95	-0.342484
1484.06	-0.468845
1484.18	-0.591335
1484.3	-0.690904
1484.41	-0.763144
1484.53	-0.817181
1484.64	-0.829332
1484.76	-0.802573
1484.88	-0.742004
1484.99	-0.654611
1485.11	-0.549616
1485.22	-0.44699
1485.34	-0.338219
1485.46	-0.19703
1485.57	-0.0271065
1485.69	0.17278
1485.8	0.384068
1485.92	0.601814
1486.03	0.828313
1486.15	1.05477
1486.27	1.27248
1486.38	1.49093
1486.5	1.7209
1486.61	1.95754
1486.73	2.17902
1486.84	2.38869
1486.96	2.59415
1487.08	2.81202
1487.19	3.03857
1487.31	3.25374
1487.42	3.45113
1487.54	3.65668
1487.65	3.86275
1487.77	4.07311
1487.89	4.28534
1488	4.49923
1488.12	4.70265
1488.23	4.88292
1488.35	5.04895
1488.46	5.17499
1488.58	5.25702
1488.69	5.29568
1488.81	5.30933
1488.93	5.28664
1489.04	5.25094
1489.16	5.19562
1489.27	5.13144
1489.39	5.04558
1489.5	4.9495
1489.62	4.85448
1489.73	4.76869
1489.85	4.68198
1489.97	4.59148
1490.08	4.49089
1490.2	4.38535
1490.31	4.25471
1490.43	4.11104
1490.54	3.96088
1490.66	3.8121
1490.77	3.6639
1490.89	3.54301
1491	3.44569
1491.12	3.36463
1491.24	3.30255
1491.35	3.26561
1491.47	3.24528
1491.58	3.25022
1491.7	3.27978
1491.81	3.32492
1491.93	3.38642
1492.04	3.45824
1492.16	3.54093
1492.27	3.63503
1492.39	3.734
1492.5	3.85152
1492.62	3.98985
1492.73	4.14243
1492.85	4.30876
1492.96	4.48476
1493.08	4.66869
1493.2	4.85736
1493.31	5.04762
1493.43	5.23985
1493.54	5.4477
1493.66	5.65835
1493.77	5.86706
1493.89	6.09967
1494	6.31787
1494.12	6.53478
1494.23	6.79585
1494.35	7.0645
1494.46	7.33791
1494.58	7.61211
1494.69	7.8579
1494.81	8.02126
1494.92	8.05412
1495.04	7.93598
1495.15	7.81879
1495.27	7.69102
1495.38	7.72343
1495.5	7.74762
1495.61	7.76439
1495.73	7.76469
1495.84	7.74692
1495.96	7.70628
1496.07	7.63796
1496.19	7.54009
1496.3	7.4072
1496.31	7.36356
1496.43	7.17966
1496.54	6.97095
1496.66	6.73672
1496.77	6.48371
1496.89	6.21109
1497.01	5.93885
1497.12	5.69813
1497.24	5.48209
1497.35	5.28704
1497.47	5.11393
1497.59	4.94312
1497.7	4.7719
1497.82	4.60038
1497.93	4.43144
1498.05	4.27087
1498.16	4.1318
1498.28	4.01858
1498.39	3.91589
1498.51	3.80581
1498.63	3.66926
1498.74	3.46728
1498.86	3.17328
1498.97	2.75068
1499.09	2.20427
1499.2	1.57965
1499.32	1.01737
1499.43	0.733397
1499.55	1.13528
1499.67	2.83787
1499.78	6.7672
1499.9	14.3207
1499.95	20.0256
1499.99	25.0074
