1060.01	-5.41883
1060.14	-2.20758
1060.28	-0.122077
1060.41	1.1395
1060.55	1.84785
1060.68	2.18326
1060.82	2.32086
1060.95	2.34318
1061.09	2.31567
1061.22	2.26482
1061.36	2.20424
1061.49	2.1329
1061.63	2.04526
1061.76	1.93223
1061.9	1.78498
1062.03	1.60192
1062.17	1.37097
1062.3	1.09268
1062.44	0.776473
1062.57	0.439515
1062.71	0.102062
1062.84	-0.208203
1062.98	-0.500939
1063.11	-0.773374
1063.25	-1.01602
1063.38	-1.20716
1063.52	-1.36905
1063.65	-1.49076
1063.79	-1.56034
1063.92	-1.58054
1064.06	-1.54944
1064.19	-1.47978
1064.33	-1.37222
1064.46	-1.23083
1064.6	-1.05601
1064.73	-0.851468
1064.87	-0.619661
1065	-0.36475
1065.14	-0.0933674
1065.27	0.18913
1065.41	0.47614
1065.54	0.760699
1065.68	1.04038
1065.81	1.3015
1065.95	1.53828
1066.08	1.73553
1066.22	1.93364
1066.35	2.14065
1066.49	2.35266
1066.62	2.55699
1066.76	2.73762
1066.89	2.89349
1067.02	3.03456
1067.16	3.14654
1067.29	3.21437
1067.43	3.24103
1067.56	3.2376
1067.7	3.21825
1067.83	3.1724
1067.97	3.10506
1068.1	3.0195
1068.24	2.92843
1068.37	2.83518
1068.51	2.73537
1068.64	2.63787
1068.78	2.5512
1068.91	2.4706
1069.05	2.39545
1069.18	2.33686
1069.31	2.29004
1069.45	2.25339
1069.58	2.22434
1069.72	2.19488
1069.85	2.17111
1069.99	2.14984
1070.12	2.13027
1070.26	2.11647
1070.39	2.11223
1070.52	2.1081
1070.66	2.10123
1070.79	2.08817
1070.93	2.0678
1071.06	2.043
1071.2	2.01326
1071.33	1.97287
1071.47	1.92139
1071.6	1.8678
1071.73	1.80943
1071.87	1.74614
1072	1.67145
1072.14	1.59745
1072.27	1.53676
1072.41	1.47483
1072.54	1.40999
1072.68	1.34944
1072.81	1.29189
1072.94	1.24924
1073.08	1.20867
1073.21	1.17328
1073.35	1.15194
1073.48	1.14633
1073.61	1.1747
1073.75	1.21075
1073.88	1.24856
1074.02	1.291
1074.15	1.33801
1074.29	1.38539
1074.42	1.42872
1074.55	1.49451
1074.69	1.56453
1074.82	1.64013
1074.96	1.70922
1075.09	1.79326
1075.23	1.87372
1075.36	1.9513
1075.49	2.0265
1075.63	2.09576
1075.76	2.16937
1075.9	2.25008
1076.03	2.34485
1076.16	2.44006
1076.3	2.54369
1076.43	2.63746
1076.57	2.7405
1076.7	2.8368
1076.83	2.92036
1076.97	2.9999
1077.1	3.07388
1077.24	3.139
1077.37	3.1914
1077.5	3.25144
1077.64	3.29945
1077.77	3.34551
1077.91	3.37865
1078.04	3.41984
1078.17	3.44584
1078.31	3.45914
1078.44	3.49157
1078.58	3.54153
1078.71	3.58859
1078.84	3.62779
1078.98	3.65391
1079.11	3.68641
1079.24	3.7316
1079.38	3.7694
1079.51	3.80161
1079.65	3.8287
1079.78	3.85728
1079.91	3.879
1080.05	3.88849
1080.18	3.89533
1080.32	3.89577
1080.45	3.88503
1080.58	3.87581
1080.72	3.85416
1080.85	3.82456
1080.98	3.79404
1081.12	3.74588
1081.25	3.67758
1081.39	3.59218
1081.52	3.48482
1081.65	3.37087
1081.79	3.26262
1081.92	3.15896
1082.05	3.05041
1082.19	2.95547
1082.32	2.86969
1082.45	2.79207
1082.59	2.72075
1082.72	2.66299
1082.85	2.60307
1082.99	2.55624
1083.12	2.52359
1083.26	2.49395
1083.39	2.45913
1083.52	2.41755
1083.66	2.37775
1083.79	2.33286
1083.92	2.27163
1084.06	2.19695
1084.19	2.1055
1084.32	2.01837
1084.46	1.94391
1084.59	1.86847
1084.72	1.81157
1084.86	1.78544
1084.99	1.78475
1085.12	1.79039
1085.26	1.79106
1085.39	1.7982
1085.52	1.81689
1085.66	1.84986
1085.79	1.90002
1085.92	1.96235
1086.06	2.0414
1086.19	2.09729
1086.32	2.15627
1086.46	2.20179
1086.59	2.24412
1086.72	2.27709
1086.86	2.31119
1086.99	2.33117
1087.12	2.34291
1087.26	2.35082
1087.39	2.36068
1087.52	2.36597
1087.66	2.35636
1087.79	2.32951
1087.92	2.27624
1088.06	2.20318
1088.19	2.09806
1088.32	1.97946
1088.46	1.84144
1088.59	1.67656
1088.72	1.48937
1088.79	1.38571
1088.92	1.18775
1089.06	0.968835
1089.19	0.744987
1089.33	0.501026
1089.46	0.257118
1089.59	-0.0028914
1089.73	-0.240056
1089.86	-0.434917
1090	-0.603192
1090.13	-0.757543
1090.26	-0.884034
1090.4	-0.982367
1090.53	-1.04089
1090.67	-1.0714
1090.8	-1.08246
1090.93	-1.07395
1091.07	-1.04713
1091.2	-0.994714
1091.33	-0.917964
1091.47	-0.801213
1091.6	-0.653306
1091.73	-0.482135
1091.87	-0.284461
1092	-0.0570213
1092.14	0.186404
1092.27	0.457379
1092.4	0.753671
1092.54	1.05444
1092.67	1.34318
1092.8	1.61876
1092.94	1.89052
1093.07	2.14375
1093.21	2.37304
1093.34	2.56775
1093.47	2.72779
1093.61	2.85233
1093.74	2.92704
1093.87	2.94473
1094.01	2.92399
1094.14	2.89581
1094.27	2.82853
1094.41	2.74776
1094.54	2.64349
1094.67	2.50891
1094.81	2.341
1094.94	2.15633
1095.07	1.96126
1095.21	1.75155
1095.34	1.52195
1095.47	1.28499
1095.61	1.03558
1095.74	0.798888
1095.87	0.575305
1096.01	0.356117
1096.14	0.165724
1096.28	0.00895287
1096.41	-0.120415
1096.54	-0.244266
1096.68	-0.346205
1096.81	-0.412413
1096.94	-0.44699
1097.08	-0.43984
1097.21	-0.396217
1097.34	-0.327784
1097.47	-0.251324
1097.61	-0.174457
1097.74	-0.057867
1097.88	0.0631301
1098.01	0.18753
1098.14	0.311673
1098.27	0.443277
1098.41	0.579514
1098.54	0.728231
1098.67	0.891597
1098.81	1.06783
1098.94	1.25874
1099.07	1.45981
1099.21	1.66592
1099.34	1.87369
1099.47	2.09159
1099.61	2.3128
1099.74	2.53952
1099.87	2.75678
1100.01	2.96316
1100.14	3.1614
1100.27	3.34694
1100.4	3.50466
1100.54	3.64559
1100.67	3.75767
1100.8	3.83467
1100.94	3.89111
1101.07	3.92566
1101.2	3.95915
1101.34	3.98776
1101.47	4.007
1101.6	4.0338
1101.73	4.08521
1101.87	4.13512
1102	4.18324
1102.13	4.23111
1102.27	4.27116
1102.4	4.29431
1102.53	4.31232
1102.67	4.32513
1102.8	4.33612
1102.93	4.34621
1103.06	4.33039
1103.2	4.29867
1103.33	4.24761
1103.46	4.1787
1103.6	4.08508
1103.73	3.99182
1103.86	3.9056
1103.99	3.82465
1104.13	3.74885
1104.26	3.69429
1104.39	3.6473
1104.53	3.59799
1104.66	3.5577
1104.79	3.51867
1104.92	3.48109
1105.06	3.43991
1105.19	3.40068
1105.32	3.36601
1105.45	3.36686
1105.59	3.40939
1105.72	3.4546
1105.85	3.52955
1105.98	3.60491
1106.12	3.66379
1106.25	3.71126
1106.38	3.77076
1106.52	3.8365
1106.65	3.90563
1106.78	3.95787
1106.91	3.99973
1107.05	4.02692
1107.18	4.05235
1107.31	4.06365
1107.44	4.04643
1107.58	4.02459
1107.71	3.99224
1107.84	3.94032
1107.97	3.85313
1108.11	3.74546
1108.24	3.63329
1108.37	3.52404
1108.5	3.41422
1108.64	3.29821
1108.77	3.16849
1108.9	3.02925
1109.03	2.90328
1109.17	2.79204
1109.3	2.65777
1109.43	2.50197
1109.56	2.33917
1109.7	2.17826
1109.83	2.01185
1109.96	1.84275
1110.09	1.69153
1110.22	1.56173
1110.36	1.45563
1110.49	1.36284
1110.62	1.28674
1110.75	1.23844
1110.89	1.24059
1111.02	1.27911
1111.15	1.36482
1111.28	1.50105
1111.42	1.67869
1111.55	1.90173
1111.68	2.14971
1111.81	2.42797
1111.94	2.73252
1112.08	3.05595
1112.21	3.3928
1112.34	3.74044
1112.47	4.07834
1112.6	4.41065
1112.74	4.73323
1112.87	5.05701
1113	5.38468
1113.13	5.70446
1113.27	5.9936
1113.4	6.26357
1113.53	6.51222
1113.66	6.72667
1113.79	6.91382
1113.93	7.07724
1114.06	7.20423
1114.19	7.30685
1114.32	7.37802
1114.45	7.40337
1114.59	7.40098
1114.72	7.35889
1114.85	7.27983
1114.98	7.16586
1115.11	7.03643
1115.25	6.89647
1115.38	6.74824
1115.51	6.59652
1115.64	6.43731
1115.77	6.25365
1115.91	6.05552
1116.03	5.85684
1116.16	5.6361
1116.3	5.40892
1116.43	5.16931
1116.56	4.92849
1116.7	4.68826
1116.83	4.47191
1116.96	4.28338
1117.09	4.10319
1117.23	3.94978
1117.36	3.80314
1117.49	3.67372
1117.62	3.57908
1117.76	3.5314
1117.89	3.51227
1118.02	3.51549
1118.15	3.53242
1118.29	3.5757
1118.42	3.65537
1118.55	3.7598
1118.68	3.86982
1118.82	3.97738
1118.95	4.08572
1119.08	4.17937
1119.21	4.26456
1119.35	4.33228
1119.48	4.39256
1119.61	4.45008
1119.74	4.5093
1119.88	4.55117
1120.01	4.57407
1120.14	4.562
1120.27	4.52695
1120.41	4.49579
1120.54	4.44016
1120.67	4.35634
1120.8	4.24647
1120.94	4.11686
1121.07	3.97089
1121.2	3.81029
1121.33	3.64156
1121.46	3.47694
1121.6	3.29773
1121.73	3.10601
1121.86	2.89347
1121.99	2.67008
1122.13	2.46008
1122.26	2.26287
1122.39	2.06882
1122.52	1.89323
1122.66	1.73374
1122.79	1.59788
1122.92	1.49119
1123.05	1.39189
1123.18	1.32877
1123.32	1.3015
1123.45	1.3306
1123.58	1.39578
1123.71	1.494
1123.84	1.61393
1123.98	1.7563
1124.11	1.92418
1124.24	2.12588
1124.37	2.34814
1124.5	2.57999
1124.64	2.82036
1124.77	3.0733
1124.9	3.32353
1125.03	3.56688
1125.16	3.80338
1125.3	4.01712
1125.43	4.20709
1125.56	4.37831
1125.69	4.52372
1125.82	4.63108
1125.96	4.70709
1126.09	4.73157
1126.22	4.71071
1126.35	4.65049
1126.48	4.56553
1126.62	4.45658
1126.75	4.32198
1126.88	4.16484
1127.01	3.98974
1127.14	3.81191
1127.28	3.63911
1127.41	3.47518
1127.54	3.32066
1127.67	3.17102
1127.8	3.02268
1127.94	2.892
1128.07	2.77202
1128.2	2.67664
1128.33	2.59561
1128.46	2.52011
1128.59	2.47423
1128.73	2.45012
1128.86	2.45209
1128.99	2.48677
1129.12	2.55339
1129.25	2.6357
1129.38	2.73746
1129.52	2.86186
1129.65	3.01007
1129.78	3.18834
1129.91	3.37574
1130.04	3.56447
1130.17	3.73771
1130.31	3.89167
1130.44	4.03624
1130.57	4.18696
1130.7	4.33131
1130.83	4.47731
1130.96	4.6253
1131.1	4.77351
1131.23	4.90235
1131.36	5.01231
1131.49	5.09436
1131.62	5.16747
1131.75	5.24792
1131.89	5.30233
1132.02	5.35509
1132.15	5.39035
1132.28	5.4245
1132.41	5.46896
1132.54	5.51164
1132.67	5.53167
1132.81	5.54561
1132.94	5.5545
1133.07	5.57794
1133.2	5.61198
1133.33	5.65895
1133.46	5.72235
1133.59	5.77269
1133.73	5.81031
1133.86	5.83549
1133.99	5.84069
1134.12	5.83495
1134.25	5.80793
1134.38	5.76431
1134.51	5.71643
1134.64	5.66126
1134.78	5.61151
1134.91	5.55291
1135.04	5.49552
1135.17	5.42708
1135.3	5.35263
1135.43	5.28265
1135.56	5.21825
1135.69	5.14016
1135.83	5.05611
1135.96	4.97358
1136.09	4.88588
1136.22	4.7824
1136.35	4.66774
1136.48	4.54907
1136.61	4.42378
1136.74	4.30966
1136.88	4.20827
1137.01	4.11565
1137.14	4.02765
1137.27	3.95063
1137.4	3.8782
1137.53	3.80732
1137.66	3.73825
1137.79	3.67799
1137.92	3.61457
1138.06	3.54034
1138.19	3.46456
1138.32	3.40093
1138.45	3.36185
1138.58	3.32627
1138.71	3.3015
1138.84	3.27501
1138.97	3.25409
1139.1	3.24081
1139.23	3.24573
1139.37	3.26385
1139.5	3.29908
1139.63	3.33466
1139.76	3.38367
1139.89	3.45242
1140.02	3.53102
1140.15	3.6277
1140.28	3.75989
1140.41	3.91516
1140.54	4.08597
1140.67	4.27329
1140.81	4.475
1140.94	4.697
1141.07	4.93865
1141.2	5.17143
1141.33	5.3773
1141.46	5.56273
1141.59	5.72853
1141.72	5.88379
1141.85	6.03534
1141.98	6.17354
1142.11	6.2931
1142.24	6.39478
1142.37	6.46368
1142.51	6.48337
1142.55	6.47395
1142.68	6.45828
1142.81	6.41327
1142.94	6.34695
1143.08	6.24321
1143.21	6.12074
1143.34	5.96592
1143.47	5.78298
1143.6	5.56787
1143.73	5.3117
1143.86	5.01195
1144	4.70342
1144.13	4.40478
1144.26	4.13289
1144.39	3.89866
1144.52	3.70578
1144.65	3.53623
1144.78	3.38093
1144.92	3.26007
1145.05	3.17777
1145.18	3.12853
1145.31	3.10762
1145.44	3.12295
1145.57	3.17491
1145.7	3.23262
1145.83	3.30285
1145.97	3.39571
1146.1	3.50054
1146.23	3.62057
1146.36	3.74268
1146.49	3.86655
1146.62	3.98773
1146.75	4.09678
1146.88	4.18179
1147.02	4.24898
1147.15	4.28367
1147.28	4.27841
1147.41	4.21516
1147.54	4.09625
1147.67	3.92453
1147.8	3.70672
1147.93	3.44213
1148.06	3.14405
1148.19	2.80424
1148.33	2.47133
1148.46	2.13414
1148.59	1.7866
1148.72	1.43092
1148.85	1.08648
1148.98	0.754997
1149.11	0.438817
1149.24	0.147788
1149.37	-0.111289
1149.51	-0.325995
1149.64	-0.488448
1149.77	-0.610809
1149.9	-0.687832
1150.03	-0.730589
1150.16	-0.729113
1150.29	-0.683141
1150.42	-0.580382
1150.55	-0.419197
1150.68	-0.217163
1150.81	0.0160949
1150.95	0.281152
1151.08	0.571234
1151.21	0.883978
1151.34	1.22004
1151.47	1.57716
1151.6	1.94031
1151.73	2.31188
1151.86	2.67783
1151.99	3.03799
1152.12	3.39012
1152.25	3.70647
1152.38	3.9731
1152.52	4.184
1152.65	4.3568
1152.78	4.47976
1152.91	4.56693
1153.04	4.62168
1153.17	4.6433
1153.3	4.61765
1153.43	4.56702
1153.56	4.47577
1153.69	4.35413
1153.82	4.24735
1153.95	4.15619
1154.08	4.08464
1154.21	4.03922
1154.34	4.0112
1154.48	4.00973
1154.61	4.04065
1154.74	4.08659
1154.87	4.16532
1155	4.26496
1155.13	4.3717
1155.26	4.49426
1155.39	4.64464
1155.52	4.8134
1155.65	5.00877
1155.78	5.20766
1155.91	5.3978
1156.04	5.58229
1156.17	5.76768
1156.3	5.94523
1156.43	6.0994
1156.56	6.23044
1156.69	6.35045
1156.82	6.43984
1156.96	6.48455
1157.09	6.50408
1157.22	6.49609
1157.35	6.44591
1157.48	6.36476
1157.61	6.24734
1157.74	6.09663
1157.87	5.91553
1158	5.7062
1158.13	5.49061
1158.26	5.27491
1158.39	5.06243
1158.52	4.84417
1158.65	4.60539
1158.78	4.35617
1158.91	4.11881
1159.04	3.90089
1159.17	3.69996
1159.3	3.53838
1159.43	3.40284
1159.56	3.30221
1159.69	3.23952
1159.82	3.22315
1159.95	3.26157
1160.08	3.35305
1160.21	3.49059
1160.34	3.67738
1160.47	3.91293
1160.6	4.17123
1160.73	4.47756
1160.86	4.81121
1160.99	5.15682
1161.12	5.50623
1161.25	5.83906
1161.38	6.16418
1161.51	6.48569
1161.64	6.81839
1161.77	7.13983
1161.9	7.42937
1162.03	7.68386
1162.16	7.89296
1162.29	8.05662
1162.42	8.1716
1162.55	8.24289
1162.68	8.279
1162.81	8.27195
1162.94	8.22482
1163.07	8.13968
1163.2	8.03204
1163.33	7.88666
1163.46	7.69813
1163.59	7.46913
1163.72	7.20243
1163.85	6.91215
1163.98	6.60494
1164.11	6.29079
1164.24	5.96496
1164.37	5.63069
1164.5	5.26945
1164.63	4.9063
1164.76	4.53374
1164.89	4.18497
1165.02	3.87567
1165.15	3.58323
1165.28	3.30314
1165.41	3.03347
1165.54	2.78449
1165.67	2.56732
1165.8	2.39215
1165.93	2.24177
1166.06	2.14342
1166.19	2.0663
1166.32	2.00712
1166.45	1.97366
1166.58	1.96569
1166.71	1.96834
1166.84	1.98653
1166.97	2.00006
1167.1	2.02503
1167.23	2.05528
1167.36	2.08338
1167.49	2.11299
1167.62	2.14075
1167.75	2.17399
1167.88	2.21453
1168.01	2.26614
1168.14	2.33498
1168.27	2.41227
1168.39	2.48802
1168.49	2.5445
1168.62	2.62981
1168.75	2.70675
1168.88	2.77142
1169.01	2.82042
1169.14	2.86321
1169.27	2.92281
1169.4	2.98103
1169.53	3.03495
1169.66	3.06512
1169.79	3.07343
1169.92	3.08853
1170.05	3.11875
1170.18	3.13996
1170.31	3.14387
1170.44	3.13337
1170.57	3.10524
1170.7	3.07012
1170.83	3.03128
1170.96	3.00209
1171.09	2.97467
1171.22	2.94702
1171.35	2.93747
1171.48	2.94039
1171.61	2.95209
1171.74	2.95947
1171.87	2.98311
1172	2.99202
1172.13	2.99071
1172.26	2.97084
1172.39	2.9225
1172.52	2.88925
1172.65	2.87148
1172.78	2.86178
1172.91	2.83308
1173.04	2.80133
1173.17	2.76241
1173.3	2.71898
1173.43	2.67455
1173.56	2.63618
1173.69	2.60942
1173.82	2.60253
1173.95	2.60501
1174.08	2.62099
1174.21	2.66798
1174.34	2.73916
1174.47	2.81188
1174.6	2.88617
1174.73	2.96439
1174.86	3.06368
1174.99	3.1864
1175.12	3.33003
1175.25	3.47937
1175.38	3.63295
1175.51	3.79031
1175.64	3.9449
1175.77	4.10252
1175.9	4.27417
1176.03	4.46764
1176.16	4.65844
1176.29	4.8291
1176.42	4.98003
1176.55	5.12292
1176.68	5.26125
1176.81	5.39645
1176.94	5.52205
1177.07	5.64871
1177.2	5.79343
1177.33	5.93126
1177.46	6.08134
1177.59	6.23054
1177.72	6.37785
1177.85	6.50993
1177.98	6.62304
1178.11	6.70322
1178.24	6.76193
1178.37	6.79175
1178.5	6.79496
1178.63	6.77294
1178.75	6.7182
1178.88	6.6315
1179.01	6.51696
1179.14	6.39519
1179.27	6.25898
1179.4	6.10166
1179.53	5.92783
1179.66	5.74202
1179.79	5.54832
1179.92	5.32544
1180.05	5.08071
1180.18	4.83391
1180.31	4.58754
1180.44	4.3474
1180.57	4.10805
1180.7	3.87
1180.83	3.64295
1180.96	3.43718
1181.09	3.26656
1181.22	3.12061
1181.35	2.98403
1181.48	2.86204
1181.6	2.75354
1181.73	2.65754
1181.86	2.57185
1181.99	2.49039
1182.12	2.41085
1182.25	2.34185
1182.38	2.29099
1182.51	2.2798
1182.64	2.28821
1182.77	2.30951
1182.9	2.3443
1183.03	2.37913
1183.16	2.425
1183.29	2.48109
1183.41	2.53915
1183.54	2.60663
1183.67	2.6995
1183.8	2.78908
1183.93	2.85232
1184.06	2.90753
1184.19	2.96477
1184.32	3.01206
1184.45	3.04939
1184.58	3.07197
1184.71	3.08005
1184.84	3.07288
1184.97	3.06133
1185.09	3.04948
1185.22	3.02841
1185.35	2.99778
1185.48	2.94264
1185.61	2.86967
1185.74	2.78632
1185.87	2.70608
1186	2.62372
1186.13	2.53308
1186.26	2.4366
1186.39	2.3425
1186.51	2.27194
1186.64	2.21952
1186.77	2.18292
1186.9	2.16575
1187.03	2.17125
1187.16	2.19227
1187.29	2.21878
1187.42	2.24716
1187.55	2.29088
1187.68	2.34134
1187.8	2.38936
1187.93	2.43557
1188.06	2.47473
1188.19	2.52564
1188.32	2.57502
1188.45	2.60923
1188.58	2.65343
1188.71	2.67556
1188.84	2.68217
1188.96	2.6505
1189.09	2.58674
1189.22	2.48199
1189.35	2.34724
1189.48	2.1933
1189.61	2.03309
1189.74	1.86315
1189.87	1.67566
1189.99	1.48847
1190.12	1.31208
1190.25	1.14434
1190.38	0.987431
1190.51	0.854458
1190.64	0.73229
1190.77	0.626469
1190.9	0.535096
1191.02	0.453536
1191.15	0.398266
1191.28	0.378542
1191.41	0.390225
1191.54	0.423996
1191.67	0.47764
1191.8	0.547045
1191.92	0.632326
1192.05	0.72783
1192.18	0.845948
1192.31	0.998911
1192.44	1.16628
1192.57	1.35051
1192.7	1.55035
1192.83	1.75465
1192.95	1.9562
1193.08	2.147
1193.21	2.32231
1193.34	2.50376
1193.47	2.68371
1193.6	2.86667
1193.72	3.03018
1193.85	3.16718
1193.98	3.28325
1194.11	3.35871
1194.24	3.41742
1194.37	3.44648
1194.5	3.43793
1194.62	3.38981
1194.75	3.30303
1194.88	3.16846
1195.01	2.99124
1195.14	2.80586
1195.27	2.60505
1195.4	2.39681
1195.52	2.18713
1195.54	2.15479
1195.67	1.94202
1195.8	1.75234
1195.93	1.60882
1196.06	1.51479
1196.19	1.44916
1196.32	1.41506
1196.45	1.41736
1196.58	1.47476
1196.7	1.57163
1196.83	1.70284
1196.96	1.8399
1197.09	2.00195
1197.22	2.19185
1197.35	2.41624
1197.48	2.66795
1197.61	2.91731
1197.74	3.16454
1197.87	3.40009
1197.99	3.60561
1198.12	3.77337
1198.25	3.89941
1198.38	3.98373
1198.51	4.05014
1198.64	4.07294
1198.77	4.07166
1198.9	4.06339
1199.03	4.0332
1199.15	3.99014
1199.28	3.91009
1199.41	3.80692
1199.54	3.69688
1199.67	3.56794
1199.8	3.41326
1199.93	3.22746
1200.06	3.02155
1200.19	2.77656
1200.31	2.51188
1200.44	2.23817
1200.57	1.96128
1200.7	1.66973
1200.83	1.37254
1200.96	1.08659
1201.09	0.811061
1201.22	0.529982
1201.34	0.265066
1201.47	0.0275441
1201.6	-0.199307
1201.73	-0.402714
1201.86	-0.576498
1201.99	-0.717694
1202.12	-0.816584
1202.24	-0.866755
1202.37	-0.868581
1202.5	-0.84147
1202.63	-0.780151
1202.76	-0.693278
1202.89	-0.588719
1203.02	-0.471191
1203.15	-0.324575
1203.27	-0.151684
1203.4	0.0244877
1203.53	0.204458
1203.66	0.387202
1203.79	0.564746
1203.92	0.736098
1204.04	0.900823
1204.17	1.0634
1204.3	1.23646
1204.43	1.41054
1204.56	1.58913
1204.69	1.78512
1204.82	1.9844
1204.94	2.18888
1205.07	2.39042
1205.2	2.59985
1205.33	2.79204
1205.46	2.95404
1205.59	3.0807
1205.71	3.18266
1205.84	3.25462
1205.97	3.29476
1206.1	3.31917
1206.23	3.3236
1206.36	3.30593
1206.48	3.25847
1206.61	3.19125
1206.74	3.10012
1206.87	2.99295
1207	2.86645
1207.13	2.7215
1207.25	2.55659
1207.38	2.37053
1207.51	2.17663
1207.64	1.97663
1207.77	1.77266
1207.9	1.56963
1208.02	1.38125
1208.15	1.2245
1208.28	1.09868
1208.41	1.0085
1208.54	0.945688
1208.67	0.907977
1208.79	0.9058
1208.92	0.911943
1209.05	0.92233
1209.18	0.932192
1209.31	0.938374
1209.43	0.951963
1209.56	0.98956
1209.69	1.04233
1209.82	1.14112
1209.95	1.26857
1210.07	1.40529
1210.2	1.55948
1210.33	1.71371
1210.46	1.88597
1210.59	2.08061
1210.71	2.29838
1210.84	2.51241
1210.97	2.73849
1211.1	2.95606
1211.23	3.15812
1211.35	3.35397
1211.48	3.54853
1211.61	3.72438
1211.74	3.88333
1211.87	4.02114
1211.99	4.13512
1212.12	4.21932
1212.25	4.278
1212.38	4.33098
1212.51	4.38135
1212.63	4.41511
1212.76	4.44112
1212.89	4.46011
1213.02	4.46846
1213.14	4.47743
1213.27	4.49383
1213.4	4.519
1213.53	4.54103
1213.66	4.57073
1213.78	4.60427
1213.91	4.64416
1214.04	4.68079
1214.17	4.71537
1214.29	4.73868
1214.42	4.73793
1214.55	4.71769
1214.68	4.67336
1214.81	4.61534
1214.93	4.53866
1215.06	4.44343
1215.19	4.33984
1215.32	4.23291
1215.44	4.1192
1215.57	4.01011
1215.7	3.91644
1215.83	3.81364
1215.95	3.71991
1216.08	3.6295
1216.21	3.53697
1216.34	3.42919
1216.46	3.3018
1216.59	3.15747
1216.72	3.0113
1216.85	2.86398
1216.97	2.71025
1217.1	2.56735
1217.23	2.43819
1217.36	2.31587
1217.49	2.20961
1217.61	2.12468
1217.74	2.05464
1217.87	1.97995
1217.99	1.90645
1218.12	1.85275
1218.25	1.80862
1218.38	1.75483
1218.5	1.70199
1218.63	1.6447
1218.76	1.61134
1218.89	1.59511
1219.01	1.60072
1219.14	1.60402
1219.27	1.61305
1219.4	1.63616
1219.52	1.66076
1219.65	1.70126
1219.78	1.74018
1219.91	1.76187
1220.03	1.78516
1220.16	1.79202
1220.29	1.76073
1220.41	1.70082
1220.54	1.6196
1220.67	1.52011
1220.8	1.39338
1220.92	1.22564
1221.05	1.03997
1221.18	0.850086
1221.3	0.650359
1221.34	0.593605
1221.46	0.392348
1221.59	0.204943
1221.72	0.0128726
1221.85	-0.164121
1221.98	-0.336249
1222.1	-0.48732
1222.23	-0.613296
1222.36	-0.702119
1222.49	-0.782109
1222.62	-0.845826
1222.74	-0.901851
1222.87	-0.942746
1223	-0.972423
1223.13	-0.983752
1223.26	-0.965654
1223.38	-0.916808
1223.51	-0.844199
1223.64	-0.74814
1223.77	-0.629476
1223.89	-0.491793
1224.02	-0.327592
1224.15	-0.140284
1224.28	0.0683576
1224.41	0.292267
1224.53	0.546726
1224.66	0.82873
1224.79	1.12881
1224.92	1.42061
1225.04	1.6998
1225.17	1.96349
1225.3	2.20148
1225.43	2.42278
1225.56	2.61166
1225.68	2.78459
1225.81	2.92007
1225.94	3.0202
1226.07	3.0943
1226.19	3.13667
1226.32	3.14482
1226.45	3.12301
1226.58	3.07488
1226.7	2.99107
1226.83	2.88273
1226.96	2.76012
1227.09	2.6181
1227.21	2.45933
1227.34	2.27972
1227.47	2.08052
1227.6	1.88711
1227.72	1.69227
1227.85	1.49278
1227.98	1.29299
1228.11	1.09533
1228.23	0.90027
1228.36	0.722296
1228.49	0.567759
1228.62	0.450302
1228.74	0.35195
1228.87	0.275441
1229	0.226588
1229.13	0.199048
1229.25	0.19352
1229.38	0.214362
1229.51	0.269495
1229.64	0.371536
1229.76	0.49438
1229.89	0.640646
1230.02	0.791083
1230.15	0.961155
1230.27	1.14992
1230.4	1.33561
1230.53	1.54639
1230.66	1.76586
1230.78	1.99163
1230.91	2.23828
1231.04	2.49169
1231.17	2.73166
1231.29	2.96584
1231.42	3.18767
1231.55	3.38589
1231.67	3.54079
1231.8	3.66245
1231.93	3.76576
1232.06	3.84666
1232.18	3.89262
1232.31	3.91371
1232.44	3.92389
1232.56	3.90925
1232.69	3.85708
1232.82	3.7934
1232.95	3.72684
1233.07	3.66616
1233.2	3.60808
1233.33	3.56975
1233.45	3.52779
1233.58	3.48738
1233.71	3.4403
1233.84	3.3936
1233.96	3.347
1234.09	3.30137
1234.22	3.26126
1234.34	3.23334
1234.47	3.21778
1234.6	3.21822
1234.72	3.23031
1234.85	3.25363
1234.98	3.28776
1235.11	3.33485
1235.23	3.38957
1235.36	3.45631
1235.49	3.53259
1235.61	3.61151
1235.74	3.67994
1235.87	3.73134
1235.99	3.77618
1236.12	3.81293
1236.25	3.84618
1236.37	3.87784
1236.5	3.89803
1236.63	3.90409
1236.76	3.88687
1236.88	3.84352
1237.01	3.78377
1237.14	3.70701
1237.26	3.60751
1237.39	3.47311
1237.52	3.31305
1237.64	3.13983
1237.77	2.95087
1237.9	2.76067
1238.02	2.55709
1238.15	2.35592
1238.28	2.15262
1238.4	1.96096
1238.53	1.80354
1238.66	1.65224
1238.78	1.51839
1238.91	1.38286
1239.04	1.24632
1239.16	1.12837
1239.29	1.03523
1239.42	0.982383
1239.54	0.960881
1239.67	0.956163
1239.8	0.955031
1239.92	0.984552
1240.05	1.06144
1240.18	1.16643
1240.3	1.29265
1240.43	1.4518
1240.56	1.653
1240.68	1.87571
1240.81	2.13637
1240.94	2.41024
1241.06	2.70142
1241.19	2.99616
1241.32	3.27923
1241.44	3.56199
1241.57	3.83862
1241.7	4.09582
1241.82	4.36259
1241.95	4.63264
1242.08	4.89578
1242.2	5.15651
1242.33	5.40349
1242.45	5.61982
1242.58	5.80032
1242.71	5.95378
1242.83	6.08143
1242.96	6.18278
1243.09	6.24858
1243.21	6.29329
1243.34	6.30409
1243.47	6.26716
1243.59	6.19435
1243.72	6.10426
1243.84	5.97759
1243.97	5.83888
1244.1	5.69552
1244.22	5.54383
1244.35	5.37185
1244.48	5.17206
1244.6	4.94062
1244.73	4.68386
1244.85	4.41339
1244.98	4.12096
1245.11	3.82241
1245.23	3.51504
1245.36	3.20481
1245.49	2.89612
1245.61	2.58458
1245.74	2.28612
1245.86	1.99005
1245.99	1.70777
1246.12	1.44128
1246.24	1.19182
1246.37	0.947895
1246.5	0.723693
1246.62	0.520256
1246.75	0.343113
1246.87	0.193273
1247	0.069424
1247.13	-0.0114152
1247.25	-0.0719153
1247.38	-0.111755
1247.5	-0.136415
1247.63	-0.126403
1247.66	-0.127532
1247.79	-0.0985967
1247.91	-0.0506248
1248.04	-0.00219839
1248.17	0.0487004
1248.29	0.120112
1248.42	0.219292
1248.55	0.325984
1248.67	0.452543
1248.8	0.586118
1248.93	0.744766
1249.05	0.919775
1249.18	1.12454
1249.31	1.35288
1249.43	1.58474
1249.56	1.83638
1249.69	2.07823
1249.82	2.32864
1249.94	2.59724
1250.07	2.86303
1250.2	3.12985
1250.32	3.39328
1250.45	3.6497
1250.58	3.88516
1250.7	4.12102
1250.83	4.35195
1250.96	4.53984
1251.08	4.70382
1251.21	4.85554
1251.33	5.00274
1251.46	5.12691
1251.59	5.24794
1251.71	5.34459
1251.84	5.42839
1251.97	5.49252
1252.09	5.52103
1252.22	5.52459
1252.35	5.50979
1252.47	5.45999
1252.6	5.39657
1252.73	5.32608
1252.85	5.24026
1252.98	5.14779
1253.11	5.02917
1253.23	4.91409
1253.36	4.79958
1253.49	4.68318
1253.61	4.57786
1253.74	4.47911
1253.86	4.38523
1253.99	4.30963
1254.12	4.23484
1254.24	4.16247
1254.37	4.11263
1254.5	4.08388
1254.62	4.06172
1254.75	4.07218
1254.88	4.10394
1255	4.15331
1255.13	4.22074
1255.25	4.2963
1255.38	4.38091
1255.51	4.47098
1255.63	4.58037
1255.76	4.69815
1255.89	4.81974
1256.01	4.92737
1256.14	5.01995
1256.26	5.09036
1256.39	5.13052
1256.52	5.13611
1256.64	5.09792
1256.77	5.02194
1256.89	4.91389
1257.02	4.77478
1257.15	4.59967
1257.27	4.4072
1257.4	4.18928
1257.53	3.95212
1257.65	3.69258
1257.78	3.42752
1257.9	3.17411
1258.03	2.91274
1258.16	2.65516
1258.28	2.40952
1258.41	2.17737
1258.53	1.94038
1258.66	1.71166
1258.79	1.50272
1258.91	1.31631
1259.04	1.16242
1259.16	1.04804
1259.29	0.992033
1259.42	0.981709
1259.54	1.02887
1259.67	1.11886
1259.79	1.26443
1259.92	1.45125
1260.05	1.66976
1260.17	1.92329
1260.3	2.19882
1260.42	2.50062
1260.55	2.81584
1260.67	3.14944
1260.8	3.48637
1260.93	3.82484
1261.05	4.1707
1261.18	4.52103
1261.3	4.86288
1261.43	5.17849
1261.56	5.47255
1261.68	5.74242
1261.81	5.96653
1261.93	6.16141
1262.06	6.31909
1262.18	6.44326
1262.31	6.52776
1262.44	6.58387
1262.56	6.61489
1262.69	6.62877
1262.81	6.63016
1262.94	6.60795
1263.06	6.55732
1263.19	6.46812
1263.32	6.32751
1263.44	6.16112
1263.57	5.98146
1263.69	5.77214
1263.82	5.55194
1263.94	5.31381
1264.07	5.06943
1264.2	4.81471
1264.32	4.56047
1264.45	4.32753
1264.57	4.11035
1264.7	3.90643
1264.82	3.71078
1264.95	3.51666
1265.07	3.33814
1265.2	3.18912
1265.33	3.04623
1265.45	2.90078
1265.58	2.77779
1265.7	2.67536
1265.83	2.59587
1265.95	2.52475
1266.08	2.46378
1266.2	2.42581
1266.33	2.41674
1266.45	2.43896
1266.58	2.47511
1266.71	2.53092
1266.83	2.59993
1266.96	2.68226
1267.08	2.76412
1267.21	2.84152
1267.33	2.90828
1267.46	2.9724
1267.58	3.05059
1267.71	3.15396
1267.83	3.27337
1267.96	3.39644
1268.08	3.52702
1268.21	3.66376
1268.33	3.81082
1268.46	3.97309
1268.59	4.15955
1268.71	4.37591
1268.84	4.60559
1268.96	4.84905
1269.09	5.09833
1269.21	5.33082
1269.34	5.54012
1269.46	5.71943
1269.59	5.89323
1269.71	6.04828
1269.84	6.19004
1269.96	6.32511
1270.09	6.46765
1270.21	6.60854
1270.34	6.76238
1270.46	6.9033
1270.59	7.04546
1270.71	7.17855
1270.84	7.29811
1270.96	7.42337
1271.09	7.53581
1271.21	7.64199
1271.34	7.73864
1271.46	7.82529
1271.59	7.8975
1271.71	7.96785
1271.84	8.03211
1271.96	8.08662
1272.09	8.1249
1272.21	8.12508
1272.34	8.0854
1272.46	8.01922
1272.59	7.92078
1272.71	7.79326
1272.84	7.62946
1272.96	7.43896
1273.09	7.22881
1273.21	7.01154
1273.34	6.80412
1273.46	6.60973
1273.59	6.43195
1273.71	6.25981
1273.84	6.07525
1273.96	5.88271
1274.08	5.71448
1274.2	5.54632
1274.33	5.38091
1274.46	5.20994
1274.58	5.04322
1274.71	4.88364
1274.83	4.73071
1274.96	4.5938
1275.08	4.4957
1275.21	4.44062
1275.33	4.42477
1275.46	4.44192
1275.59	4.48059
1275.71	4.54364
1275.84	4.6427
1275.96	4.77078
1276.09	4.90171
1276.21	5.05181
1276.34	5.22813
1276.46	5.4096
1276.59	5.60125
1276.72	5.7845
1276.84	5.97264
1276.97	6.17387
1277.09	6.37033
1277.22	6.55274
1277.34	6.72261
1277.47	6.88575
1277.59	7.02496
1277.72	7.12283
1277.84	7.1488
1277.97	7.12348
1278.09	7.04011
1278.22	6.92181
1278.35	6.77536
1278.47	6.5844
1278.6	6.35399
1278.72	6.08412
1278.85	5.77497
1278.97	5.44949
1279.1	5.11082
1279.22	4.76884
1279.35	4.44022
1279.47	4.14443
1279.6	3.86849
1279.72	3.61753
1279.85	3.39068
1279.97	3.18259
1280.1	2.99827
1280.22	2.83635
1280.35	2.72564
1280.48	2.65148
1280.6	2.62236
1280.72	2.6312
1280.85	2.69765
1280.98	2.82359
1281.1	3.00465
1281.23	3.20633
1281.35	3.44439
1281.48	3.71092
1281.6	4.00096
1281.73	4.31008
1281.85	4.62452
1281.98	4.94562
1282.1	5.25996
1282.23	5.57263
1282.35	5.88021
1282.48	6.17865
1282.6	6.46886
1282.73	6.73622
1282.85	6.95804
1282.98	7.10909
1283.1	7.20675
1283.23	7.25921
1283.35	7.24704
1283.48	7.16808
1283.6	7.02263
1283.73	6.81935
1283.85	6.56751
1283.98	6.28559
1284.1	5.98705
1284.23	5.68082
1284.35	5.36552
1284.48	5.05525
1284.6	4.74492
1284.73	4.45238
1284.85	4.18936
1284.98	3.948
1285.1	3.72183
1285.22	3.51476
1285.35	3.31843
1285.47	3.1386
1285.6	2.98383
1285.72	2.86469
1285.85	2.77532
1285.97	2.71793
1286.1	2.69133
1286.22	2.69695
1286.35	2.72356
1286.47	2.77421
1286.6	2.85045
1286.72	2.93169
1286.85	2.99781
1286.97	3.08073
1287.1	3.15822
1287.22	3.23884
1287.35	3.33302
1287.47	3.41115
1287.59	3.48507
1287.72	3.56015
1287.84	3.62401
1287.97	3.69994
1288.09	3.77627
1288.22	3.8594
1288.34	3.92908
1288.47	3.96875
1288.59	3.97486
1288.72	3.9824
1288.84	3.97463
1288.96	3.96705
1289.09	3.94792
1289.21	3.92481
1289.34	3.90592
1289.46	3.88215
1289.59	3.85182
1289.71	3.84867
1289.84	3.86097
1289.96	3.89904
1290.09	3.96215
1290.21	4.04602
1290.33	4.12453
1290.46	4.21861
1290.58	4.33359
1290.71	4.45813
1290.83	4.58052
1290.96	4.69154
1291.08	4.81033
1291.2	4.921
1291.33	5.0268
1291.45	5.12411
1291.58	5.23229
1291.7	5.34398
1291.83	5.45569
1291.95	5.54987
1292.08	5.63758
1292.2	5.7061
1292.32	5.75425
1292.45	5.77707
1292.57	5.78158
1292.7	5.76973
1292.82	5.7407
1292.95	5.71399
1293.07	5.68245
1293.19	5.64942
1293.32	5.6261
1293.44	5.596
1293.57	5.54692
1293.69	5.48622
1293.81	5.42832
1293.94	5.35276
1294.06	5.24766
1294.19	5.12299
1294.31	4.97996
1294.44	4.82426
1294.56	4.65684
1294.68	4.48414
1294.81	4.30164
1294.93	4.12515
1295.06	3.94292
1295.18	3.76615
1295.3	3.59364
1295.43	3.42692
1295.55	3.27178
1295.68	3.11542
1295.8	2.97265
1295.92	2.83784
1296.05	2.70494
1296.17	2.59153
1296.3	2.50336
1296.42	2.43538
1296.54	2.38568
1296.67	2.3586
1296.79	2.35019
1296.92	2.37084
1297.04	2.41386
1297.16	2.46956
1297.29	2.53573
1297.41	2.59962
1297.54	2.65692
1297.66	2.7431
1297.78	2.82501
1297.91	2.9184
1298.03	3.0134
1298.16	3.08926
1298.28	3.1583
1298.4	3.21281
1298.53	3.25597
1298.65	3.30376
1298.77	3.33438
1298.9	3.35206
1299.02	3.32746
1299.15	3.26393
1299.27	3.17005
1299.39	3.05681
1299.52	2.91346
1299.64	2.75101
1299.76	2.55731
1299.89	2.34404
1299.97	2.19671
1300.09	1.92846
1300.22	1.64442
1300.34	1.37122
1300.46	1.10249
1300.59	0.841009
1300.71	0.569903
1300.84	0.306051
1300.96	0.0623566
1301.09	-0.132453
1301.21	-0.276668
1301.34	-0.382712
1301.46	-0.460558
1301.58	-0.512192
1301.71	-0.524738
1301.83	-0.501434
1301.96	-0.433087
1302.08	-0.315399
1302.21	-0.142844
1302.33	0.0777086
1302.45	0.344643
1302.58	0.629453
1302.7	0.924484
1302.83	1.22122
1302.95	1.51975
1303.08	1.81981
1303.2	2.11596
1303.32	2.40796
1303.45	2.68701
1303.57	2.95779
1303.7	3.22175
1303.82	3.4842
1303.94	3.74264
1304.07	3.9827
1304.19	4.20267
1304.32	4.40109
1304.44	4.57283
1304.57	4.69669
1304.69	4.77099
1304.81	4.81391
1304.94	4.8336
1305.06	4.82793
1305.19	4.78246
1305.31	4.71243
1305.43	4.63891
1305.56	4.57089
1305.68	4.49918
1305.81	4.43856
1305.93	4.38897
1306.05	4.33812
1306.18	4.28915
1306.3	4.23846
1306.43	4.20898
1306.55	4.18313
1306.67	4.16731
1306.8	4.16653
1306.92	4.16866
1307.05	4.18053
1307.17	4.19573
1307.29	4.19714
1307.42	4.19228
1307.54	4.19542
1307.67	4.19744
1307.79	4.18767
1307.91	4.17986
1308.04	4.16174
1308.16	4.13002
1308.29	4.11093
1308.41	4.07463
1308.53	4.04162
1308.66	4.00473
1308.78	3.95512
1308.9	3.89766
1309.03	3.8238
1309.15	3.74736
1309.28	3.67074
1309.4	3.58291
1309.52	3.47687
1309.65	3.34971
1309.77	3.2143
1309.9	3.08273
1310.02	2.96464
1310.14	2.86866
1310.27	2.7899
1310.39	2.71777
1310.51	2.67052
1310.64	2.63414
1310.76	2.61205
1310.88	2.62345
1311.01	2.66311
1311.13	2.71164
1311.26	2.75299
1311.38	2.7824
1311.5	2.83787
1311.63	2.91676
1311.75	3.02263
1311.87	3.14849
1312	3.27686
1312.12	3.40181
1312.24	3.51747
1312.37	3.63377
1312.49	3.76187
1312.61	3.91477
1312.74	4.08554
1312.86	4.2701
1312.99	4.47183
1313.11	4.68067
1313.23	4.88273
1313.36	5.07444
1313.48	5.26294
1313.6	5.44285
1313.73	5.60349
1313.85	5.73353
1313.97	5.83008
1314.1	5.90141
1314.22	5.96307
1314.34	6.02437
1314.47	6.09308
1314.59	6.15687
1314.71	6.21743
1314.84	6.2731
1314.96	6.31761
1315.08	6.35652
1315.21	6.3728
1315.33	6.36079
1315.45	6.32262
1315.58	6.2636
1315.7	6.16114
1315.82	6.01369
1315.95	5.84356
1316.07	5.67037
1316.19	5.48605
1316.32	5.29062
1316.44	5.09199
1316.56	4.87912
1316.69	4.66981
1316.81	4.46178
1316.93	4.27025
1317.06	4.09705
1317.18	3.93852
1317.3	3.80615
1317.43	3.70471
1317.55	3.61457
1317.67	3.55333
1317.79	3.49254
1317.92	3.43625
1318.04	3.41315
1318.16	3.40557
1318.29	3.41027
1318.41	3.42154
1318.53	3.44695
1318.66	3.46084
1318.78	3.48576
1318.9	3.54145
1319.03	3.61613
1319.15	3.72158
1319.27	3.84421
1319.4	3.98229
1319.52	4.14293
1319.64	4.30948
1319.76	4.47864
1319.89	4.64777
1320.01	4.8145
1320.13	4.97626
1320.26	5.12626
1320.38	5.25914
1320.5	5.38271
1320.63	5.48784
1320.75	5.57766
1320.87	5.64291
1320.99	5.68766
1321.12	5.72377
1321.24	5.74194
1321.36	5.75327
1321.48	5.77045
1321.61	5.75444
1321.73	5.69529
1321.85	5.60054
1321.98	5.49229
1322.1	5.39428
1322.22	5.28552
1322.35	5.16426
1322.47	5.03751
1322.59	4.89294
1322.71	4.74043
1322.84	4.57358
1322.96	4.40998
1323.08	4.26098
1323.2	4.12021
1323.33	3.98313
1323.45	3.86856
1323.57	3.79061
1323.7	3.73865
1323.82	3.71419
1323.94	3.71004
1324.06	3.72773
1324.19	3.75694
1324.31	3.78009
1324.43	3.79837
1324.55	3.82771
1324.68	3.88163
1324.8	3.95765
1324.92	4.0549
1325.04	4.16855
1325.14	4.26127
1325.27	4.40464
1325.39	4.55761
1325.51	4.72972
1325.64	4.93124
1325.76	5.13251
1325.88	5.33161
1326.01	5.52267
1326.13	5.71524
1326.25	5.86745
1326.38	5.99227
1326.5	6.0946
1326.62	6.17488
1326.75	6.21449
1326.87	6.21225
1326.99	6.16072
1327.12	6.06162
1327.24	5.94562
1327.36	5.79267
1327.49	5.62398
1327.61	5.43187
1327.73	5.23428
1327.86	5.02562
1327.98	4.80903
1328.1	4.57381
1328.22	4.34035
1328.35	4.09643
1328.47	3.88461
1328.59	3.69735
1328.72	3.50429
1328.84	3.3316
1328.96	3.16253
1329.09	3.00513
1329.21	2.8459
1329.33	2.71707
1329.46	2.62421
1329.58	2.57434
1329.7	2.55819
1329.82	2.56638
1329.95	2.6031
1330.07	2.66445
1330.19	2.73791
1330.32	2.81547
1330.44	2.91577
1330.56	3.03062
1330.69	3.16851
1330.81	3.31112
1330.93	3.46261
1331.05	3.61881
1331.18	3.77565
1331.3	3.93834
1331.42	4.09569
1331.55	4.25187
1331.67	4.40916
1331.79	4.57005
1331.91	4.72844
1332.04	4.8812
1332.16	4.99938
1332.28	5.09615
1332.41	5.18802
1332.53	5.27879
1332.65	5.36863
1332.77	5.43521
1332.9	5.49247
1333.02	5.54471
1333.14	5.58203
1333.27	5.615
1333.39	5.63572
1333.51	5.66408
1333.63	5.69529
1333.76	5.72104
1333.88	5.75989
1334	5.82516
1334.13	5.92095
1334.25	6.02647
1334.37	6.13343
1334.49	6.23839
1334.62	6.34714
1334.74	6.45796
1334.86	6.55171
1334.98	6.64325
1335.11	6.74647
1335.23	6.86039
1335.35	6.96345
1335.47	7.04581
1335.6	7.10153
1335.72	7.14002
1335.84	7.15793
1335.96	7.14505
1336.09	7.11773
1336.21	7.0817
1336.33	7.03454
1336.45	6.9839
1336.58	6.92295
1336.7	6.84318
1336.82	6.71834
1336.95	6.58255
1337.07	6.42365
1337.19	6.23545
1337.31	6.02237
1337.43	5.78474
1337.56	5.52292
1337.68	5.25631
1337.8	4.99731
1337.92	4.7513
1338.05	4.52962
1338.17	4.32371
1338.29	4.135
1338.41	3.9442
1338.54	3.75957
1338.66	3.59676
1338.78	3.44469
1338.9	3.31162
1339.03	3.21072
1339.15	3.11054
1339.27	3.01731
1339.39	2.9454
1339.52	2.87963
1339.64	2.82118
1339.76	2.76573
1339.88	2.71755
1340	2.69542
1340.13	2.70435
1340.25	2.7167
1340.37	2.72271
1340.49	2.72556
1340.62	2.72799
1340.74	2.71849
1340.86	2.68186
1340.98	2.62915
1341.1	2.55369
1341.23	2.46376
1341.35	2.35649
1341.47	2.25968
1341.59	2.16071
1341.71	2.07152
1341.84	1.98866
1341.96	1.90416
1342.08	1.82473
1342.2	1.75831
1342.33	1.70558
1342.45	1.6581
1342.57	1.62598
1342.69	1.59878
1342.81	1.58947
1342.94	1.59585
1343.06	1.62484
1343.18	1.67112
1343.3	1.73543
1343.42	1.83728
1343.55	1.9637
1343.67	2.119
1343.79	2.30141
1343.91	2.51408
1344.03	2.76968
1344.16	3.04888
1344.28	3.34958
1344.4	3.67476
1344.52	4.02576
1344.64	4.39675
1344.77	4.75426
1344.89	5.08061
1345.01	5.39
1345.13	5.6856
1345.25	5.95428
1345.37	6.1906
1345.5	6.42112
1345.62	6.62546
1345.74	6.80198
1345.86	6.92891
1345.98	7.0045
1346.11	7.03391
1346.23	7.02474
1346.35	6.97248
1346.47	6.87419
1346.59	6.75805
1346.71	6.63838
1346.84	6.52269
1346.96	6.396
1347.08	6.24773
1347.2	6.07976
1347.32	5.89779
1347.45	5.70711
1347.57	5.48888
1347.69	5.24927
1347.81	5.0057
1347.93	4.75548
1348.05	4.50076
1348.18	4.25064
1348.3	4.01838
1348.42	3.80909
1348.54	3.61584
1348.66	3.44012
1348.78	3.2858
1348.9	3.14393
1349.03	3.02877
1349.15	2.94793
1349.27	2.88392
1349.39	2.83949
1349.51	2.81275
1349.63	2.80285
1349.76	2.81757
1349.88	2.85449
1350	2.91348
1350.12	2.98449
1350.24	3.07749
1350.36	3.18023
1350.48	3.31083
1350.61	3.46935
1350.61	3.50115
1350.73	3.67315
1350.85	3.85335
1350.98	4.04
1351.1	4.20252
1351.22	4.32893
1351.34	4.42153
1351.47	4.47848
1351.59	4.50485
1351.71	4.51335
1351.83	4.52228
1351.95	4.51002
1352.08	4.4906
1352.2	4.45001
1352.32	4.39939
1352.44	4.34063
1352.56	4.28695
1352.69	4.23267
1352.81	4.17398
1352.93	4.1122
1353.05	4.03335
1353.17	3.94564
1353.3	3.84391
1353.42	3.743
1353.54	3.62011
1353.66	3.49355
1353.78	3.37359
1353.91	3.24218
1354.03	3.10863
1354.15	2.97848
1354.27	2.86535
1354.39	2.77411
1354.52	2.68686
1354.64	2.61573
1354.76	2.57664
1354.88	2.57775
1355	2.60245
1355.13	2.62224
1355.25	2.6459
1355.37	2.69731
1355.49	2.77081
1355.61	2.85987
1355.73	2.9746
1355.86	3.10005
1355.98	3.23416
1356.1	3.37552
1356.22	3.50688
1356.34	3.62539
1356.47	3.71954
1356.59	3.78794
1356.71	3.83401
1356.83	3.8716
1356.95	3.91555
1357.07	3.954
1357.2	3.98114
1357.32	3.98806
1357.44	3.9874
1357.56	3.9933
1357.68	4.00946
1357.8	4.01043
1357.93	4.00423
1358.05	4.00108
1358.17	4.00624
1358.29	4.00506
1358.41	4.01205
1358.53	4.02441
1358.66	4.038
1358.78	4.0606
1358.9	4.09694
1359.02	4.1515
1359.14	4.21581
1359.26	4.28796
1359.39	4.37905
1359.51	4.48397
1359.63	4.58715
1359.75	4.68001
1359.87	4.77845
1359.99	4.89225
1360.11	5.00523
1360.24	5.12228
1360.36	5.2419
1360.48	5.36405
1360.6	5.50435
1360.72	5.65344
1360.84	5.81399
1360.96	5.9935
1361.09	6.18178
1361.21	6.36295
1361.33	6.54097
1361.45	6.70942
1361.57	6.84961
1361.69	6.97022
1361.81	7.0717
1361.94	7.15816
1362.06	7.22203
1362.18	7.2693
1362.3	7.30699
1362.42	7.32247
1362.54	7.31526
1362.66	7.28375
1362.78	7.24808
1362.91	7.20514
1363.03	7.1741
1363.15	7.13023
1363.27	7.08527
1363.39	7.03051
1363.51	6.97395
1363.63	6.93451
1363.76	6.90342
1363.88	6.88222
1364	6.85345
1364.12	6.84272
1364.24	6.84265
1364.36	6.8301
1364.48	6.82114
1364.6	6.83305
1364.72	6.84684
1364.85	6.85131
1364.97	6.84274
1365.09	6.84333
1365.21	6.85503
1365.33	6.8488
1365.45	6.82657
1365.57	6.79383
1365.69	6.76929
1365.81	6.74004
1365.94	6.70169
1366.06	6.65941
1366.18	6.62371
1366.3	6.59479
1366.42	6.56372
1366.54	6.53861
1366.66	6.50217
1366.78	6.45471
1366.9	6.39276
1367.02	6.32359
1367.15	6.24415
1367.27	6.15578
1367.39	6.0496
1367.51	5.916
1367.63	5.76288
1367.75	5.59991
1367.87	5.44442
1367.99	5.29809
1368.11	5.14359
1368.23	4.96562
1368.35	4.78904
1368.48	4.61838
1368.6	4.47025
1368.72	4.33163
1368.84	4.21334
1368.96	4.09913
1369.08	3.99899
1369.2	3.93253
1369.32	3.89728
1369.44	3.87604
1369.56	3.87138
1369.68	3.88897
1369.8	3.91571
1369.92	3.92706
1370.05	3.92863
1370.17	3.91455
1370.29	3.90221
1370.41	3.87411
1370.53	3.81488
1370.65	3.74988
1370.77	3.67984
1370.89	3.60409
1371.01	3.53585
1371.13	3.46447
1371.25	3.37493
1371.37	3.28179
1371.49	3.18522
1371.61	3.08844
1371.73	2.99653
1371.86	2.90622
1371.98	2.82504
1372.1	2.75825
1372.22	2.703
1372.34	2.65657
1372.46	2.60968
1372.58	2.5852
1372.7	2.57489
1372.82	2.58037
1372.94	2.60482
1373.06	2.63819
1373.18	2.68541
1373.3	2.7454
1373.42	2.81636
1373.54	2.86388
1373.66	2.92753
1373.78	2.99121
1373.9	3.05718
1374.02	3.1346
1374.15	3.20332
1374.27	3.26941
1374.39	3.33778
1374.51	3.41134
1374.55	3.42132
1374.68	3.4874
1374.8	3.56172
1374.92	3.63985
1375.04	3.69541
1375.16	3.72694
1375.28	3.7439
1375.4	3.75135
1375.52	3.72905
1375.65	3.66509
1375.77	3.59337
1375.89	3.50222
1376.01	3.38843
1376.13	3.23016
1376.25	3.04056
1376.37	2.83433
1376.49	2.6276
1376.61	2.42894
1376.73	2.21782
1376.86	2.00384
1376.98	1.78354
1377.1	1.57356
1377.22	1.37706
1377.34	1.18628
1377.46	0.996589
1377.58	0.823965
1377.7	0.673012
1377.82	0.540602
1377.94	0.429563
1378.06	0.338474
1378.19	0.254233
1378.31	0.163233
1378.43	0.0519067
1378.55	-0.0634052
1378.67	-0.167848
1378.79	-0.256194
1378.91	-0.32704
1379.03	-0.397229
1379.15	-0.473671
1379.27	-0.564804
1379.39	-0.64424
1379.52	-0.705974
1379.64	-0.753458
1379.76	-0.790528
1379.88	-0.818026
1380	-0.834621
1380.12	-0.848884
1380.24	-0.853127
1380.36	-0.826927
1380.48	-0.784078
1380.6	-0.718682
1380.72	-0.642657
1380.84	-0.544454
1380.96	-0.403573
1381.08	-0.241047
1381.21	-0.0542689
1381.33	0.170009
1381.45	0.405608
1381.57	0.650864
1381.69	0.911435
1381.81	1.17682
1381.93	1.43823
1382.05	1.69269
1382.17	1.93757
1382.29	2.16955
1382.41	2.37892
1382.53	2.55475
1382.65	2.7001
1382.77	2.80462
1382.89	2.89537
1383.01	2.95011
1383.14	2.99177
1383.26	3.01755
1383.38	3.00373
1383.5	2.96393
1383.62	2.88983
1383.74	2.78728
1383.86	2.64465
1383.98	2.48953
1384.1	2.29927
1384.22	2.08241
1384.34	1.85721
1384.46	1.60926
1384.58	1.36215
1384.7	1.12583
1384.82	0.894153
1384.94	0.679099
1385.06	0.498094
1385.18	0.344531
1385.3	0.211477
1385.42	0.106396
1385.54	0.0335648
1385.66	0.00701178
1385.78	0.0106413
1385.91	0.0352584
1386.03	0.0909034
1386.15	0.180067
1386.27	0.281119
1386.39	0.403406
1386.51	0.535751
1386.63	0.676358
1386.75	0.839024
1386.87	1.01674
1386.99	1.20968
1387.11	1.39569
1387.23	1.5682
1387.35	1.71705
1387.47	1.8394
1387.59	1.92463
1387.71	1.97217
1387.83	1.99246
1387.95	1.98245
1388.07	1.93887
1388.19	1.85234
1388.31	1.72094
1388.43	1.53779
1388.55	1.29277
1388.67	0.997504
1388.79	0.676607
1388.91	0.343214
1389.03	0.0135177
1389.15	-0.301551
1389.27	-0.597702
1389.39	-0.872939
1389.51	-1.12991
1389.63	-1.35087
1389.75	-1.50646
1389.87	-1.60225
1389.99	-1.64049
1390.11	-1.61562
1390.23	-1.5353
1390.35	-1.4068
1390.47	-1.22826
1390.59	-0.988978
1390.71	-0.702235
1390.83	-0.378835
1390.95	-0.0282109
1391.07	0.347466
1391.19	0.740399
1391.31	1.14512
1391.43	1.54722
1391.55	1.96079
1391.67	2.36773
1391.79	2.75303
1391.91	3.13614
1392.03	3.49169
1392.15	3.80488
1392.27	4.07033
1392.39	4.30015
1392.51	4.48612
1392.63	4.61933
1392.75	4.68328
1392.87	4.68277
1392.99	4.62773
1393.11	4.51025
1393.23	4.34215
1393.35	4.10714
1393.47	3.84262
1393.59	3.54608
1393.71	3.22055
1393.83	2.87296
1393.94	2.51366
1394.06	2.15287
1394.18	1.78809
1394.3	1.43693
1394.42	1.09318
1394.54	0.773362
1394.66	0.482776
1394.78	0.222168
1394.9	0.00605966
1395.02	-0.156728
1395.14	-0.261711
1395.26	-0.300622
1395.38	-0.280046
1395.5	-0.21605
1395.62	-0.112214
1395.74	0.052292
1395.86	0.265763
1395.98	0.522157
1396.1	0.798818
1396.22	1.0897
1396.34	1.38464
1396.46	1.66848
1396.58	1.9212
1396.7	2.13315
1396.82	2.29311
1396.93	2.39999
1397.05	2.46837
1397.17	2.48216
1397.29	2.46495
1397.41	2.40506
1397.53	2.29751
1397.65	2.13959
1397.77	1.93618
1397.89	1.71121
1398.01	1.4834
1398.13	1.24537
1398.25	0.991902
1398.37	0.745673
1398.49	0.514116
1398.61	0.294453
1398.73	0.0929871
1398.85	-0.0987619
1398.96	-0.26773
1399.08	-0.401714
1399.2	-0.509961
1399.32	-0.574857
1399.44	-0.60591
1399.56	-0.59973
1399.68	-0.547946
1399.8	-0.453321
1399.92	-0.314202
1400.04	-0.122212
1400.16	0.109003
1400.28	0.380659
1400.4	0.695865
1400.52	1.02271
1400.64	1.37075
1400.76	1.73498
1400.88	2.10613
1401	2.47727
1401.12	2.84814
1401.24	3.20845
1401.36	3.55069
1401.48	3.85586
1401.6	4.13572
1401.72	4.37621
1401.84	4.56996
1401.96	4.69789
1402.08	4.75625
1402.2	4.79248
1402.32	4.77324
1402.44	4.69847
1402.56	4.60024
1402.67	4.47895
1402.79	4.3301
1402.91	4.15424
1403.03	3.95769
1403.15	3.76034
1403.27	3.56583
1403.39	3.36421
1403.51	3.15229
1403.63	2.94373
1403.75	2.76057
1403.87	2.60107
1403.99	2.47129
1404.11	2.36699
1404.23	2.29942
1404.35	2.27393
1404.47	2.28929
1404.59	2.33638
1404.71	2.40188
1404.83	2.47431
1404.95	2.55725
1405.07	2.6526
1405.19	2.74479
1405.31	2.83824
1405.43	2.91974
1405.55	2.97664
1405.67	2.99826
1405.79	2.9869
1405.91	2.9397
1406.03	2.8789
1406.15	2.80952
1406.26	2.7384
1406.38	2.65307
1406.5	2.55383
1406.62	2.44093
1406.74	2.30624
1406.86	2.14342
1406.98	1.96255
1407.1	1.77884
1407.22	1.59705
1407.34	1.41299
1407.46	1.22771
1407.58	1.06541
1407.7	0.91153
1407.82	0.754684
1407.94	0.605422
1408.06	0.475125
1408.18	0.38804
1408.3	0.324418
1408.42	0.265978
1408.53	0.219017
1408.65	0.194202
1408.77	0.187063
1408.89	0.194713
1409.01	0.218583
1409.13	0.24855
1409.25	0.279037
1409.37	0.327985
1409.49	0.383834
1409.61	0.454983
1409.73	0.523494
1409.85	0.591955
1409.97	0.656559
1410.09	0.716157
1410.2	0.752089
1410.32	0.790859
1410.44	0.821194
1410.56	0.837981
1410.68	0.83585
1410.8	0.799019
1410.92	0.764043
1411.04	0.6989
1411.16	0.606759
1411.28	0.511754
1411.4	0.409452
1411.52	0.299177
1411.64	0.175793
1411.75	0.0698316
1411.87	-0.0241247
1411.99	-0.123063
1412.11	-0.224854
1412.23	-0.331759
1412.35	-0.440098
1412.47	-0.507821
1412.59	-0.57133
1412.71	-0.614323
1412.83	-0.619327
1412.94	-0.604786
1413.06	-0.567496
1413.18	-0.514876
1413.3	-0.441733
1413.42	-0.348722
1413.54	-0.238274
1413.66	-0.12266
1413.78	-0.01816
1413.9	0.076221
1414.02	0.167321
1414.14	0.263106
1414.25	0.357489
1414.37	0.449681
1414.49	0.543065
1414.61	0.642988
1414.73	0.74092
1414.85	0.831293
1414.97	0.922086
1415.09	1.018
1415.21	1.12098
1415.32	1.22647
1415.44	1.32369
1415.56	1.42007
1415.68	1.50731
1415.8	1.59027
1415.92	1.66726
1416.04	1.73807
1416.16	1.80761
1416.27	1.89175
1416.39	1.97925
1416.51	2.04887
1416.63	2.08813
1416.75	2.10544
1416.87	2.10819
1416.99	2.08722
1417.11	2.04759
1417.22	1.98733
1417.34	1.90752
1417.46	1.79969
1417.58	1.66573
1417.7	1.52209
1417.82	1.36763
1417.94	1.19767
1418.05	1.03261
1418.17	0.881576
1418.29	0.762095
1418.41	0.669115
1418.53	0.582332
1418.65	0.493418
1418.77	0.397353
1418.89	0.315997
1419	0.249985
1419.12	0.204936
1419.24	0.165438
1419.36	0.128627
1419.48	0.100973
1419.6	0.112001
1419.72	0.147944
1419.83	0.190335
1419.95	0.226967
1420.07	0.278445
1420.19	0.330893
1420.31	0.389208
1420.43	0.43512
1420.54	0.502903
1420.66	0.573809
1420.78	0.652075
1420.9	0.729718
1421.02	0.809066
1421.14	0.893418
1421.26	0.953278
1421.37	0.994343
1421.49	1.03221
1421.61	1.04957
1421.73	1.06455
1421.85	1.06338
1421.97	1.06071
1422.08	1.03143
1422.2	1.00243
1422.32	0.974064
1422.44	0.935713
1422.56	0.887922
1422.67	0.856248
1422.79	0.83798
1422.91	0.843687
1423.03	0.862876
1423.15	0.889512
1423.27	0.922996
1423.39	0.962986
1423.5	1.01334
1423.62	1.07787
1423.74	1.15636
1423.74	1.12375
1423.86	1.18654
1423.98	1.25206
1424.1	1.346
1424.22	1.46376
1424.34	1.59028
1424.46	1.724
1424.58	1.84953
1424.69	1.96669
1424.81	2.07209
1424.93	2.17022
1425.05	2.26331
1425.17	2.33615
1425.29	2.3715
1425.41	2.37045
1425.53	2.33227
1425.65	2.26689
1425.76	2.17592
1425.88	2.07176
1426	1.94751
1426.12	1.80968
1426.24	1.67532
1426.36	1.53997
1426.48	1.38185
1426.6	1.2025
1426.71	1.02811
1426.83	0.862902
1426.95	0.713452
1427.07	0.573554
1427.19	0.442234
1427.31	0.312841
1427.43	0.188809
1427.54	0.0739661
1427.66	-0.0343889
1427.78	-0.131556
1427.9	-0.232028
1428.02	-0.30781
1428.14	-0.335895
1428.26	-0.334856
1428.38	-0.307092
1428.49	-0.262088
1428.61	-0.200804
1428.73	-0.128177
1428.85	-0.0371075
1428.97	0.0684524
1429.09	0.186381
1429.21	0.319034
1429.32	0.45074
1429.44	0.582688
1429.56	0.720536
1429.68	0.88604
1429.8	1.04795
1429.92	1.19483
1430.04	1.34436
1430.15	1.48845
1430.27	1.61541
1430.39	1.72772
1430.51	1.81983
1430.63	1.91384
1430.75	1.99876
1430.86	2.07707
1430.98	2.14079
1431.1	2.19259
1431.22	2.22426
1431.34	2.24076
1431.46	2.22999
1431.57	2.20909
1431.69	2.15851
1431.81	2.08221
1431.93	1.95822
1432.05	1.79484
1432.17	1.6036
1432.28	1.4092
1432.4	1.19299
1432.52	0.959697
1432.64	0.72151
1432.76	0.495952
1432.88	0.298153
1432.99	0.11315
1433.11	-0.0708715
1433.23	-0.2478
1433.35	-0.415191
1433.47	-0.565858
1433.59	-0.698632
1433.7	-0.804148
1433.82	-0.889538
1433.94	-0.958635
1434.06	-1.00174
1434.18	-1.01535
1434.29	-0.979999
1434.41	-0.909914
1434.53	-0.810137
1434.65	-0.675773
1434.77	-0.513706
1434.89	-0.325888
1435	-0.11826
1435.12	0.119248
1435.24	0.375427
1435.36	0.645733
1435.48	0.90501
1435.59	1.16092
1435.71	1.41651
1435.83	1.68138
1435.95	1.93459
1436.07	2.17738
1436.18	2.40381
1436.3	2.60311
1436.42	2.79167
1436.54	2.95886
1436.66	3.0902
1436.77	3.18892
1436.89	3.26162
1437.01	3.30172
1437.13	3.31887
1437.25	3.31599
1437.36	3.29411
1437.48	3.25096
1437.6	3.19755
1437.72	3.12604
1437.84	3.02642
1437.95	2.91024
1438.07	2.77826
1438.19	2.65799
1438.31	2.54196
1438.43	2.41556
1438.54	2.27661
1438.66	2.14477
1438.78	2.01251
1438.9	1.87949
1439.01	1.75996
1439.13	1.654
1439.25	1.55508
1439.37	1.46684
1439.49	1.38017
1439.6	1.29247
1439.72	1.20951
1439.84	1.13886
1439.96	1.05857
1440.07	0.981133
1440.19	0.911782
1440.31	0.819757
1440.43	0.725157
1440.54	0.630265
1440.66	0.539342
1440.78	0.473135
1440.9	0.419222
1441.02	0.385391
1441.13	0.354096
1441.25	0.335673
1441.37	0.340683
1441.49	0.374961
1441.6	0.42811
1441.72	0.502938
1441.84	0.584135
1441.96	0.675671
1442.07	0.776749
1442.19	0.90061
1442.31	1.05053
1442.43	1.22153
1442.54	1.42011
1442.66	1.64164
1442.78	1.87244
1442.9	2.13303
1443.01	2.41769
1443.13	2.70538
1443.25	2.98648
1443.37	3.26313
1443.48	3.53435
1443.6	3.80762
1443.72	4.06821
1443.84	4.3048
1443.95	4.50981
1444.07	4.66946
1444.19	4.78441
1444.31	4.85403
1444.42	4.88692
1444.54	4.87271
1444.66	4.80873
1444.78	4.70174
1444.89	4.5363
1445.01	4.31992
1445.13	4.05334
1445.24	3.76147
1445.36	3.43809
1445.48	3.07979
1445.6	2.67777
1445.71	2.27127
1445.83	1.87363
1445.95	1.49993
1446.07	1.13095
1446.18	0.788909
1446.3	0.484088
1446.42	0.206582
1446.53	-0.0151288
1446.65	-0.19215
1446.77	-0.325072
1446.89	-0.43283
1447	-0.503657
1447.12	-0.527136
1447.24	-0.498197
1447.36	-0.413453
1447.42	-0.359095
1447.53	-0.196344
1447.65	0.0163993
1447.77	0.278182
1447.89	0.58266
1448	0.925758
1448.12	1.28587
1448.24	1.65926
1448.36	2.0221
1448.48	2.38362
1448.59	2.71234
1448.71	3.02359
1448.83	3.28605
1448.95	3.51415
1449.06	3.70944
1449.18	3.86884
1449.3	3.98967
1449.42	4.07298
1449.54	4.10901
1449.65	4.09249
1449.77	4.02484
1449.89	3.90148
1450.01	3.72825
1450.13	3.51484
1450.24	3.25875
1450.36	2.9557
1450.48	2.64258
1450.6	2.33612
1450.71	2.04633
1450.83	1.77537
1450.95	1.51585
1451.07	1.27684
1451.18	1.04769
1451.3	0.852398
1451.42	0.70681
1451.54	0.598644
1451.65	0.528751
1451.77	0.499837
1451.89	0.513301
1452.01	0.55374
1452.12	0.623213
1452.24	0.724973
1452.36	0.856979
1452.48	1.01939
1452.6	1.18021
1452.71	1.34917
1452.83	1.51796
1452.95	1.69888
1453.07	1.86872
1453.18	2.01822
1453.3	2.14897
1453.42	2.25835
1453.54	2.33776
1453.65	2.40083
1453.77	2.43779
1453.89	2.44485
1454.01	2.42133
1454.12	2.36209
1454.24	2.27318
1454.36	2.15975
1454.47	2.02645
1454.59	1.86861
1454.71	1.68639
1454.83	1.4809
1454.94	1.25599
1455.06	1.03183
1455.18	0.797842
1455.3	0.567931
1455.41	0.331747
1455.53	0.0828644
1455.65	-0.159881
1455.77	-0.378418
1455.88	-0.572028
1456	-0.742561
1456.12	-0.895
1456.23	-1.01442
1456.35	-1.09707
1456.47	-1.13619
1456.59	-1.12327
1456.7	-1.07288
1456.82	-1.00466
1456.94	-0.934999
1457.06	-0.847394
1457.17	-0.731746
1457.29	-0.597856
1457.41	-0.45079
1457.52	-0.284397
1457.64	-0.106811
1457.76	0.0906869
1457.88	0.324901
1457.99	0.57697
1458.11	0.837907
1458.23	1.09968
1458.34	1.3511
1458.46	1.59869
1458.58	1.84164
1458.69	2.06454
1458.81	2.2713
1458.93	2.44411
1459.05	2.59591
1459.16	2.72652
1459.28	2.83734
1459.4	2.93418
1459.51	3.0055
1459.63	3.04716
1459.75	3.05481
1459.87	3.03082
1459.98	2.9759
1460.1	2.89149
1460.22	2.77642
1460.33	2.63935
1460.45	2.48424
1460.57	2.33241
1460.68	2.17929
1460.8	2.0281
1460.92	1.8697
1461.04	1.7054
1461.15	1.53254
1461.27	1.35016
1461.39	1.17428
1461.5	1.01705
1461.62	0.867542
1461.74	0.751645
1461.85	0.66668
1461.97	0.590156
1462.09	0.506972
1462.2	0.432433
1462.32	0.370512
1462.44	0.335244
1462.55	0.335175
1462.67	0.362087
1462.79	0.418302
1462.9	0.504441
1463.02	0.618952
1463.14	0.734264
1463.25	0.848329
1463.37	0.968788
1463.49	1.08672
1463.6	1.19241
1463.72	1.30777
1463.84	1.41793
1463.95	1.51476
1464.07	1.59574
1464.19	1.65985
1464.3	1.69572
1464.42	1.70802
1464.54	1.6888
1464.65	1.64497
1464.77	1.57454
1464.89	1.48077
1465	1.38752
1465.12	1.28756
1465.24	1.17508
1465.35	1.06344
1465.47	0.945503
1465.59	0.817209
1465.7	0.700543
1465.82	0.586767
1465.94	0.463019
1466.05	0.336164
1466.17	0.210396
1466.29	0.0916498
1466.4	0.00304902
1466.52	-0.0573404
1466.64	-0.0972285
1466.75	-0.126665
1466.87	-0.159363
1466.98	-0.196863
1467.1	-0.228528
1467.22	-0.24463
1467.33	-0.258671
1467.45	-0.272552
1467.57	-0.284287
1467.68	-0.296399
1467.8	-0.300321
1467.92	-0.292955
1468.03	-0.283273
1468.15	-0.266616
1468.26	-0.250016
1468.38	-0.237659
1468.5	-0.218041
1468.61	-0.190786
1468.73	-0.14898
1468.85	-0.0954515
1468.96	-0.0277593
1469.08	0.0430189
1469.2	0.117686
1469.31	0.197557
1469.43	0.284923
1469.54	0.370886
1469.66	0.451524
1469.78	0.520411
1469.89	0.591291
1470.01	0.657391
1470.13	0.713575
1470.24	0.761583
1470.36	0.81442
1470.47	0.855536
1470.59	0.907538
1470.71	0.967558
1470.82	1.03397
1470.94	1.10394
1471.05	1.15951
1471.17	1.19889
1471.29	1.22888
1471.4	1.25243
1471.49	1.28434
1471.61	1.33519
1471.73	1.39453
1471.84	1.4312
1471.96	1.43064
1472.08	1.40249
1472.19	1.34556
1472.31	1.26488
1472.43	1.17521
1472.54	1.08722
1472.66	0.997281
1472.78	0.899576
1472.89	0.811591
1473.01	0.720176
1473.13	0.613161
1473.24	0.504472
1473.36	0.414106
1473.48	0.33774
1473.59	0.27158
1473.71	0.230494
1473.83	0.209085
1473.94	0.210522
1474.06	0.235651
1474.18	0.273721
1474.29	0.321289
1474.41	0.386745
1474.53	0.458308
1474.64	0.545089
1474.76	0.643682
1474.88	0.751807
1475	0.880243
1475.11	1.01623
1475.23	1.18285
1475.34	1.383
1475.46	1.58369
1475.58	1.78731
1475.69	2.00794
1475.81	2.22966
1475.93	2.4293
1476.04	2.63139
1476.16	2.83423
1476.28	3.03876
1476.39	3.25664
1476.51	3.46201
1476.63	3.65827
1476.74	3.83246
1476.86	3.97957
1476.98	4.09545
1477.09	4.19001
1477.21	4.27452
1477.33	4.33445
1477.44	4.37284
1477.56	4.36689
1477.68	4.33422
1477.79	4.28194
1477.91	4.19221
1478.02	4.06824
1478.14	3.90983
1478.26	3.70766
1478.37	3.4662
1478.49	3.18726
1478.61	2.89863
1478.72	2.60484
1478.84	2.30398
1478.95	1.99342
1479.07	1.66623
1479.19	1.3557
1479.3	1.06721
1479.42	0.790177
1479.54	0.533455
1479.65	0.29136
1479.77	0.0666667
1479.89	-0.122493
1480	-0.284746
1480.12	-0.425548
1480.23	-0.544593
1480.35	-0.635952
1480.47	-0.707633
1480.58	-0.73979
1480.7	-0.738072
1480.82	-0.707978
1480.93	-0.652553
1481.05	-0.591621
1481.16	-0.513575
1481.28	-0.425
1481.4	-0.311964
1481.51	-0.155318
1481.63	0.0169171
1481.74	0.188799
1481.86	0.350513
1481.98	0.497625
1482.09	0.636938
1482.21	0.762387
1482.33	0.878731
1482.44	0.991385
1482.56	1.10835
1482.67	1.22796
1482.79	1.32916
1482.9	1.42577
1483.02	1.5072
1483.14	1.57417
1483.25	1.63638
1483.37	1.70384
1483.49	1.77345
1483.6	1.84153
1483.72	1.91795
1483.83	2.00885
1483.95	2.1197
1484.06	2.24803
1484.18	2.40015
1484.3	2.56856
1484.41	2.74655
1484.53	2.92511
1484.64	3.10737
1484.76	3.29059
1484.88	3.46889
1484.99	3.65526
1485.11	3.84297
1485.22	4.04117
1485.34	4.23504
1485.46	4.38651
1485.57	4.53123
1485.69	4.66189
1485.8	4.75207
1485.92	4.79988
1486.03	4.82716
1486.15	4.82323
1486.27	4.78914
1486.38	4.72228
1486.5	4.61311
1486.61	4.48689
1486.73	4.33044
1486.84	4.15125
1486.96	3.93489
1487.08	3.70733
1487.19	3.48013
1487.31	3.25599
1487.42	3.05093
1487.54	2.83836
1487.65	2.65779
1487.77	2.51116
1487.89	2.39817
1488	2.32126
1488.12	2.29205
1488.23	2.29921
1488.35	2.3285
1488.46	2.39268
1488.58	2.50581
1488.69	2.65694
1488.81	2.84103
1488.93	3.04492
1489.04	3.27163
1489.16	3.53876
1489.27	3.82736
1489.39	4.13562
1489.5	4.46457
1489.62	4.79215
1489.73	5.13793
1489.85	5.48857
1489.97	5.83213
1490.08	6.15348
1490.2	6.44491
1490.31	6.71186
1490.43	6.94316
1490.54	7.14552
1490.66	7.31587
1490.77	7.45509
1490.89	7.55424
1491	7.61269
1491.12	7.64053
1491.24	7.63662
1491.35	7.61316
1491.47	7.56228
1491.58	7.48193
1491.7	7.38146
1491.81	7.26745
1491.93	7.14799
1492.04	7.02824
1492.16	6.90604
1492.27	6.78168
1492.39	6.65943
1492.5	6.54742
1492.62	6.44519
1492.73	6.35986
1492.85	6.29243
1492.96	6.24118
1493.08	6.20694
1493.2	6.18585
1493.31	6.18065
1493.43	6.18975
1493.54	6.2086
1493.66	6.23561
1493.77	6.27169
1493.89	6.3262
1494	6.40638
1494.12	6.51285
1494.23	6.61119
1494.35	6.7169
1494.46	6.83336
1494.58	6.96117
1494.69	7.10788
1494.81	7.28315
1494.92	7.47544
1495.04	7.70245
1495.15	7.90853
1495.27	8.09717
1495.38	8.24288
1495.5	8.38886
1495.61	8.51949
1495.73	8.63285
1495.84	8.73214
1495.96	8.8144
1496.07	8.87589
1496.19	8.91323
1496.3	8.92362
1496.31	8.9348
1496.43	8.90257
1496.54	8.8256
1496.66	8.70211
1496.77	8.54119
1496.89	8.32606
1497.01	8.05134
1497.12	7.72017
1497.24	7.33157
1497.35	6.91326
1497.47	6.43179
1497.59	5.88893
1497.7	5.28372
1497.82	4.62874
1497.93	3.9306
1498.05	3.22229
1498.16	2.52452
1498.28	1.85462
1498.39	1.25097
1498.51	0.757413
1498.63	0.411161
1498.74	0.237871
1498.86	0.265966
1498.97	0.540661
1499.09	1.07345
1499.2	1.88932
1499.32	2.98015
1499.43	4.35677
1499.55	5.9582
1499.67	7.67765
1499.78	9.37518
1499.9	10.8304
1499.95	11.363
1499.99	11.6089
