1060.01	10.7811
1060.14	14.2968
1060.28	15.4705
1060.41	15.0979
1060.55	13.7769
1060.68	11.9951
1060.82	10.0527
1060.95	8.2278
1061.09	6.66428
1061.22	5.46359
1061.36	4.63546
1061.49	4.14743
1061.63	3.97303
1061.76	4.05931
1061.9	4.3636
1062.03	4.85943
1062.17	5.49152
1062.3	6.21863
1062.44	7.01393
1062.57	7.8356
1062.71	8.68371
1062.84	9.52065
1062.98	10.3321
1063.11	11.105
1063.25	11.8079
1063.38	12.4407
1063.52	12.9925
1063.65	13.4636
1063.79	13.8454
1063.92	14.1358
1064.06	14.3405
1064.19	14.4611
1064.33	14.4939
1064.46	14.442
1064.6	14.3114
1064.73	14.1045
1064.87	13.8326
1065	13.5057
1065.14	13.1371
1065.27	12.7349
1065.41	12.3107
1065.54	11.8702
1065.68	11.415
1065.81	10.9505
1065.95	10.3084
1066.08	9.73382
1066.22	9.20983
1066.35	8.7118
1066.49	8.24957
1066.62	7.83422
1066.76	7.45866
1066.89	7.11667
1067.02	6.80256
1067.16	6.51377
1067.29	6.24083
1067.43	5.98244
1067.56	5.74769
1067.7	5.5348
1067.83	5.34296
1067.97	5.16993
1068.1	5.01935
1068.24	4.89644
1068.37	4.79554
1068.51	4.72068
1068.64	4.67653
1068.78	4.66327
1068.91	4.67936
1069.05	4.71775
1069.18	4.77635
1069.31	4.84751
1069.45	4.93295
1069.58	5.02665
1069.72	5.11487
1069.85	5.20164
1069.99	5.27554
1070.12	5.34123
1070.26	5.39071
1070.39	5.42333
1070.52	5.44733
1070.66	5.45598
1070.79	5.44373
1070.93	5.41747
1071.06	5.37582
1071.2	5.32909
1071.33	5.27068
1071.47	5.20852
1071.6	5.14935
1071.73	5.09445
1071.87	5.03825
1072	4.97102
1072.14	4.90001
1072.27	4.80926
1072.41	4.71563
1072.54	4.61678
1072.68	4.51681
1072.81	4.42477
1072.94	4.33987
1073.08	4.2488
1073.21	4.15822
1073.35	4.06007
1073.48	3.95429
1073.61	3.85613
1073.75	3.7726
1073.88	3.69197
1074.02	3.61477
1074.15	3.54287
1074.29	3.47494
1074.42	3.42362
1074.55	3.38729
1074.69	3.36754
1074.82	3.36302
1074.96	3.36855
1075.09	3.38979
1075.23	3.41838
1075.36	3.45727
1075.49	3.49676
1075.63	3.52778
1075.76	3.54394
1075.9	3.55288
1076.03	3.53655
1076.16	3.49566
1076.3	3.44086
1076.43	3.3769
1076.57	3.28377
1076.7	3.17428
1076.83	3.05623
1076.97	2.92568
1077.1	2.7846
1077.24	2.63937
1077.37	2.48553
1077.5	2.32151
1077.64	2.15712
1077.77	2.00366
1077.91	1.85825
1078.04	1.71526
1078.17	1.57498
1078.31	1.44202
1078.44	1.31247
1078.58	1.18647
1078.71	1.07184
1078.84	0.962162
1078.98	0.863234
1079.11	0.770061
1079.24	0.683253
1079.38	0.602543
1079.51	0.515778
1079.65	0.427245
1079.78	0.332424
1079.91	0.22972
1080.05	0.134459
1080.18	0.0386409
1080.32	-0.0484045
1080.45	-0.126165
1080.58	-0.197394
1080.72	-0.256917
1080.85	-0.299872
1080.98	-0.329291
1081.12	-0.35976
1081.25	-0.388913
1081.39	-0.413698
1081.52	-0.437101
1081.65	-0.446803
1081.79	-0.455083
1081.92	-0.455417
1082.05	-0.438411
1082.19	-0.418951
1082.32	-0.388736
1082.45	-0.341384
1082.59	-0.283336
1082.72	-0.210881
1082.85	-0.135824
1082.99	-0.0431111
1083.12	0.0480168
1083.26	0.144541
1083.39	0.239074
1083.52	0.332772
1083.66	0.434373
1083.79	0.543205
1083.92	0.654007
1084.06	0.760645
1084.19	0.87939
1084.32	1.01059
1084.46	1.14759
1084.59	1.29383
1084.72	1.43541
1084.86	1.57887
1084.99	1.72227
1085.12	1.86783
1085.26	2.01168
1085.39	2.12856
1085.52	2.22474
1085.66	2.29209
1085.79	2.36496
1085.92	2.42563
1086.06	2.47855
1086.19	2.52338
1086.32	2.55906
1086.46	2.59364
1086.59	2.62822
1086.72	2.66213
1086.86	2.69216
1086.99	2.72577
1087.12	2.76181
1087.26	2.80383
1087.39	2.85299
1087.52	2.89644
1087.66	2.94294
1087.79	2.98639
1087.92	3.02906
1088.06	3.06359
1088.19	3.10435
1088.32	3.13505
1088.46	3.16337
1088.59	3.20038
1088.72	3.24157
1088.79	3.26146
1088.92	3.28465
1089.06	3.31038
1089.19	3.33782
1089.33	3.34368
1089.46	3.32993
1089.59	3.30124
1089.73	3.25637
1089.86	3.19978
1090	3.13179
1090.13	3.06428
1090.26	2.99067
1090.4	2.9161
1090.53	2.82174
1090.67	2.70985
1090.8	2.57904
1090.93	2.42843
1091.07	2.26118
1091.2	2.07357
1091.33	1.87903
1091.47	1.69276
1091.6	1.50403
1091.73	1.32671
1091.87	1.15108
1092	0.984304
1092.14	0.841836
1092.27	0.709921
1092.4	0.582817
1092.54	0.461695
1092.67	0.346047
1092.8	0.234836
1092.94	0.121704
1093.07	0.0126151
1093.21	-0.0982075
1093.34	-0.209084
1093.47	-0.308546
1093.61	-0.393956
1093.74	-0.453893
1093.87	-0.487183
1094.01	-0.495793
1094.14	-0.48255
1094.27	-0.451964
1094.41	-0.401589
1094.54	-0.353528
1094.67	-0.295818
1094.81	-0.222874
1094.94	-0.137251
1095.07	-0.0389996
1095.21	0.074591
1095.34	0.186889
1095.47	0.311034
1095.61	0.45742
1095.74	0.612886
1095.87	0.782185
1096.01	0.972572
1096.14	1.17217
1096.28	1.40112
1096.41	1.65788
1096.54	1.92779
1096.68	2.19279
1096.81	2.44872
1096.94	2.69596
1097.08	2.93953
1097.21	3.19723
1097.34	3.43623
1097.47	3.67232
1097.61	3.90217
1097.74	4.12021
1097.88	4.32491
1098.01	4.50234
1098.14	4.65815
1098.27	4.79624
1098.41	4.92033
1098.54	5.01922
1098.67	5.1065
1098.81	5.16381
1098.94	5.18853
1099.07	5.18307
1099.21	5.14556
1099.34	5.0799
1099.47	4.98454
1099.61	4.85883
1099.74	4.68842
1099.87	4.5039
1100.01	4.30241
1100.14	4.08365
1100.27	3.84241
1100.4	3.5814
1100.54	3.30792
1100.67	3.02611
1100.8	2.73287
1100.94	2.44275
1101.07	2.15278
1101.2	1.86806
1101.34	1.60115
1101.47	1.35496
1101.6	1.14466
1101.73	0.959837
1101.87	0.812806
1102	0.689644
1102.13	0.59897
1102.27	0.536606
1102.4	0.508459
1102.53	0.49641
1102.67	0.51378
1102.8	0.568055
1102.93	0.656902
1103.06	0.784075
1103.2	0.937709
1103.33	1.10269
1103.46	1.295
1103.6	1.51354
1103.73	1.72909
1103.86	1.9523
1103.99	2.17882
1104.13	2.4028
1104.26	2.61451
1104.39	2.81751
1104.53	3.00331
1104.66	3.16325
1104.79	3.29858
1104.92	3.42296
1105.06	3.52887
1105.19	3.6176
1105.32	3.69958
1105.45	3.76561
1105.59	3.82075
1105.72	3.87453
1105.85	3.92059
1105.98	3.95675
1106.12	3.98873
1106.25	4.0226
1106.38	4.0453
1106.52	4.05509
1106.65	4.06029
1106.78	4.05273
1106.91	4.03977
1107.05	4.02027
1107.18	3.98457
1107.31	3.94546
1107.44	3.91141
1107.58	3.88599
1107.71	3.87103
1107.84	3.87038
1107.97	3.87789
1108.11	3.90293
1108.24	3.94193
1108.37	3.98846
1108.5	4.0572
1108.64	4.15215
1108.77	4.2532
1108.9	4.36442
1109.03	4.48551
1109.17	4.60628
1109.3	4.71642
1109.43	4.80978
1109.56	4.89828
1109.7	4.99114
1109.83	5.07375
1109.96	5.14088
1110.09	5.19603
1110.22	5.22272
1110.36	5.22778
1110.49	5.2234
1110.62	5.20835
1110.75	5.17775
1110.89	5.13475
1111.02	5.06793
1111.15	4.98105
1111.28	4.88814
1111.42	4.78115
1111.55	4.67662
1111.68	4.55639
1111.81	4.41551
1111.94	4.26052
1112.08	4.1083
1112.21	3.96255
1112.34	3.82768
1112.47	3.68052
1112.6	3.52549
1112.74	3.36526
1112.87	3.20651
1113	3.05275
1113.13	2.89896
1113.27	2.76731
1113.4	2.63754
1113.53	2.52294
1113.66	2.41204
1113.79	2.30556
1113.93	2.18195
1114.06	2.06446
1114.19	1.94841
1114.32	1.84005
1114.45	1.74114
1114.59	1.62658
1114.72	1.52108
1114.85	1.43149
1114.98	1.32916
1115.11	1.21703
1115.25	1.11216
1115.38	1.00967
1115.51	0.90683
1115.64	0.792351
1115.77	0.681172
1115.91	0.578192
1116.03	0.475689
1116.16	0.364263
1116.3	0.249603
1116.43	0.117312
1116.56	-0.0314035
1116.7	-0.182915
1116.83	-0.336643
1116.96	-0.469707
1117.09	-0.583231
1117.23	-0.68915
1117.36	-0.779661
1117.49	-0.849892
1117.62	-0.888963
1117.76	-0.896773
1117.89	-0.868391
1118.02	-0.804934
1118.15	-0.712459
1118.29	-0.5883
1118.42	-0.431806
1118.55	-0.257738
1118.68	-0.054649
1118.82	0.177519
1118.95	0.433334
1119.08	0.705879
1119.21	1.00715
1119.35	1.33153
1119.48	1.67435
1119.61	2.01547
1119.74	2.35798
1119.88	2.71414
1120.01	3.07804
1120.14	3.43378
1120.27	3.78898
1120.41	4.14227
1120.54	4.47319
1120.67	4.7758
1120.8	5.05094
1120.94	5.3037
1121.07	5.54468
1121.2	5.75114
1121.33	5.91482
1121.46	6.03644
1121.6	6.10789
1121.73	6.13937
1121.86	6.14187
1121.99	6.11664
1122.13	6.06276
1122.26	5.99153
1122.39	5.89114
1122.52	5.77076
1122.66	5.64449
1122.79	5.52696
1122.92	5.40611
1123.05	5.27292
1123.18	5.13054
1123.32	4.99495
1123.45	4.87492
1123.58	4.7685
1123.71	4.6697
1123.84	4.56855
1123.98	4.47872
1124.11	4.39133
1124.24	4.31432
1124.37	4.24909
1124.5	4.20872
1124.64	4.18558
1124.77	4.1834
1124.9	4.20999
1125.03	4.24739
1125.16	4.29135
1125.3	4.3407
1125.43	4.41819
1125.56	4.52047
1125.69	4.63792
1125.82	4.75376
1125.96	4.87643
1126.09	5.02245
1126.22	5.16613
1126.35	5.30612
1126.48	5.45936
1126.62	5.61186
1126.75	5.76208
1126.88	5.89945
1127.01	6.02099
1127.14	6.15769
1127.28	6.29926
1127.41	6.42286
1127.54	6.5317
1127.67	6.6248
1127.8	6.68949
1127.94	6.74148
1128.07	6.79402
1128.2	6.84416
1128.33	6.89642
1128.46	6.93814
1128.59	6.96157
1128.73	6.97197
1128.86	6.97237
1128.99	6.97531
1129.12	6.98972
1129.25	7.00433
1129.38	7.00891
1129.52	7.006
1129.65	7.00045
1129.78	6.99198
1129.91	6.97944
1130.04	6.96775
1130.17	6.9558
1130.31	6.93122
1130.44	6.89328
1130.57	6.84715
1130.7	6.79438
1130.83	6.73254
1130.96	6.64326
1131.1	6.53321
1131.23	6.41483
1131.36	6.29809
1131.49	6.1734
1131.62	6.05109
1131.75	5.93029
1131.89	5.80404
1132.02	5.68969
1132.15	5.60201
1132.28	5.54272
1132.41	5.52732
1132.54	5.53356
1132.67	5.55919
1132.81	5.60452
1132.94	5.66024
1133.07	5.73861
1133.2	5.84186
1133.33	5.97055
1133.46	6.10929
1133.59	6.25264
1133.73	6.39792
1133.86	6.55279
1133.99	6.7385
1134.12	6.93179
1134.25	7.11895
1134.38	7.3247
1134.51	7.52836
1134.64	7.72666
1134.78	7.91664
1134.91	8.10153
1135.04	8.2821
1135.17	8.46196
1135.3	8.63624
1135.43	8.79153
1135.56	8.93106
1135.69	9.05922
1135.83	9.17506
1135.96	9.25429
1136.09	9.31229
1136.22	9.33915
1136.35	9.31838
1136.48	9.2597
1136.61	9.17695
1136.74	9.07257
1136.88	8.94177
1137.01	8.77264
1137.14	8.565
1137.27	8.33577
1137.4	8.09183
1137.53	7.82969
1137.66	7.56228
1137.79	7.31107
1137.92	7.07291
1138.06	6.86416
1138.19	6.67593
1138.32	6.50361
1138.45	6.38504
1138.58	6.30306
1138.71	6.24462
1138.84	6.20939
1138.97	6.19453
1139.1	6.2052
1139.23	6.25902
1139.37	6.33446
1139.5	6.41053
1139.63	6.49352
1139.76	6.57956
1139.89	6.65117
1140.02	6.71999
1140.15	6.77249
1140.28	6.81475
1140.41	6.85311
1140.54	6.87404
1140.67	6.86682
1140.81	6.84503
1140.94	6.81641
1141.07	6.7825
1141.2	6.74258
1141.33	6.68181
1141.46	6.60805
1141.59	6.52502
1141.72	6.4175
1141.85	6.30256
1141.98	6.18914
1142.11	6.07536
1142.24	5.94311
1142.37	5.79377
1142.51	5.63165
1142.55	5.5883
1142.68	5.38935
1142.81	5.18193
1142.94	4.97267
1143.08	4.75449
1143.21	4.55771
1143.34	4.39195
1143.47	4.245
1143.6	4.1272
1143.73	4.03383
1143.86	3.97445
1144	3.95538
1144.13	3.97793
1144.26	4.05234
1144.39	4.17199
1144.52	4.3307
1144.65	4.51555
1144.78	4.71802
1144.92	4.9466
1145.05	5.20703
1145.18	5.5047
1145.31	5.80936
1145.44	6.13246
1145.57	6.47437
1145.7	6.79245
1145.83	7.09974
1145.97	7.39344
1146.1	7.66643
1146.23	7.92253
1146.36	8.16582
1146.49	8.38935
1146.62	8.58762
1146.75	8.75884
1146.88	8.91237
1147.02	9.05076
1147.15	9.16248
1147.28	9.25744
1147.41	9.34021
1147.54	9.41075
1147.67	9.48251
1147.8	9.54673
1147.93	9.60111
1148.06	9.64859
1148.19	9.67838
1148.33	9.70274
1148.46	9.69703
1148.59	9.66512
1148.72	9.60294
1148.85	9.52538
1148.98	9.4488
1149.11	9.35912
1149.24	9.25171
1149.37	9.12197
1149.51	8.97628
1149.64	8.85007
1149.77	8.71145
1149.9	8.56675
1150.03	8.43209
1150.16	8.31222
1150.29	8.2129
1150.42	8.13378
1150.55	8.05877
1150.68	7.98355
1150.81	7.917
1150.95	7.86162
1151.08	7.81089
1151.21	7.76872
1151.34	7.70663
1151.47	7.6421
1151.6	7.58168
1151.73	7.50891
1151.86	7.41287
1151.99	7.32886
1152.12	7.25192
1152.25	7.17801
1152.38	7.11932
1152.52	7.07059
1152.65	7.04253
1152.78	7.02128
1152.91	6.99227
1153.04	6.97627
1153.17	6.98557
1153.3	7.01891
1153.43	7.05383
1153.56	7.09699
1153.69	7.13846
1153.82	7.18057
1153.95	7.23245
1154.08	7.2871
1154.21	7.33856
1154.34	7.38117
1154.48	7.43561
1154.61	7.48975
1154.74	7.5232
1154.87	7.5491
1155	7.57411
1155.13	7.60041
1155.26	7.62755
1155.39	7.64346
1155.52	7.64356
1155.65	7.62763
1155.78	7.58919
1155.91	7.52877
1156.04	7.43492
1156.17	7.32027
1156.3	7.20336
1156.43	7.07988
1156.56	6.95233
1156.69	6.83097
1156.82	6.71141
1156.96	6.58264
1157.09	6.47321
1157.22	6.38007
1157.35	6.3113
1157.48	6.26897
1157.61	6.25276
1157.74	6.24221
1157.87	6.24129
1158	6.24749
1158.13	6.26861
1158.26	6.30181
1158.39	6.33044
1158.52	6.36764
1158.65	6.42595
1158.78	6.49433
1158.91	6.57476
1159.04	6.65707
1159.17	6.76615
1159.3	6.90149
1159.43	7.05164
1159.56	7.18872
1159.69	7.32108
1159.82	7.46197
1159.95	7.60748
1160.08	7.7737
1160.21	7.94285
1160.34	8.11091
1160.47	8.27193
1160.6	8.42408
1160.73	8.56392
1160.86	8.70075
1160.99	8.81727
1161.12	8.93959
1161.25	9.07671
1161.38	9.20993
1161.51	9.34332
1161.64	9.47191
1161.77	9.59615
1161.9	9.71595
1162.03	9.83529
1162.16	9.96857
1162.29	10.1158
1162.42	10.257
1162.55	10.3784
1162.68	10.4954
1162.81	10.5895
1162.94	10.6488
1163.07	10.6737
1163.2	10.7007
1163.33	10.7113
1163.46	10.7235
1163.59	10.7448
1163.72	10.751
1163.85	10.7407
1163.98	10.695
1164.11	10.6178
1164.24	10.5046
1164.37	10.3718
1164.5	10.2169
1164.63	10.0345
1164.76	9.82688
1164.89	9.5853
1165.02	9.32242
1165.15	9.0322
1165.28	8.69989
1165.41	8.33771
1165.54	7.9596
1165.67	7.56735
1165.8	7.17363
1165.93	6.77212
1166.06	6.38759
1166.19	6.03499
1166.32	5.71035
1166.45	5.41454
1166.58	5.15304
1166.71	4.94242
1166.84	4.78459
1166.97	4.67013
1167.1	4.60628
1167.23	4.58116
1167.36	4.60756
1167.49	4.68233
1167.62	4.79694
1167.75	4.95373
1167.88	5.14021
1168.01	5.34553
1168.14	5.56384
1168.27	5.8191
1168.39	6.10402
1168.49	6.31421
1168.62	6.63898
1168.75	6.96679
1168.88	7.28941
1169.01	7.60935
1169.14	7.91334
1169.27	8.19914
1169.4	8.45121
1169.53	8.66031
1169.66	8.83808
1169.79	8.98143
1169.92	9.0679
1170.05	9.11352
1170.18	9.11272
1170.31	9.08423
1170.44	9.01795
1170.57	8.90514
1170.7	8.73753
1170.83	8.54664
1170.96	8.33345
1171.09	8.10254
1171.22	7.87657
1171.35	7.63178
1171.48	7.39476
1171.61	7.16689
1171.74	6.92989
1171.87	6.71195
1172	6.52007
1172.13	6.37582
1172.26	6.27891
1172.39	6.23338
1172.52	6.2178
1172.65	6.24492
1172.78	6.30338
1172.91	6.40221
1173.04	6.54409
1173.17	6.72245
1173.3	6.93913
1173.43	7.19872
1173.56	7.47087
1173.69	7.75123
1173.82	8.04099
1173.95	8.30719
1174.08	8.54166
1174.21	8.74626
1174.34	8.93493
1174.47	9.08856
1174.6	9.22084
1174.73	9.31786
1174.86	9.37223
1174.99	9.39181
1175.12	9.35407
1175.25	9.27001
1175.38	9.13675
1175.51	8.96208
1175.64	8.7522
1175.77	8.50716
1175.9	8.23051
1176.03	7.9413
1176.16	7.65746
1176.29	7.36398
1176.42	7.06861
1176.55	6.78631
1176.68	6.53354
1176.81	6.30341
1176.94	6.10346
1177.07	5.9185
1177.2	5.76914
1177.33	5.65053
1177.46	5.56198
1177.59	5.48982
1177.72	5.45823
1177.85	5.46878
1177.98	5.51073
1178.11	5.57859
1178.24	5.67819
1178.37	5.81214
1178.5	5.9742
1178.63	6.15318
1178.75	6.3381
1178.88	6.51661
1179.01	6.68373
1179.14	6.82769
1179.27	6.94005
1179.4	7.04323
1179.53	7.13333
1179.66	7.20478
1179.79	7.2551
1179.92	7.27466
1180.05	7.26226
1180.18	7.22002
1180.31	7.1497
1180.44	7.06151
1180.57	6.93496
1180.7	6.76999
1180.83	6.59343
1180.96	6.40882
1181.09	6.23078
1181.22	6.06317
1181.35	5.90259
1181.48	5.76089
1181.6	5.63439
1181.73	5.52049
1181.86	5.43815
1181.99	5.40324
1182.12	5.40279
1182.25	5.43776
1182.38	5.51394
1182.51	5.61152
1182.64	5.74323
1182.77	5.9157
1182.9	6.09175
1183.03	6.3068
1183.16	6.54351
1183.29	6.81538
1183.41	7.08461
1183.54	7.35396
1183.67	7.6043
1183.8	7.8577
1183.93	8.10935
1184.06	8.35663
1184.19	8.57815
1184.32	8.76846
1184.45	8.94061
1184.58	9.1006
1184.71	9.2361
1184.84	9.34696
1184.97	9.43514
1185.09	9.48255
1185.22	9.49385
1185.35	9.47954
1185.48	9.4421
1185.61	9.38775
1185.74	9.31524
1185.87	9.23944
1186	9.16014
1186.13	9.07937
1186.26	8.96719
1186.39	8.82586
1186.51	8.6516
1186.64	8.42982
1186.77	8.18155
1186.9	7.90437
1187.03	7.60509
1187.16	7.30127
1187.29	6.98629
1187.42	6.65171
1187.55	6.32339
1187.68	5.99836
1187.8	5.67135
1187.93	5.34973
1188.06	5.03402
1188.19	4.72542
1188.32	4.4332
1188.45	4.15446
1188.58	3.88905
1188.71	3.61862
1188.84	3.37957
1188.96	3.16031
1189.09	2.95873
1189.22	2.7793
1189.35	2.62549
1189.48	2.50208
1189.61	2.4015
1189.74	2.32779
1189.87	2.26746
1189.99	2.22145
1190.12	2.19192
1190.25	2.18216
1190.38	2.18872
1190.51	2.23038
1190.64	2.29721
1190.77	2.38734
1190.9	2.5049
1191.02	2.64001
1191.15	2.78737
1191.28	2.94793
1191.41	3.12406
1191.54	3.2967
1191.67	3.44145
1191.8	3.57037
1191.92	3.70406
1192.05	3.84721
1192.18	3.99859
1192.31	4.12349
1192.44	4.21594
1192.57	4.27646
1192.7	4.30189
1192.83	4.30806
1192.95	4.30974
1193.08	4.28863
1193.21	4.24589
1193.34	4.1808
1193.47	4.10676
1193.6	4.01696
1193.72	3.93616
1193.85	3.87503
1193.98	3.82296
1194.11	3.79127
1194.24	3.75532
1194.37	3.74402
1194.5	3.72415
1194.62	3.71396
1194.75	3.72752
1194.88	3.78969
1195.01	3.88016
1195.14	3.98437
1195.27	4.0953
1195.4	4.21817
1195.52	4.3637
1195.54	4.39106
1195.67	4.54619
1195.8	4.71089
1195.93	4.88451
1196.06	5.06425
1196.19	5.24648
1196.32	5.43978
1196.45	5.62514
1196.58	5.80753
1196.7	5.98053
1196.83	6.16603
1196.96	6.34388
1197.09	6.51462
1197.22	6.63887
1197.35	6.72036
1197.48	6.76316
1197.61	6.75744
1197.74	6.72507
1197.87	6.65907
1197.99	6.563
1198.12	6.43993
1198.25	6.2976
1198.38	6.13091
1198.51	5.96014
1198.64	5.75891
1198.77	5.54658
1198.9	5.33778
1199.03	5.11977
1199.15	4.90063
1199.28	4.68693
1199.41	4.48819
1199.54	4.30331
1199.67	4.13373
1199.8	4.00748
1199.93	3.91763
1200.06	3.85827
1200.19	3.81507
1200.31	3.7847
1200.44	3.77653
1200.57	3.78989
1200.7	3.83326
1200.83	3.89363
1200.96	3.97915
1201.09	4.0885
1201.22	4.19067
1201.34	4.29645
1201.47	4.40826
1201.6	4.5082
1201.73	4.60841
1201.86	4.70545
1201.99	4.79689
1202.12	4.87486
1202.24	4.95648
1202.37	5.03099
1202.5	5.06971
1202.63	5.07385
1202.76	5.05465
1202.89	5.02433
1203.02	4.98532
1203.15	4.93175
1203.27	4.84527
1203.4	4.72872
1203.53	4.59574
1203.66	4.45405
1203.79	4.31499
1203.92	4.17218
1204.04	4.01164
1204.17	3.84519
1204.3	3.6805
1204.43	3.52561
1204.56	3.38419
1204.69	3.28185
1204.82	3.21264
1204.94	3.17462
1205.07	3.15425
1205.2	3.14988
1205.33	3.1714
1205.46	3.19991
1205.59	3.25028
1205.71	3.32842
1205.84	3.43711
1205.97	3.54247
1206.1	3.63422
1206.23	3.70743
1206.36	3.75126
1206.48	3.76569
1206.61	3.7371
1206.74	3.6748
1206.87	3.57773
1207	3.45282
1207.13	3.31257
1207.25	3.16396
1207.38	2.99439
1207.51	2.79375
1207.64	2.58726
1207.77	2.38612
1207.9	2.19534
1208.02	2.01283
1208.15	1.84348
1208.28	1.68321
1208.41	1.54392
1208.54	1.41686
1208.67	1.30861
1208.79	1.22121
1208.92	1.15414
1209.05	1.12077
1209.18	1.12323
1209.31	1.16665
1209.43	1.23635
1209.56	1.34651
1209.69	1.46755
1209.82	1.62282
1209.95	1.7858
1210.07	1.94149
1210.2	2.08546
1210.33	2.22252
1210.46	2.35551
1210.59	2.48441
1210.71	2.60983
1210.84	2.73281
1210.97	2.84364
1211.1	2.9142
1211.23	2.9352
1211.35	2.91282
1211.48	2.85368
1211.61	2.7512
1211.74	2.61948
1211.87	2.45079
1211.99	2.25309
1212.12	2.02973
1212.25	1.77744
1212.38	1.49451
1212.51	1.19022
1212.63	0.867769
1212.76	0.539436
1212.89	0.21387
1213.02	-0.0784066
1213.14	-0.329642
1213.27	-0.531536
1213.4	-0.693474
1213.53	-0.814904
1213.66	-0.892852
1213.78	-0.929626
1213.91	-0.91529
1214.04	-0.8498
1214.17	-0.719076
1214.29	-0.529969
1214.42	-0.279279
1214.55	0.0316825
1214.68	0.394263
1214.81	0.798795
1214.93	1.21835
1215.06	1.64396
1215.19	2.08001
1215.32	2.51341
1215.44	2.92866
1215.57	3.31599
1215.7	3.67921
1215.83	3.98969
1215.95	4.28121
1216.08	4.49255
1216.21	4.61787
1216.34	4.66255
1216.46	4.64001
1216.59	4.55397
1216.72	4.41751
1216.85	4.2373
1216.97	4.00728
1217.1	3.72931
1217.23	3.40963
1217.36	3.06137
1217.49	2.68997
1217.61	2.29621
1217.74	1.88176
1217.87	1.45065
1217.99	1.04163
1218.12	0.647312
1218.25	0.289709
1218.38	-0.0481642
1218.5	-0.350893
1218.63	-0.606577
1218.76	-0.80366
1218.89	-0.957287
1219.01	-1.07191
1219.14	-1.13504
1219.27	-1.14079
1219.4	-1.09173
1219.52	-1.0118
1219.65	-0.886609
1219.78	-0.736371
1219.91	-0.558984
1220.03	-0.350952
1220.16	-0.111226
1220.29	0.144447
1220.41	0.41514
1220.54	0.704845
1220.67	0.994901
1220.8	1.30631
1220.92	1.60175
1221.05	1.88282
1221.18	2.1437
1221.3	2.38375
1221.34	2.45056
1221.46	2.67473
1221.59	2.8842
1221.72	3.08464
1221.85	3.26374
1221.98	3.41109
1222.1	3.53102
1222.23	3.61989
1222.36	3.67413
1222.49	3.68668
1222.62	3.67752
1222.74	3.6411
1222.87	3.58503
1223	3.50491
1223.13	3.40691
1223.26	3.29016
1223.38	3.16862
1223.51	3.03366
1223.64	2.88887
1223.77	2.74133
1223.89	2.62079
1224.02	2.52234
1224.15	2.43001
1224.28	2.34726
1224.41	2.26396
1224.53	2.15478
1224.66	2.02004
1224.79	1.86407
1224.92	1.69537
1225.04	1.53582
1225.17	1.37007
1225.3	1.19827
1225.43	1.01813
1225.56	0.838844
1225.68	0.657121
1225.81	0.474056
1225.94	0.294923
1226.07	0.131973
1226.19	-0.0263519
1226.32	-0.175476
1226.45	-0.310934
1226.58	-0.429323
1226.7	-0.534548
1226.83	-0.613194
1226.96	-0.667723
1227.09	-0.708036
1227.21	-0.7238
1227.34	-0.726654
1227.47	-0.728407
1227.6	-0.716378
1227.72	-0.685883
1227.85	-0.63019
1227.98	-0.557769
1228.11	-0.459045
1228.23	-0.338953
1228.36	-0.206816
1228.49	-0.0815937
1228.62	0.0363935
1228.74	0.151391
1228.87	0.265762
1229	0.372962
1229.13	0.496411
1229.25	0.621775
1229.38	0.74382
1229.51	0.864655
1229.64	0.993121
1229.76	1.10179
1229.89	1.19222
1230.02	1.28895
1230.15	1.38392
1230.27	1.48272
1230.4	1.56432
1230.53	1.64859
1230.66	1.73004
1230.78	1.80155
1230.91	1.86287
1231.04	1.9093
1231.17	1.92874
1231.29	1.93686
1231.42	1.93206
1231.55	1.9122
1231.67	1.88721
1231.8	1.84364
1231.93	1.79327
1232.06	1.73873
1232.18	1.67374
1232.31	1.60372
1232.44	1.54245
1232.56	1.49149
1232.69	1.45742
1232.82	1.42717
1232.95	1.41282
1233.07	1.42191
1233.2	1.44343
1233.33	1.46425
1233.45	1.47933
1233.58	1.49935
1233.71	1.51414
1233.84	1.52413
1233.96	1.52768
1234.09	1.52626
1234.22	1.51345
1234.34	1.49208
1234.47	1.44925
1234.6	1.38675
1234.72	1.32291
1234.85	1.28726
1234.98	1.2613
1235.11	1.21997
1235.23	1.17437
1235.36	1.10703
1235.49	1.02002
1235.61	0.930258
1235.74	0.824868
1235.87	0.722102
1235.99	0.617859
1236.12	0.499528
1236.25	0.381292
1236.37	0.269164
1236.5	0.166114
1236.63	0.0690976
1236.76	-0.0158923
1236.88	-0.0930566
1237.01	-0.159744
1237.14	-0.207953
1237.26	-0.243381
1237.39	-0.285885
1237.52	-0.318257
1237.64	-0.332175
1237.77	-0.309088
1237.9	-0.252645
1238.02	-0.180741
1238.15	-0.0953228
1238.28	-0.0246747
1238.4	0.0479963
1238.53	0.134045
1238.66	0.232267
1238.78	0.349188
1238.91	0.480475
1239.04	0.625711
1239.16	0.778285
1239.29	0.927874
1239.42	1.07731
1239.54	1.22651
1239.67	1.36422
1239.8	1.49066
1239.92	1.62027
1240.05	1.74556
1240.18	1.85372
1240.3	1.94296
1240.43	2.01954
1240.56	2.09578
1240.68	2.15128
1240.81	2.1876
1240.94	2.21143
1241.06	2.2188
1241.19	2.22392
1241.32	2.22885
1241.44	2.23871
1241.57	2.25594
1241.7	2.26479
1241.82	2.2752
1241.95	2.28853
1242.08	2.31131
1242.2	2.33592
1242.33	2.34935
1242.45	2.36569
1242.58	2.37859
1242.71	2.39651
1242.83	2.42734
1242.96	2.45816
1243.09	2.47234
1243.21	2.46521
1243.34	2.45092
1243.47	2.41035
1243.59	2.35637
1243.72	2.28199
1243.84	2.19736
1243.97	2.11054
1244.1	2.01441
1244.22	1.89987
1244.35	1.78457
1244.48	1.66537
1244.6	1.54151
1244.73	1.42918
1244.85	1.31502
1244.98	1.19276
1245.11	1.05904
1245.23	0.929516
1245.36	0.808336
1245.49	0.70345
1245.61	0.627255
1245.74	0.590186
1245.86	0.569291
1245.99	0.564784
1246.12	0.582198
1246.24	0.613308
1246.37	0.677782
1246.5	0.782656
1246.62	0.896885
1246.75	1.03719
1246.87	1.18116
1247	1.33462
1247.13	1.50143
1247.25	1.66437
1247.38	1.8057
1247.5	1.93797
1247.63	2.06796
1247.66	2.07183
1247.79	2.20036
1247.91	2.32648
1248.04	2.43041
1248.17	2.50343
1248.29	2.56694
1248.42	2.60931
1248.55	2.63913
1248.67	2.64942
1248.8	2.63093
1248.93	2.57579
1249.05	2.48817
1249.18	2.39279
1249.31	2.26591
1249.43	2.11096
1249.56	1.93572
1249.69	1.74543
1249.82	1.5393
1249.94	1.32719
1250.07	1.11647
1250.2	0.91986
1250.32	0.73906
1250.45	0.574532
1250.58	0.431827
1250.7	0.307049
1250.83	0.195856
1250.96	0.116205
1251.08	0.0732318
1251.21	0.0651821
1251.33	0.109526
1251.46	0.169092
1251.59	0.250795
1251.71	0.354387
1251.84	0.481435
1251.97	0.630617
1252.09	0.78496
1252.22	0.925615
1252.35	1.05964
1252.47	1.17733
1252.6	1.30046
1252.73	1.42164
1252.85	1.53418
1252.98	1.62423
1253.11	1.70342
1253.23	1.78289
1253.36	1.862
1253.49	1.95826
1253.61	2.0643
1253.74	2.16565
1253.86	2.26293
1253.99	2.36734
1254.12	2.48153
1254.24	2.58144
1254.37	2.6809
1254.5	2.76811
1254.62	2.85013
1254.75	2.93362
1254.88	3.0189
1255	3.10887
1255.13	3.21687
1255.25	3.32428
1255.38	3.44325
1255.51	3.57896
1255.63	3.70423
1255.76	3.82387
1255.89	3.93276
1256.01	4.04588
1256.14	4.15372
1256.26	4.24304
1256.39	4.32004
1256.52	4.39295
1256.64	4.44771
1256.77	4.48277
1256.89	4.49618
1257.02	4.48648
1257.15	4.46704
1257.27	4.4397
1257.4	4.38753
1257.53	4.32434
1257.65	4.24105
1257.78	4.13828
1257.9	4.01421
1258.03	3.86001
1258.16	3.67643
1258.28	3.48102
1258.41	3.2774
1258.53	3.0615
1258.66	2.82644
1258.79	2.60528
1258.91	2.39484
1259.04	2.18096
1259.16	1.98825
1259.29	1.80332
1259.42	1.64025
1259.54	1.499
1259.67	1.38177
1259.79	1.28501
1259.92	1.22908
1260.05	1.19882
1260.17	1.18237
1260.3	1.2002
1260.42	1.23793
1260.55	1.29532
1260.67	1.36568
1260.8	1.45758
1260.93	1.55135
1261.05	1.64423
1261.18	1.72704
1261.3	1.78804
1261.43	1.82625
1261.56	1.84159
1261.68	1.84486
1261.81	1.83663
1261.93	1.81758
1262.06	1.78251
1262.18	1.75077
1262.31	1.70045
1262.44	1.65029
1262.56	1.59504
1262.69	1.538
1262.81	1.46619
1262.94	1.36844
1263.06	1.24867
1263.19	1.12109
1263.32	0.986281
1263.44	0.857083
1263.57	0.716621
1263.69	0.58431
1263.82	0.462738
1263.94	0.350163
1264.07	0.240199
1264.2	0.151642
1264.32	0.0884052
1264.45	0.0561358
1264.57	0.0534293
1264.7	0.0917724
1264.82	0.169405
1264.95	0.263374
1265.07	0.369684
1265.2	0.490318
1265.33	0.620022
1265.45	0.751893
1265.58	0.893109
1265.7	1.04474
1265.83	1.20154
1265.95	1.36259
1266.08	1.51398
1266.2	1.67272
1266.33	1.8321
1266.45	1.98255
1266.58	2.12459
1266.71	2.25184
1266.83	2.36959
1266.96	2.46513
1267.08	2.53143
1267.21	2.59551
1267.33	2.65902
1267.46	2.70513
1267.58	2.74306
1267.71	2.77221
1267.83	2.79291
1267.96	2.80669
1268.08	2.81705
1268.21	2.82058
1268.33	2.82266
1268.46	2.82834
1268.59	2.84535
1268.71	2.8867
1268.84	2.94685
1268.96	3.01972
1269.09	3.10521
1269.21	3.19554
1269.34	3.2901
1269.46	3.38429
1269.59	3.51032
1269.71	3.64623
1269.84	3.77396
1269.96	3.91276
1270.09	4.0457
1270.21	4.16919
1270.34	4.27174
1270.46	4.34712
1270.59	4.39363
1270.71	4.42586
1270.84	4.44192
1270.96	4.45348
1271.09	4.45583
1271.21	4.44143
1271.34	4.40963
1271.46	4.35447
1271.59	4.28172
1271.71	4.16788
1271.84	4.01509
1271.96	3.81675
1272.09	3.59848
1272.21	3.35178
1272.34	3.08122
1272.46	2.79158
1272.59	2.48256
1272.71	2.16888
1272.84	1.84595
1272.96	1.52774
1273.09	1.2171
1273.21	0.927789
1273.34	0.659677
1273.46	0.41385
1273.59	0.182732
1273.71	-0.0274234
1273.84	-0.21664
1273.96	-0.384341
1274.08	-0.522706
1274.2	-0.655281
1274.33	-0.76888
1274.46	-0.83687
1274.58	-0.894925
1274.71	-0.945853
1274.83	-0.98481
1274.96	-0.99543
1275.08	-0.978024
1275.21	-0.923211
1275.33	-0.846751
1275.46	-0.73978
1275.59	-0.611323
1275.71	-0.472155
1275.84	-0.319597
1275.96	-0.156188
1276.09	0.0184788
1276.21	0.195238
1276.34	0.385408
1276.46	0.580287
1276.59	0.775284
1276.72	0.962852
1276.84	1.14417
1276.97	1.33059
1277.09	1.51368
1277.22	1.69775
1277.34	1.86818
1277.47	2.02557
1277.59	2.16593
1277.72	2.28536
1277.84	2.3803
1277.97	2.47248
1278.09	2.54018
1278.22	2.58681
1278.35	2.62515
1278.47	2.65322
1278.6	2.66972
1278.72	2.66236
1278.85	2.63296
1278.97	2.58075
1279.1	2.50589
1279.22	2.42366
1279.35	2.348
1279.47	2.28481
1279.6	2.21264
1279.72	2.14168
1279.85	2.06232
1279.97	1.9736
1280.1	1.89746
1280.22	1.82459
1280.35	1.77178
1280.48	1.71702
1280.6	1.65517
1280.72	1.6033
1280.85	1.5528
1280.98	1.49748
1281.1	1.43088
1281.23	1.34127
1281.35	1.23872
1281.48	1.15356
1281.6	1.08764
1281.73	1.03429
1281.85	0.986329
1281.98	0.951868
1282.1	0.920193
1282.23	0.89829
1282.35	0.898018
1282.48	0.910596
1282.6	0.940989
1282.73	0.9832
1282.85	1.04943
1282.98	1.12054
1283.1	1.20242
1283.23	1.29768
1283.35	1.3991
1283.48	1.50764
1283.6	1.61347
1283.73	1.7255
1283.85	1.84794
1283.98	1.97994
1284.1	2.12888
1284.23	2.2891
1284.35	2.46064
1284.48	2.6416
1284.6	2.83198
1284.73	3.01951
1284.85	3.20466
1284.98	3.39341
1285.1	3.59257
1285.22	3.80769
1285.35	4.00022
1285.47	4.18607
1285.6	4.37392
1285.72	4.56452
1285.85	4.75689
1285.97	4.93964
1286.1	5.10369
1286.22	5.25945
1286.35	5.39244
1286.47	5.48725
1286.6	5.55374
1286.72	5.60181
1286.85	5.61346
1286.97	5.60053
1287.1	5.56811
1287.22	5.50877
1287.35	5.4178
1287.47	5.2901
1287.59	5.14552
1287.72	4.99071
1287.84	4.82241
1287.97	4.65325
1288.09	4.47624
1288.22	4.30273
1288.34	4.11426
1288.47	3.92785
1288.59	3.74326
1288.72	3.57128
1288.84	3.40318
1288.96	3.2637
1289.09	3.15847
1289.21	3.09579
1289.34	3.06478
1289.46	3.05912
1289.59	3.08119
1289.71	3.11332
1289.84	3.1619
1289.96	3.24224
1290.09	3.34537
1290.21	3.47293
1290.33	3.61778
1290.46	3.78821
1290.58	3.96783
1290.71	4.16691
1290.83	4.39825
1290.96	4.64055
1291.08	4.90472
1291.2	5.16614
1291.33	5.43035
1291.45	5.70775
1291.58	5.98891
1291.7	6.25949
1291.83	6.50496
1291.95	6.72445
1292.08	6.93873
1292.2	7.16013
1292.32	7.36408
1292.45	7.5285
1292.57	7.64858
1292.7	7.72213
1292.82	7.75071
1292.95	7.74418
1293.07	7.70221
1293.19	7.61967
1293.32	7.49021
1293.44	7.30664
1293.57	7.07974
1293.69	6.81253
1293.81	6.52018
1293.94	6.21036
1294.06	5.87931
1294.19	5.53253
1294.31	5.16754
1294.44	4.7921
1294.56	4.41096
1294.68	4.03657
1294.81	3.673
1294.93	3.3208
1295.06	2.98839
1295.18	2.66941
1295.3	2.38017
1295.43	2.10123
1295.55	1.8451
1295.68	1.6141
1295.8	1.41659
1295.92	1.24817
1296.05	1.08891
1296.17	0.965555
1296.3	0.887319
1296.42	0.859196
1296.54	0.875871
1296.67	0.92989
1296.79	1.03095
1296.92	1.17344
1297.04	1.34431
1297.16	1.5419
1297.29	1.77961
1297.41	2.04702
1297.54	2.32887
1297.66	2.65285
1297.78	3.01122
1297.91	3.38886
1298.03	3.77375
1298.16	4.15552
1298.28	4.55591
1298.4	4.95094
1298.53	5.32884
1298.65	5.6873
1298.77	6.02506
1298.9	6.31059
1299.02	6.53506
1299.15	6.72155
1299.27	6.86306
1299.39	6.95718
1299.52	7.00522
1299.64	7.02962
1299.76	7.03867
1299.89	7.03496
1299.97	7.0261
1300.09	6.98173
1300.22	6.91592
1300.34	6.81256
1300.46	6.70401
1300.59	6.58373
1300.71	6.4371
1300.84	6.28264
1300.96	6.1284
1301.09	5.97062
1301.21	5.81926
1301.34	5.68544
1301.46	5.56753
1301.58	5.46412
1301.71	5.37733
1301.83	5.2945
1301.96	5.21865
1302.08	5.1534
1302.21	5.088
1302.33	5.01666
1302.45	4.95337
1302.58	4.91856
1302.7	4.92217
1302.83	4.94738
1302.95	4.98647
1303.08	5.02585
1303.2	5.07608
1303.32	5.13184
1303.45	5.19177
1303.57	5.23981
1303.7	5.27722
1303.82	5.31219
1303.94	5.32687
1304.07	5.31928
1304.19	5.28615
1304.32	5.2307
1304.44	5.16159
1304.57	5.07772
1304.69	4.96783
1304.81	4.81607
1304.94	4.63183
1305.06	4.42739
1305.19	4.20865
1305.31	3.98213
1305.43	3.73304
1305.56	3.47749
1305.68	3.21759
1305.81	2.95201
1305.93	2.68966
1306.05	2.4303
1306.18	2.17616
1306.3	1.94079
1306.43	1.71643
1306.55	1.49875
1306.67	1.2902
1306.8	1.10238
1306.92	0.920961
1307.05	0.754152
1307.17	0.597109
1307.29	0.462076
1307.42	0.345246
1307.54	0.242386
1307.67	0.152178
1307.79	0.0774293
1307.91	0.0163501
1308.04	-0.0354105
1308.16	-0.07096
1308.29	-0.0786988
1308.41	-0.0671366
1308.53	-0.0414438
1308.66	0.0115028
1308.78	0.0903666
1308.9	0.204803
1309.03	0.325844
1309.15	0.451525
1309.28	0.576819
1309.4	0.695595
1309.52	0.778112
1309.65	0.850096
1309.77	0.905411
1309.9	0.936394
1310.02	0.942803
1310.14	0.932583
1310.27	0.927833
1310.39	0.913889
1310.51	0.876073
1310.64	0.817229
1310.76	0.75195
1310.88	0.678688
1311.01	0.582795
1311.13	0.486618
1311.26	0.377107
1311.38	0.253082
1311.5	0.127525
1311.63	0.00471981
1311.75	-0.0963914
1311.87	-0.169558
1312	-0.220541
1312.12	-0.257803
1312.24	-0.26545
1312.37	-0.247682
1312.49	-0.206031
1312.61	-0.156629
1312.74	-0.101965
1312.86	-0.0300134
1312.99	0.0618747
1313.11	0.185762
1313.23	0.341211
1313.36	0.517404
1313.48	0.710349
1313.6	0.931643
1313.73	1.16157
1313.85	1.39593
1313.97	1.61467
1314.1	1.81253
1314.22	1.99274
1314.34	2.18048
1314.47	2.36858
1314.59	2.53235
1314.71	2.68826
1314.84	2.81864
1314.96	2.92944
1315.08	3.02211
1315.21	3.0868
1315.33	3.11401
1315.45	3.10229
1315.58	3.08177
1315.7	3.05434
1315.82	3.00879
1315.95	2.9456
1316.07	2.8616
1316.19	2.7653
1316.32	2.64818
1316.44	2.51611
1316.56	2.37159
1316.69	2.22404
1316.81	2.08356
1316.93	1.96462
1317.06	1.8684
1317.18	1.78107
1317.3	1.70917
1317.43	1.63938
1317.55	1.57511
1317.67	1.52067
1317.79	1.47386
1317.92	1.43351
1318.04	1.40345
1318.16	1.37846
1318.29	1.35632
1318.41	1.33624
1318.53	1.31499
1318.66	1.29989
1318.78	1.28387
1318.9	1.25899
1319.03	1.22107
1319.15	1.19134
1319.27	1.18454
1319.4	1.19885
1319.52	1.22478
1319.64	1.26005
1319.76	1.31112
1319.89	1.36111
1320.01	1.4143
1320.13	1.48215
1320.26	1.56932
1320.38	1.66921
1320.5	1.78419
1320.63	1.93877
1320.75	2.11516
1320.87	2.32989
1320.99	2.55357
1321.12	2.77655
1321.24	3.01342
1321.36	3.26804
1321.48	3.51869
1321.61	3.76976
1321.73	4.02094
1321.85	4.27604
1321.98	4.52396
1322.1	4.75417
1322.22	4.96427
1322.35	5.16602
1322.47	5.32761
1322.59	5.44923
1322.71	5.526
1322.84	5.57659
1322.96	5.57968
1323.08	5.53374
1323.2	5.42644
1323.33	5.27307
1323.45	5.08158
1323.57	4.84187
1323.7	4.57338
1323.82	4.28133
1323.94	3.96967
1324.06	3.64353
1324.19	3.30908
1324.31	2.94865
1324.43	2.5673
1324.55	2.16628
1324.68	1.75834
1324.8	1.36026
1324.92	0.979068
1325.04	0.601379
1325.14	0.306288
1325.27	-0.0250947
1325.39	-0.331184
1325.51	-0.608768
1325.64	-0.855709
1325.76	-1.06543
1325.88	-1.23597
1326.01	-1.35886
1326.13	-1.42951
1326.25	-1.47349
1326.38	-1.47363
1326.5	-1.41955
1326.62	-1.31748
1326.75	-1.17689
1326.87	-1.00432
1326.99	-0.807131
1327.12	-0.591078
1327.24	-0.35751
1327.36	-0.11311
1327.49	0.152652
1327.61	0.437156
1327.73	0.714237
1327.86	0.987056
1327.98	1.26696
1328.1	1.55835
1328.22	1.82922
1328.35	2.0866
1328.47	2.32982
1328.59	2.56676
1328.72	2.78528
1328.84	2.98471
1328.96	3.16554
1329.09	3.33544
1329.21	3.49346
1329.33	3.61969
1329.46	3.7052
1329.58	3.75111
1329.7	3.78142
1329.82	3.78843
1329.95	3.77894
1330.07	3.7435
1330.19	3.69406
1330.32	3.62453
1330.44	3.52418
1330.56	3.40936
1330.69	3.27893
1330.81	3.12019
1330.93	2.95011
1331.05	2.78192
1331.18	2.63087
1331.3	2.46504
1331.42	2.31137
1331.55	2.14632
1331.67	1.96655
1331.79	1.78945
1331.91	1.61545
1332.04	1.44951
1332.16	1.31262
1332.28	1.20016
1332.41	1.11798
1332.53	1.06338
1332.65	1.02687
1332.77	1.01566
1332.9	1.02031
1333.02	1.02033
1333.14	1.04623
1333.27	1.09549
1333.39	1.15649
1333.51	1.21188
1333.63	1.2782
1333.76	1.36531
1333.88	1.47609
1334	1.59016
1334.13	1.71231
1334.25	1.85968
1334.37	2.02872
1334.49	2.20421
1334.62	2.38505
1334.74	2.57214
1334.86	2.75591
1334.98	2.93697
1335.11	3.1148
1335.23	3.27918
1335.35	3.42852
1335.47	3.55369
1335.6	3.65501
1335.72	3.73873
1335.84	3.82231
1335.96	3.90378
1336.09	3.96048
1336.21	4.01074
1336.33	4.04494
1336.45	4.05937
1336.58	4.04561
1336.7	3.99964
1336.82	3.91334
1336.95	3.82282
1337.07	3.73111
1337.19	3.64498
1337.31	3.57035
1337.43	3.50931
1337.56	3.46499
1337.68	3.43097
1337.8	3.39939
1337.92	3.37718
1338.05	3.38521
1338.17	3.40251
1338.29	3.42044
1338.41	3.44708
1338.54	3.5005
1338.66	3.56738
1338.78	3.62721
1338.9	3.70083
1339.03	3.7722
1339.15	3.8387
1339.27	3.9024
1339.39	3.96247
1339.52	4.02773
1339.64	4.09898
1339.76	4.16624
1339.88	4.23012
1340	4.28525
1340.13	4.32962
1340.25	4.36395
1340.37	4.39143
1340.49	4.42346
1340.62	4.46548
1340.74	4.51271
1340.86	4.55898
1340.98	4.59725
1341.1	4.63205
1341.23	4.65204
1341.35	4.66878
1341.47	4.7032
1341.59	4.7425
1341.71	4.77964
1341.84	4.80486
1341.96	4.84276
1342.08	4.86967
1342.2	4.88282
1342.33	4.89094
1342.45	4.90758
1342.57	4.94068
1342.69	4.99774
1342.81	5.05991
1342.94	5.1282
1343.06	5.19482
1343.18	5.25853
1343.3	5.32593
1343.42	5.37478
1343.55	5.4096
1343.67	5.44303
1343.79	5.45199
1343.91	5.41995
1344.03	5.37432
1344.16	5.32909
1344.28	5.28896
1344.4	5.23969
1344.52	5.16654
1344.64	5.08823
1344.77	5.01241
1344.89	4.92964
1345.01	4.81542
1345.13	4.68927
1345.25	4.57373
1345.37	4.45602
1345.5	4.33883
1345.62	4.23967
1345.74	4.15055
1345.86	4.07656
1345.98	4.02675
1346.11	4.01167
1346.23	4.02866
1346.35	4.09171
1346.47	4.20093
1346.59	4.34879
1346.71	4.55242
1346.84	4.78808
1346.96	5.05219
1347.08	5.33399
1347.2	5.62082
1347.32	5.88951
1347.45	6.15038
1347.57	6.38973
1347.69	6.6102
1347.81	6.80781
1347.93	6.96035
1348.05	7.07561
1348.18	7.13733
1348.3	7.15636
1348.42	7.13421
1348.54	7.07804
1348.66	6.97966
1348.78	6.84825
1348.9	6.68887
1349.03	6.51346
1349.15	6.31806
1349.27	6.10331
1349.39	5.87759
1349.51	5.6359
1349.63	5.37724
1349.76	5.1139
1349.88	4.85735
1350	4.60665
1350.12	4.36027
1350.24	4.12354
1350.36	3.92644
1350.48	3.74919
1350.61	3.5967
1350.61	3.58054
1350.73	3.44751
1350.85	3.36185
1350.98	3.33205
1351.1	3.32731
1351.22	3.35484
1351.34	3.41159
1351.47	3.50111
1351.59	3.61814
1351.71	3.76763
1351.83	3.93245
1351.95	4.09072
1352.08	4.24833
1352.2	4.40016
1352.32	4.54866
1352.44	4.67918
1352.56	4.79273
1352.69	4.90759
1352.81	5.02809
1352.93	5.13874
1353.05	5.24555
1353.17	5.32108
1353.3	5.362
1353.42	5.35852
1353.54	5.33232
1353.66	5.29663
1353.78	5.22242
1353.91	5.11422
1354.03	4.97285
1354.15	4.80327
1354.27	4.61474
1354.39	4.44119
1354.52	4.2792
1354.64	4.1251
1354.76	3.97447
1354.88	3.84203
1355	3.74782
1355.13	3.67716
1355.25	3.61585
1355.37	3.54998
1355.49	3.50565
1355.61	3.48217
1355.73	3.44972
1355.86	3.42079
1355.98	3.39757
1356.1	3.36603
1356.22	3.32724
1356.34	3.27932
1356.47	3.21998
1356.59	3.14815
1356.71	3.06633
1356.83	2.97786
1356.95	2.87887
1357.07	2.77547
1357.2	2.66784
1357.32	2.56015
1357.44	2.45546
1357.56	2.34856
1357.68	2.23884
1357.8	2.14587
1357.93	2.05535
1358.05	1.97038
1358.17	1.88807
1358.29	1.79012
1358.41	1.69253
1358.53	1.60061
1358.66	1.52882
1358.78	1.48325
1358.9	1.47293
1359.02	1.48617
1359.14	1.50765
1359.26	1.55605
1359.39	1.63315
1359.51	1.72854
1359.63	1.85459
1359.75	2.01531
1359.87	2.2042
1359.99	2.41376
1360.11	2.63889
1360.24	2.88471
1360.36	3.13615
1360.48	3.38011
1360.6	3.63092
1360.72	3.89756
1360.84	4.15036
1360.96	4.38712
1361.09	4.61135
1361.21	4.82776
1361.33	5.04759
1361.45	5.25542
1361.57	5.43877
1361.69	5.60593
1361.81	5.76106
1361.94	5.9061
1362.06	6.04116
1362.18	6.16236
1362.3	6.24159
1362.42	6.27194
1362.54	6.26753
1362.66	6.2262
1362.78	6.14605
1362.91	6.03769
1363.03	5.91528
1363.15	5.80019
1363.27	5.6706
1363.39	5.53775
1363.51	5.40711
1363.63	5.25594
1363.76	5.10051
1363.88	4.93089
1364	4.78076
1364.12	4.63781
1364.24	4.47941
1364.36	4.32046
1364.48	4.15951
1364.6	3.99822
1364.72	3.83502
1364.85	3.66949
1364.97	3.50156
1365.09	3.32398
1365.21	3.14401
1365.33	2.98664
1365.45	2.84793
1365.57	2.70917
1365.69	2.58563
1365.81	2.47039
1365.94	2.37164
1366.06	2.28314
1366.18	2.18157
1366.3	2.07682
1366.42	1.96993
1366.54	1.8487
1366.66	1.71932
1366.78	1.5886
1366.9	1.48135
1367.02	1.39616
1367.15	1.32337
1367.27	1.2636
1367.39	1.20789
1367.51	1.16116
1367.63	1.13591
1367.75	1.12403
1367.87	1.1322
1367.99	1.16006
1368.11	1.2179
1368.23	1.30643
1368.35	1.41213
1368.48	1.54298
1368.6	1.68866
1368.72	1.83418
1368.84	1.99995
1368.96	2.18036
1369.08	2.36547
1369.2	2.56842
1369.32	2.7747
1369.44	2.97591
1369.56	3.16116
1369.68	3.36028
1369.8	3.54967
1369.92	3.72652
1370.05	3.91205
1370.17	4.08678
1370.29	4.25276
1370.41	4.4044
1370.53	4.54198
1370.65	4.68076
1370.77	4.79535
1370.89	4.8891
1371.01	4.98023
1371.13	5.06471
1371.25	5.11743
1371.37	5.15399
1371.49	5.18044
1371.61	5.1982
1371.73	5.20044
1371.86	5.17429
1371.98	5.13184
1372.1	5.08056
1372.22	5.04603
1372.34	5.02188
1372.46	5.00769
1372.58	4.99279
1372.7	4.9488
1372.82	4.88709
1372.94	4.82676
1373.06	4.74768
1373.18	4.64274
1373.3	4.53627
1373.42	4.42877
1373.54	4.32065
1373.66	4.18935
1373.78	4.04906
1373.9	3.90319
1374.02	3.74967
1374.15	3.60582
1374.27	3.44675
1374.39	3.2909
1374.51	3.12988
1374.55	3.07798
1374.68	2.93463
1374.8	2.77426
1374.92	2.61849
1375.04	2.46676
1375.16	2.31177
1375.28	2.16704
1375.4	2.03244
1375.52	1.90672
1375.65	1.80493
1375.77	1.72764
1375.89	1.67993
1376.01	1.67667
1376.13	1.71034
1376.25	1.79171
1376.37	1.919
1376.49	2.06105
1376.61	2.21633
1376.73	2.39491
1376.86	2.5885
1376.98	2.7969
1377.1	3.0261
1377.22	3.27206
1377.34	3.51757
1377.46	3.75371
1377.58	3.97338
1377.7	4.16563
1377.82	4.32535
1377.94	4.46041
1378.06	4.55347
1378.19	4.60192
1378.31	4.60676
1378.43	4.56971
1378.55	4.49471
1378.67	4.39395
1378.79	4.27185
1378.91	4.11367
1379.03	3.91982
1379.15	3.70691
1379.27	3.44891
1379.39	3.1384
1379.52	2.80298
1379.64	2.43564
1379.76	2.06135
1379.88	1.68412
1380	1.30845
1380.12	0.927133
1380.24	0.545906
1380.36	0.185509
1380.48	-0.161204
1380.6	-0.47909
1380.72	-0.756411
1380.84	-0.992578
1380.96	-1.18869
1381.08	-1.35608
1381.21	-1.46478
1381.33	-1.51732
1381.45	-1.52422
1381.57	-1.50598
1381.69	-1.43342
1381.81	-1.32238
1381.93	-1.17597
1382.05	-1.0078
1382.17	-0.819254
1382.29	-0.601982
1382.41	-0.346614
1382.53	-0.058325
1382.65	0.240447
1382.77	0.533865
1382.89	0.832468
1383.01	1.11784
1383.14	1.38771
1383.26	1.64511
1383.38	1.87991
1383.5	2.10043
1383.62	2.30618
1383.74	2.47793
1383.86	2.61473
1383.98	2.71629
1384.1	2.79013
1384.22	2.84495
1384.34	2.86836
1384.46	2.85958
1384.58	2.81108
1384.7	2.74486
1384.82	2.66854
1384.94	2.58524
1385.06	2.48116
1385.18	2.35127
1385.3	2.2269
1385.42	2.09648
1385.54	1.94997
1385.66	1.79991
1385.78	1.65498
1385.91	1.50642
1386.03	1.35273
1386.15	1.19687
1386.27	1.04037
1386.39	0.902767
1386.51	0.785917
1386.63	0.700931
1386.75	0.657599
1386.87	0.642833
1386.99	0.669916
1387.11	0.753554
1387.23	0.888382
1387.35	1.07074
1387.47	1.29434
1387.59	1.54797
1387.71	1.82891
1387.83	2.12816
1387.95	2.44515
1388.07	2.7752
1388.19	3.11022
1388.31	3.44678
1388.43	3.76564
1388.55	4.05709
1388.67	4.31583
1388.79	4.53786
1388.91	4.7457
1389.03	4.94247
1389.15	5.11943
1389.27	5.27166
1389.39	5.40218
1389.51	5.51506
1389.63	5.58067
1389.75	5.59506
1389.87	5.56651
1389.99	5.51017
1390.11	5.43271
1390.23	5.30998
1390.35	5.15157
1390.47	4.95493
1390.59	4.732
1390.71	4.50301
1390.83	4.27162
1390.95	4.03393
1391.07	3.79247
1391.19	3.5447
1391.31	3.29487
1391.43	3.04558
1391.55	2.81808
1391.67	2.59244
1391.79	2.3774
1391.91	2.16718
1392.03	1.98921
1392.15	1.8375
1392.27	1.71557
1392.39	1.61101
1392.51	1.54698
1392.63	1.52324
1392.75	1.54471
1392.87	1.59413
1392.99	1.68355
1393.11	1.80673
1393.23	1.96058
1393.35	2.11468
1393.47	2.26656
1393.59	2.42982
1393.71	2.59548
1393.83	2.75809
1393.94	2.90325
1394.06	3.03492
1394.18	3.13802
1394.3	3.20968
1394.42	3.24336
1394.54	3.23465
1394.66	3.17555
1394.78	3.0778
1394.9	2.95855
1395.02	2.83774
1395.14	2.71424
1395.26	2.57787
1395.38	2.419
1395.5	2.25512
1395.62	2.10063
1395.74	1.947
1395.86	1.79634
1395.98	1.66513
1396.1	1.56186
1396.22	1.46958
1396.34	1.3673
1396.46	1.26389
1396.58	1.15647
1396.7	1.06871
1396.82	0.97234
1396.93	0.874732
1397.05	0.785988
1397.17	0.700702
1397.29	0.639071
1397.41	0.608768
1397.53	0.605112
1397.65	0.634436
1397.77	0.690984
1397.89	0.779157
1398.01	0.891199
1398.13	1.01386
1398.25	1.16421
1398.37	1.33949
1398.49	1.53079
1398.61	1.73304
1398.73	1.92722
1398.85	2.10905
1398.96	2.26452
1399.08	2.40492
1399.2	2.54378
1399.32	2.66424
1399.44	2.77893
1399.56	2.88517
1399.68	2.97073
1399.8	3.03176
1399.92	3.05742
1400.04	3.0405
1400.16	2.99067
1400.28	2.91784
1400.4	2.80962
1400.52	2.66032
1400.64	2.49367
1400.76	2.31397
1400.88	2.12694
1401	1.95416
1401.12	1.80675
1401.24	1.67873
1401.36	1.57028
1401.48	1.48799
1401.6	1.42243
1401.72	1.36664
1401.84	1.34446
1401.96	1.32496
1402.08	1.33015
1402.2	1.33634
1402.32	1.34346
1402.44	1.3476
1402.56	1.33219
1402.67	1.30073
1402.79	1.27109
1402.91	1.22502
1403.03	1.17297
1403.15	1.13353
1403.27	1.11071
1403.39	1.08924
1403.51	1.05731
1403.63	1.00057
1403.75	0.943063
1403.87	0.895086
1403.99	0.852976
1404.11	0.823269
1404.23	0.810481
1404.35	0.80222
1404.47	0.774529
1404.59	0.748194
1404.71	0.719612
1404.83	0.687365
1404.95	0.658079
1405.07	0.629976
1405.19	0.62532
1405.31	0.64028
1405.43	0.655353
1405.55	0.655063
1405.67	0.642095
1405.79	0.635389
1405.91	0.647935
1406.03	0.682878
1406.15	0.73814
1406.26	0.821941
1406.38	0.941828
1406.5	1.08732
1406.62	1.24579
1406.74	1.42677
1406.86	1.61158
1406.98	1.79944
1407.1	1.96921
1407.22	2.12071
1407.34	2.24836
1407.46	2.34086
1407.58	2.41315
1407.7	2.46033
1407.82	2.48692
1407.94	2.49466
1408.06	2.47577
1408.18	2.43064
1408.3	2.34241
1408.42	2.21604
1408.53	2.07205
1408.65	1.90083
1408.77	1.7144
1408.89	1.50916
1409.01	1.27974
1409.13	1.04441
1409.25	0.809932
1409.37	0.580907
1409.49	0.37611
1409.61	0.193894
1409.73	0.0504874
1409.85	-0.0484011
1409.97	-0.112413
1410.09	-0.137467
1410.2	-0.116754
1410.32	-0.0564671
1410.44	0.0448271
1410.56	0.176962
1410.68	0.328164
1410.8	0.505417
1410.92	0.699273
1411.04	0.891344
1411.16	1.08219
1411.28	1.29095
1411.4	1.52455
1411.52	1.77377
1411.64	2.01498
1411.75	2.25671
1411.87	2.49229
1411.99	2.72192
1412.11	2.95919
1412.23	3.17487
1412.35	3.38626
1412.47	3.56205
1412.59	3.71001
1412.71	3.8347
1412.83	3.9317
1412.94	4.01057
1413.06	4.07887
1413.18	4.13028
1413.3	4.1717
1413.42	4.21393
1413.54	4.24079
1413.66	4.262
1413.78	4.26143
1413.9	4.2265
1414.02	4.18058
1414.14	4.12065
1414.25	4.03594
1414.37	3.93072
1414.49	3.80899
1414.61	3.66749
1414.73	3.50982
1414.85	3.34525
1414.97	3.17435
1415.09	2.99773
1415.21	2.82931
1415.32	2.67312
1415.44	2.5228
1415.56	2.3607
1415.68	2.17919
1415.8	1.97546
1415.92	1.7662
1416.04	1.56795
1416.16	1.38929
1416.27	1.21562
1416.39	1.03934
1416.51	0.867521
1416.63	0.711311
1416.75	0.569124
1416.87	0.445539
1416.99	0.342625
1417.11	0.242778
1417.22	0.156449
1417.34	0.0823202
1417.46	0.016775
1417.58	-0.0406418
1417.7	-0.0984314
1417.82	-0.142043
1417.94	-0.160063
1418.05	-0.147911
1418.17	-0.114674
1418.29	-0.070323
1418.41	-0.014621
1418.53	0.0360812
1418.65	0.101264
1418.77	0.186838
1418.89	0.257478
1419	0.321663
1419.12	0.375814
1419.24	0.421609
1419.36	0.463793
1419.48	0.494868
1419.6	0.507186
1419.72	0.521032
1419.83	0.520622
1419.95	0.513621
1420.07	0.493185
1420.19	0.466107
1420.31	0.43064
1420.43	0.39517
1420.54	0.366524
1420.66	0.337906
1420.78	0.301743
1420.9	0.265444
1421.02	0.230376
1421.14	0.186151
1421.26	0.167543
1421.37	0.169819
1421.49	0.196082
1421.61	0.252687
1421.73	0.340633
1421.85	0.460524
1421.97	0.623396
1422.08	0.826702
1422.2	1.06276
1422.32	1.33075
1422.44	1.61329
1422.56	1.90046
1422.67	2.17347
1422.79	2.44067
1422.91	2.70143
1423.03	2.95927
1423.15	3.2135
1423.27	3.47196
1423.39	3.7239
1423.5	3.96791
1423.62	4.19568
1423.74	4.41565
1423.74	4.4194
1423.86	4.63953
1423.98	4.83574
1424.1	5.00698
1424.22	5.14862
1424.34	5.25877
1424.46	5.33639
1424.58	5.39699
1424.69	5.43849
1424.81	5.44803
1424.93	5.43015
1425.05	5.39701
1425.17	5.35007
1425.29	5.30552
1425.41	5.24789
1425.53	5.1615
1425.65	5.05334
1425.76	4.92716
1425.88	4.79081
1426	4.66437
1426.12	4.55123
1426.24	4.43508
1426.36	4.29564
1426.48	4.14535
1426.6	3.99741
1426.71	3.85622
1426.83	3.73823
1426.95	3.64585
1427.07	3.57585
1427.19	3.52111
1427.31	3.48989
1427.43	3.47285
1427.54	3.47437
1427.66	3.49566
1427.78	3.53064
1427.9	3.58552
1428.02	3.66791
1428.14	3.76894
1428.26	3.88192
1428.38	4.00425
1428.49	4.13148
1428.61	4.24824
1428.73	4.36077
1428.85	4.44381
1428.97	4.50128
1429.09	4.54116
1429.21	4.56451
1429.32	4.56391
1429.44	4.53863
1429.56	4.49316
1429.68	4.44206
1429.8	4.39877
1429.92	4.33278
1430.04	4.27307
1430.15	4.22005
1430.27	4.17864
1430.39	4.13662
1430.51	4.104
1430.63	4.07985
1430.75	4.04248
1430.86	4.00068
1430.98	3.96338
1431.1	3.92672
1431.22	3.90403
1431.34	3.91037
1431.46	3.89976
1431.57	3.88769
1431.69	3.8877
1431.81	3.90084
1431.93	3.9195
1432.05	3.93955
1432.17	3.97066
1432.28	4.00496
1432.4	4.03664
1432.52	4.05209
1432.64	4.04381
1432.76	4.01568
1432.88	3.97266
1432.99	3.92441
1433.11	3.86729
1433.23	3.80658
1433.35	3.7498
1433.47	3.69994
1433.59	3.65533
1433.7	3.60044
1433.82	3.5519
1433.94	3.51302
1434.06	3.47905
1434.18	3.43172
1434.29	3.37307
1434.41	3.32219
1434.53	3.28291
1434.65	3.23779
1434.77	3.20148
1434.89	3.1696
1435	3.13933
1435.12	3.11793
1435.24	3.10411
1435.36	3.09584
1435.48	3.10471
1435.59	3.12903
1435.71	3.16982
1435.83	3.22249
1435.95	3.28449
1436.07	3.36289
1436.18	3.46085
1436.3	3.56385
1436.42	3.6459
1436.54	3.70498
1436.66	3.75172
1436.77	3.7804
1436.89	3.78478
1437.01	3.78107
1437.13	3.73991
1437.25	3.6667
1437.36	3.54692
1437.48	3.37372
1437.6	3.14722
1437.72	2.88767
1437.84	2.60169
1437.95	2.28862
1438.07	1.93677
1438.19	1.57798
1438.31	1.22289
1438.43	0.885219
1438.54	0.562131
1438.66	0.245865
1438.78	-0.0649508
1438.9	-0.360762
1439.01	-0.638649
1439.13	-0.890082
1439.25	-1.1055
1439.37	-1.26752
1439.49	-1.3976
1439.6	-1.48423
1439.72	-1.51534
1439.84	-1.49283
1439.96	-1.41618
1440.07	-1.30019
1440.19	-1.12155
1440.31	-0.906855
1440.43	-0.666412
1440.54	-0.418248
1440.66	-0.148151
1440.78	0.131643
1440.9	0.413018
1441.02	0.702448
1441.13	0.986875
1441.25	1.26091
1441.37	1.52495
1441.49	1.76767
1441.6	1.97044
1441.72	2.16699
1441.84	2.34413
1441.96	2.48356
1442.07	2.59776
1442.19	2.68584
1442.31	2.75885
1442.43	2.80051
1442.54	2.79632
1442.66	2.7604
1442.78	2.70697
1442.9	2.62761
1443.01	2.5348
1443.13	2.43247
1443.25	2.30976
1443.37	2.17604
1443.48	2.05099
1443.6	1.93787
1443.72	1.82861
1443.84	1.72022
1443.95	1.61905
1444.07	1.52111
1444.19	1.42774
1444.31	1.32908
1444.42	1.24402
1444.54	1.18776
1444.66	1.15219
1444.78	1.12583
1444.89	1.13108
1445.01	1.16364
1445.13	1.20722
1445.24	1.25971
1445.36	1.3203
1445.48	1.40145
1445.6	1.49426
1445.71	1.59894
1445.83	1.69712
1445.95	1.78497
1446.07	1.8555
1446.18	1.91152
1446.3	1.95606
1446.42	1.99687
1446.53	2.01224
1446.65	2.01959
1446.77	2.02371
1446.89	2.02586
1447	2.01267
1447.12	1.99257
1447.24	1.95409
1447.36	1.91081
1447.42	1.8777
1447.53	1.78541
1447.65	1.67504
1447.77	1.55897
1447.89	1.43547
1448	1.29887
1448.12	1.15601
1448.24	1.04313
1448.36	0.944202
1448.48	0.851318
1448.59	0.75406
1448.71	0.645276
1448.83	0.53127
1448.95	0.415706
1449.06	0.305014
1449.18	0.180432
1449.3	0.0685053
1449.42	-0.0207304
1449.54	-0.11123
1449.65	-0.184852
1449.77	-0.241201
1449.89	-0.286169
1450.01	-0.309977
1450.13	-0.329101
1450.24	-0.341628
1450.36	-0.354816
1450.48	-0.365131
1450.6	-0.371917
1450.71	-0.336653
1450.83	-0.271316
1450.95	-0.192908
1451.07	-0.104482
1451.18	-0.0195634
1451.3	0.075654
1451.42	0.172888
1451.54	0.263292
1451.65	0.354392
1451.77	0.453774
1451.89	0.542796
1452.01	0.612252
1452.12	0.683465
1452.24	0.73126
1452.36	0.754839
1452.48	0.741807
1452.6	0.715053
1452.71	0.68002
1452.83	0.642418
1452.95	0.594112
1453.07	0.557331
1453.18	0.521041
1453.3	0.476766
1453.42	0.440416
1453.54	0.421951
1453.65	0.417655
1453.77	0.437296
1453.89	0.478188
1454.01	0.52931
1454.12	0.59286
1454.24	0.672427
1454.36	0.753954
1454.47	0.839272
1454.59	0.935142
1454.71	1.03758
1454.83	1.13909
1454.94	1.25978
1455.06	1.37664
1455.18	1.4881
1455.3	1.60796
1455.41	1.72692
1455.53	1.83965
1455.65	1.93402
1455.77	2.02624
1455.88	2.107
1456	2.17306
1456.12	2.20917
1456.23	2.22136
1456.35	2.22476
1456.47	2.22058
1456.59	2.18447
1456.7	2.14663
1456.82	2.10261
1456.94	2.04141
1457.06	1.95593
1457.17	1.86829
1457.29	1.78358
1457.41	1.69123
1457.52	1.58157
1457.64	1.4623
1457.76	1.34382
1457.88	1.21764
1457.99	1.09852
1458.11	1.00056
1458.23	0.930877
1458.34	0.899574
1458.46	0.878754
1458.58	0.879389
1458.69	0.891413
1458.81	0.915207
1458.93	0.959521
1459.05	1.01239
1459.16	1.07817
1459.28	1.14723
1459.4	1.23788
1459.51	1.3486
1459.63	1.45543
1459.75	1.5795
1459.87	1.70571
1459.98	1.8245
1460.1	1.92782
1460.22	2.0037
1460.33	2.06401
1460.45	2.10891
1460.57	2.13619
1460.68	2.15535
1460.8	2.18383
1460.92	2.19257
1461.04	2.17511
1461.15	2.1448
1461.27	2.09574
1461.39	2.05144
1461.5	2.00761
1461.62	1.97263
1461.74	1.96569
1461.85	1.98266
1461.97	2.01064
1462.09	2.04398
1462.2	2.09051
1462.32	2.13438
1462.44	2.17385
1462.55	2.20969
1462.67	2.2438
1462.79	2.27714
1462.9	2.32381
1463.02	2.39429
1463.14	2.4761
1463.25	2.55275
1463.37	2.62581
1463.49	2.69146
1463.6	2.74297
1463.72	2.78164
1463.84	2.81977
1463.95	2.84605
1464.07	2.86374
1464.19	2.88877
1464.3	2.89896
1464.42	2.87848
1464.54	2.83782
1464.65	2.7829
1464.77	2.70451
1464.89	2.6002
1465	2.497
1465.12	2.36991
1465.24	2.22857
1465.35	2.0828
1465.47	1.90389
1465.59	1.70709
1465.7	1.50645
1465.82	1.30644
1465.94	1.0936
1466.05	0.877592
1466.17	0.676172
1466.29	0.485242
1466.4	0.317392
1466.52	0.157596
1466.64	0.0127576
1466.75	-0.0885864
1466.87	-0.15797
1466.98	-0.214522
1467.1	-0.251682
1467.22	-0.266401
1467.33	-0.259221
1467.45	-0.231291
1467.57	-0.183878
1467.68	-0.119733
1467.8	-0.0599941
1467.92	-0.00786507
1468.03	0.0520532
1468.15	0.117211
1468.26	0.198649
1468.38	0.303945
1468.5	0.404593
1468.61	0.509713
1468.73	0.605189
1468.85	0.696177
1468.96	0.782151
1469.08	0.847174
1469.2	0.91045
1469.31	0.964086
1469.43	1.01912
1469.54	1.08075
1469.66	1.13073
1469.78	1.19376
1469.89	1.25359
1470.01	1.31329
1470.13	1.37074
1470.24	1.42399
1470.36	1.4829
1470.47	1.53722
1470.59	1.58482
1470.71	1.63553
1470.82	1.69497
1470.94	1.75617
1471.05	1.82448
1471.17	1.88848
1471.29	1.94123
1471.4	2.01586
1471.49	2.07861
1471.61	2.17692
1471.73	2.28933
1471.84	2.4118
1471.96	2.54103
1472.08	2.67205
1472.19	2.7957
1472.31	2.88761
1472.43	2.94657
1472.54	2.9885
1472.66	3.00669
1472.78	2.99776
1472.89	2.99383
1473.01	2.9936
1473.13	2.96732
1473.24	2.92189
1473.36	2.85174
1473.48	2.7373
1473.59	2.57888
1473.71	2.38115
1473.83	2.15651
1473.94	1.90413
1474.06	1.65668
1474.18	1.41925
1474.29	1.1663
1474.41	0.909901
1474.53	0.669547
1474.64	0.438634
1474.76	0.211508
1474.88	0.00321751
1475	-0.16983
1475.11	-0.324008
1475.23	-0.440395
1475.34	-0.516523
1475.46	-0.571357
1475.58	-0.581346
1475.69	-0.572872
1475.81	-0.544196
1475.93	-0.489599
1476.04	-0.396525
1476.16	-0.262221
1476.28	-0.108992
1476.39	0.0796337
1476.51	0.291335
1476.63	0.524923
1476.74	0.788293
1476.86	1.06229
1476.98	1.32747
1477.09	1.58754
1477.21	1.85136
1477.33	2.1264
1477.44	2.41407
1477.56	2.6872
1477.68	2.93904
1477.79	3.1527
1477.91	3.33694
1478.02	3.47078
1478.14	3.56412
1478.26	3.64229
1478.37	3.70601
1478.49	3.73018
1478.61	3.72748
1478.72	3.69714
1478.84	3.63694
1478.95	3.54572
1479.07	3.42313
1479.19	3.28623
1479.3	3.13132
1479.42	2.96612
1479.54	2.80145
1479.65	2.63057
1479.77	2.47678
1479.89	2.33129
1480	2.20107
1480.12	2.068
1480.23	1.93355
1480.35	1.79261
1480.47	1.63851
1480.58	1.47808
1480.7	1.33745
1480.82	1.22632
1480.93	1.13329
1481.05	1.05876
1481.16	0.997311
1481.28	0.942046
1481.4	0.907907
1481.51	0.881245
1481.63	0.865437
1481.74	0.869295
1481.86	0.886666
1481.98	0.913301
1482.09	0.940681
1482.21	0.957449
1482.33	0.957292
1482.44	0.955932
1482.56	0.959578
1482.67	0.965174
1482.79	0.976807
1482.9	1.01551
1483.02	1.07843
1483.14	1.15573
1483.25	1.24949
1483.37	1.34348
1483.49	1.43037
1483.6	1.50385
1483.72	1.57202
1483.83	1.6373
1483.95	1.70757
1484.06	1.79637
1484.18	1.89239
1484.3	1.98236
1484.41	2.08336
1484.53	2.18837
1484.64	2.28368
1484.76	2.37504
1484.88	2.46286
1484.99	2.55173
1485.11	2.62777
1485.22	2.71293
1485.34	2.79706
1485.46	2.8764
1485.57	2.95301
1485.69	3.00269
1485.8	3.05949
1485.92	3.12173
1486.03	3.17992
1486.15	3.23784
1486.27	3.30614
1486.38	3.38553
1486.5	3.46521
1486.61	3.54363
1486.73	3.62858
1486.84	3.71392
1486.96	3.79207
1487.08	3.89222
1487.19	4.01014
1487.31	4.14263
1487.42	4.29433
1487.54	4.45948
1487.65	4.64577
1487.77	4.84838
1487.89	5.0501
1488	5.22904
1488.12	5.39964
1488.23	5.57874
1488.35	5.7605
1488.46	5.92174
1488.58	6.06213
1488.69	6.17684
1488.81	6.25885
1488.93	6.2979
1489.04	6.29014
1489.16	6.23682
1489.27	6.13737
1489.39	5.99627
1489.5	5.83141
1489.62	5.63281
1489.73	5.41237
1489.85	5.17478
1489.97	4.9184
1490.08	4.63339
1490.2	4.3261
1490.31	3.99119
1490.43	3.6451
1490.54	3.30334
1490.66	2.99236
1490.77	2.71068
1490.89	2.46353
1491	2.26022
1491.12	2.10189
1491.24	1.98389
1491.35	1.92578
1491.47	1.89752
1491.58	1.952
1491.7	2.08968
1491.81	2.30446
1491.93	2.59118
1492.04	2.92806
1492.16	3.31629
1492.27	3.7579
1492.39	4.25264
1492.5	4.79143
1492.62	5.34735
1492.73	5.92604
1492.85	6.53325
1492.96	7.13359
1493.08	7.72034
1493.2	8.28501
1493.31	8.80304
1493.43	9.26853
1493.54	9.66658
1493.66	9.99178
1493.77	10.2404
1493.89	10.4022
1494	10.4631
1494.12	10.4261
1494.23	10.3001
1494.35	10.1038
1494.46	9.83483
1494.58	9.50726
1494.69	9.1208
1494.81	8.65377
1494.92	8.13221
1495.04	7.56404
1495.15	6.96506
1495.27	6.33426
1495.38	5.73176
1495.5	5.13875
1495.61	4.56525
1495.73	4.03302
1495.84	3.54892
1495.96	3.12492
1496.07	2.77076
1496.19	2.49226
1496.3	2.29198
1496.31	2.2741
1496.43	2.15977
1496.54	2.12424
1496.66	2.17005
1496.77	2.29505
1496.89	2.48119
1497.01	2.74505
1497.12	3.07507
1497.24	3.43946
1497.35	3.82438
1497.47	4.20236
1497.59	4.56558
1497.7	4.91236
1497.82	5.22231
1497.93	5.45308
1498.05	5.57478
1498.16	5.58276
1498.28	5.47173
1498.39	5.23913
1498.51	4.89858
1498.63	4.47277
1498.74	3.98047
1498.86	3.45707
1498.97	2.95343
1499.09	2.53486
1499.2	2.2869
1499.32	2.31422
1499.43	2.72776
1499.55	3.68349
1499.67	5.3387
1499.78	7.92405
1499.9	11.8053
1499.95	14.3618
1499.99	16.4263
