1060.01	-2.42525
1060.14	-4.22828
1060.28	-4.41313
1060.41	-3.68334
1060.55	-2.50614
1060.68	-1.17543
1060.82	0.119703
1060.95	1.24885
1061.09	2.17712
1061.22	2.90464
1061.36	3.45187
1061.49	3.81096
1061.63	4.02373
1061.76	4.09506
1061.9	4.0529
1062.03	3.91343
1062.17	3.70993
1062.3	3.46788
1062.44	3.19847
1062.57	2.924
1062.71	2.64179
1062.84	2.36515
1062.98	2.10424
1063.11	1.85699
1063.25	1.65445
1063.38	1.48536
1063.52	1.3381
1063.65	1.22251
1063.79	1.12806
1063.92	1.05095
1064.06	0.982195
1064.19	0.916729
1064.33	0.847414
1064.46	0.774313
1064.6	0.698855
1064.73	0.622965
1064.87	0.545867
1065	0.463719
1065.14	0.378772
1065.27	0.291869
1065.41	0.196434
1065.54	0.0978578
1065.68	0.00459248
1065.81	-0.0896004
1065.95	-0.037967
1066.08	-0.0553798
1066.22	-0.128993
1066.35	-0.217725
1066.49	-0.304983
1066.62	-0.371645
1066.76	-0.425774
1066.89	-0.442221
1067.02	-0.434413
1067.16	-0.415024
1067.29	-0.379542
1067.43	-0.310075
1067.56	-0.228333
1067.7	-0.110651
1067.83	0.0228156
1067.97	0.172701
1068.1	0.345334
1068.24	0.533593
1068.37	0.735232
1068.51	0.943002
1068.64	1.15722
1068.78	1.3781
1068.91	1.60848
1069.05	1.83089
1069.18	2.04635
1069.31	2.25094
1069.45	2.45166
1069.58	2.63608
1069.72	2.8018
1069.85	2.9521
1069.99	3.08418
1070.12	3.18845
1070.26	3.25599
1070.39	3.29086
1070.52	3.29248
1070.66	3.25846
1070.79	3.18152
1070.93	3.07325
1071.06	2.92981
1071.2	2.76138
1071.33	2.57238
1071.47	2.36974
1071.6	2.14938
1071.73	1.91556
1071.87	1.68395
1072	1.44593
1072.14	1.2142
1072.27	0.97938
1072.41	0.741188
1072.54	0.493449
1072.68	0.245516
1072.81	0.0190425
1072.94	-0.1848
1073.08	-0.379271
1073.21	-0.543774
1073.35	-0.693519
1073.48	-0.809902
1073.61	-0.913603
1073.75	-0.999885
1073.88	-1.0543
1074.02	-1.07566
1074.15	-1.08003
1074.29	-1.04484
1074.42	-0.988348
1074.55	-0.896368
1074.69	-0.773058
1074.82	-0.647534
1074.96	-0.487799
1075.09	-0.313141
1075.23	-0.136956
1075.36	0.0464159
1075.49	0.236876
1075.63	0.441533
1075.76	0.648471
1075.9	0.860174
1076.03	1.06888
1076.16	1.28071
1076.3	1.48635
1076.43	1.68178
1076.57	1.87549
1076.7	2.07111
1076.83	2.24979
1076.97	2.40317
1077.1	2.55415
1077.24	2.70043
1077.37	2.8192
1077.5	2.92252
1077.64	3.01803
1077.77	3.10041
1077.91	3.15987
1078.04	3.19796
1078.17	3.22887
1078.31	3.24289
1078.44	3.26896
1078.58	3.28203
1078.71	3.28973
1078.84	3.30212
1078.98	3.29919
1079.11	3.29122
1079.24	3.29667
1079.38	3.29392
1079.51	3.28949
1079.65	3.28299
1079.78	3.2635
1079.91	3.2275
1080.05	3.17977
1080.18	3.12852
1080.32	3.08181
1080.45	3.01912
1080.58	2.94206
1080.72	2.85694
1080.85	2.76588
1080.98	2.68782
1081.12	2.60953
1081.25	2.53482
1081.39	2.47593
1081.52	2.42154
1081.65	2.35647
1081.79	2.27892
1081.92	2.19862
1082.05	2.1087
1082.19	2.0186
1082.32	1.92814
1082.45	1.84209
1082.59	1.76044
1082.72	1.69807
1082.85	1.64284
1082.99	1.61214
1083.12	1.58906
1083.26	1.58944
1083.39	1.61885
1083.52	1.67159
1083.66	1.75254
1083.79	1.85325
1083.92	1.95214
1084.06	2.06219
1084.19	2.18415
1084.32	2.3221
1084.46	2.45825
1084.59	2.5886
1084.72	2.71767
1084.86	2.83452
1084.99	2.94797
1085.12	3.04445
1085.26	3.13921
1085.39	3.22748
1085.52	3.29391
1085.66	3.33387
1085.79	3.36168
1085.92	3.36089
1086.06	3.36406
1086.19	3.35105
1086.32	3.31565
1086.46	3.28464
1086.59	3.23767
1086.72	3.18578
1086.86	3.14686
1086.99	3.11636
1087.12	3.08905
1087.26	3.04482
1087.39	2.99369
1087.52	2.94322
1087.66	2.90354
1087.79	2.86723
1087.92	2.83527
1088.06	2.81747
1088.19	2.81995
1088.32	2.84252
1088.46	2.87358
1088.59	2.93186
1088.72	3.006
1088.79	3.04083
1088.92	3.14562
1089.06	3.26897
1089.19	3.39778
1089.33	3.53131
1089.46	3.66779
1089.59	3.7997
1089.73	3.92902
1089.86	4.05209
1090	4.16188
1090.13	4.2555
1090.26	4.32989
1090.4	4.35874
1090.53	4.38579
1090.67	4.39877
1090.8	4.38373
1090.93	4.33907
1091.07	4.25479
1091.2	4.13045
1091.33	3.96629
1091.47	3.78202
1091.6	3.58296
1091.73	3.34208
1091.87	3.07648
1092	2.78965
1092.14	2.48942
1092.27	2.20478
1092.4	1.93262
1092.54	1.66752
1092.67	1.41597
1092.8	1.20615
1092.94	1.00982
1093.07	0.844361
1093.21	0.690965
1093.34	0.556709
1093.47	0.455248
1093.61	0.388593
1093.74	0.345056
1093.87	0.317939
1094.01	0.315475
1094.14	0.339366
1094.27	0.369002
1094.41	0.425456
1094.54	0.494916
1094.67	0.577551
1094.81	0.679832
1094.94	0.80038
1095.07	0.930409
1095.21	1.06153
1095.34	1.18204
1095.47	1.3222
1095.61	1.4661
1095.74	1.61158
1095.87	1.74838
1096.01	1.88828
1096.14	2.02145
1096.28	2.14639
1096.41	2.26276
1096.54	2.36939
1096.68	2.47341
1096.81	2.55911
1096.94	2.63587
1097.08	2.70329
1097.21	2.74907
1097.34	2.77385
1097.47	2.80466
1097.61	2.8269
1097.74	2.83613
1097.88	2.8492
1098.01	2.87761
1098.14	2.92687
1098.27	2.99946
1098.41	3.08209
1098.54	3.18117
1098.67	3.28982
1098.81	3.42079
1098.94	3.5648
1099.07	3.71702
1099.21	3.86693
1099.34	4.02134
1099.47	4.17128
1099.61	4.31795
1099.74	4.45323
1099.87	4.55766
1100.01	4.64421
1100.14	4.70671
1100.27	4.7565
1100.4	4.79849
1100.54	4.81803
1100.67	4.83108
1100.8	4.84296
1100.94	4.84123
1101.07	4.81348
1101.2	4.77886
1101.34	4.71825
1101.47	4.64815
1101.6	4.54432
1101.73	4.41855
1101.87	4.2592
1102	4.10346
1102.13	3.9358
1102.27	3.75234
1102.4	3.55303
1102.53	3.34821
1102.67	3.14606
1102.8	2.93532
1102.93	2.74251
1103.06	2.56032
1103.2	2.36957
1103.33	2.19404
1103.46	2.0254
1103.6	1.87687
1103.73	1.76524
1103.86	1.66689
1103.99	1.57923
1104.13	1.51469
1104.26	1.49013
1104.39	1.47461
1104.53	1.49617
1104.66	1.52896
1104.79	1.58859
1104.92	1.68389
1105.06	1.79608
1105.19	1.92236
1105.32	2.06437
1105.45	2.22149
1105.59	2.38169
1105.72	2.53607
1105.85	2.70103
1105.98	2.86634
1106.12	3.03163
1106.25	3.18614
1106.38	3.33324
1106.52	3.45679
1106.65	3.54995
1106.78	3.62512
1106.91	3.68999
1107.05	3.72937
1107.18	3.75557
1107.31	3.76663
1107.44	3.76608
1107.58	3.74389
1107.71	3.70395
1107.84	3.64382
1107.97	3.56486
1108.11	3.48754
1108.24	3.40307
1108.37	3.31355
1108.5	3.20809
1108.64	3.07557
1108.77	2.93444
1108.9	2.80482
1109.03	2.67126
1109.17	2.53352
1109.3	2.41114
1109.43	2.30604
1109.56	2.21509
1109.7	2.1406
1109.83	2.0928
1109.96	2.09449
1110.09	2.12182
1110.22	2.19076
1110.36	2.29756
1110.49	2.45881
1110.62	2.67437
1110.75	2.92856
1110.89	3.20365
1111.02	3.49281
1111.15	3.7902
1111.28	4.08094
1111.42	4.35254
1111.55	4.60298
1111.68	4.83527
1111.81	5.04241
1111.94	5.22393
1112.08	5.4014
1112.21	5.55623
1112.34	5.68132
1112.47	5.77324
1112.6	5.84834
1112.74	5.8877
1112.87	5.91078
1113	5.89117
1113.13	5.83753
1113.27	5.74757
1113.4	5.64756
1113.53	5.5242
1113.66	5.3677
1113.79	5.18693
1113.93	4.99741
1114.06	4.79585
1114.19	4.56884
1114.32	4.34951
1114.45	4.11503
1114.59	3.86084
1114.72	3.61325
1114.85	3.36734
1114.98	3.12732
1115.11	2.88848
1115.25	2.6405
1115.38	2.40208
1115.51	2.17483
1115.64	1.95246
1115.77	1.72737
1115.91	1.52507
1116.03	1.33375
1116.16	1.15252
1116.3	0.988282
1116.43	0.832727
1116.56	0.697564
1116.7	0.581699
1116.83	0.472823
1116.96	0.35635
1117.09	0.249132
1117.23	0.15667
1117.36	0.0727045
1117.49	-0.0140307
1117.62	-0.096865
1117.76	-0.174283
1117.89	-0.247334
1118.02	-0.321582
1118.15	-0.388902
1118.29	-0.461486
1118.42	-0.524744
1118.55	-0.566594
1118.68	-0.599854
1118.82	-0.621724
1118.95	-0.623805
1119.08	-0.597714
1119.21	-0.545538
1119.35	-0.460222
1119.48	-0.325986
1119.61	-0.176261
1119.74	-0.00277994
1119.88	0.202553
1120.01	0.421139
1120.14	0.673762
1120.27	0.949138
1120.41	1.2379
1120.54	1.53127
1120.67	1.81918
1120.8	2.09169
1120.94	2.34354
1121.07	2.57732
1121.2	2.78237
1121.33	2.96247
1121.46	3.09212
1121.6	3.19816
1121.73	3.2866
1121.86	3.37992
1121.99	3.46011
1122.13	3.52954
1122.26	3.59372
1122.39	3.64019
1122.52	3.6802
1122.66	3.6975
1122.79	3.69674
1122.92	3.68218
1123.05	3.66008
1123.18	3.62305
1123.32	3.59363
1123.45	3.57008
1123.58	3.53553
1123.71	3.49572
1123.84	3.44758
1123.98	3.39348
1124.11	3.32497
1124.24	3.25529
1124.37	3.16889
1124.5	3.07119
1124.64	2.96786
1124.77	2.86367
1124.9	2.74866
1125.03	2.62669
1125.16	2.51638
1125.3	2.41309
1125.43	2.30802
1125.56	2.20211
1125.69	2.09494
1125.82	1.96859
1125.96	1.83195
1126.09	1.71246
1126.22	1.59227
1126.35	1.46496
1126.48	1.33457
1126.62	1.20911
1126.75	1.08458
1126.88	0.956656
1127.01	0.83845
1127.14	0.733101
1127.28	0.644269
1127.41	0.566152
1127.54	0.513195
1127.67	0.49464
1127.8	0.503044
1127.94	0.548846
1128.07	0.62496
1128.2	0.723995
1128.33	0.83971
1128.46	0.98934
1128.59	1.1723
1128.73	1.39878
1128.86	1.64913
1128.99	1.93219
1129.12	2.24215
1129.25	2.58844
1129.38	2.94288
1129.52	3.30294
1129.65	3.65243
1129.78	4.00677
1129.91	4.35648
1130.04	4.68097
1130.17	4.99188
1130.31	5.28174
1130.44	5.5335
1130.57	5.74288
1130.7	5.90328
1130.83	6.01916
1130.96	6.07709
1131.1	6.09707
1131.23	6.09264
1131.36	6.04067
1131.49	5.95629
1131.62	5.83025
1131.75	5.67273
1131.89	5.48696
1132.02	5.27406
1132.15	5.05025
1132.28	4.82522
1132.41	4.59749
1132.54	4.35081
1132.67	4.11018
1132.81	3.87192
1132.94	3.65137
1133.07	3.46119
1133.2	3.31262
1133.33	3.19115
1133.46	3.10809
1133.59	3.05876
1133.73	3.03045
1133.86	3.02725
1133.99	3.05224
1134.12	3.11566
1134.25	3.20357
1134.38	3.32874
1134.51	3.47528
1134.64	3.66123
1134.78	3.8732
1134.91	4.10317
1135.04	4.34418
1135.17	4.5882
1135.3	4.83833
1135.43	5.08531
1135.56	5.33196
1135.69	5.55669
1135.83	5.75499
1135.96	5.91087
1136.09	6.03326
1136.22	6.12096
1136.35	6.18249
1136.48	6.21524
1136.61	6.21444
1136.74	6.19115
1136.88	6.14105
1137.01	6.0557
1137.14	5.92951
1137.27	5.77846
1137.4	5.6237
1137.53	5.44717
1137.66	5.24846
1137.79	5.04204
1137.92	4.83424
1138.06	4.6186
1138.19	4.41628
1138.32	4.23672
1138.45	4.06554
1138.58	3.91109
1138.71	3.77128
1138.84	3.64954
1138.97	3.55007
1139.1	3.46374
1139.23	3.40806
1139.37	3.36231
1139.5	3.33501
1139.63	3.32974
1139.76	3.34983
1139.89	3.39864
1140.02	3.48017
1140.15	3.57041
1140.28	3.67616
1140.41	3.80139
1140.54	3.93817
1140.67	4.05873
1140.81	4.17439
1140.94	4.28851
1141.07	4.42103
1141.2	4.5671
1141.33	4.72352
1141.46	4.89363
1141.59	5.05438
1141.72	5.21798
1141.85	5.39379
1141.98	5.57576
1142.11	5.77419
1142.24	5.97631
1142.37	6.18959
1142.51	6.42707
1142.55	6.51337
1142.68	6.71436
1142.81	6.89487
1142.94	7.0599
1143.08	7.21301
1143.21	7.3556
1143.34	7.49389
1143.47	7.62642
1143.6	7.74022
1143.73	7.8319
1143.86	7.92078
1144	7.99967
1144.13	8.07068
1144.26	8.14037
1144.39	8.21164
1144.52	8.27194
1144.65	8.31737
1144.78	8.3406
1144.92	8.33502
1145.05	8.31047
1145.18	8.26929
1145.31	8.1928
1145.44	8.07651
1145.57	7.93297
1145.7	7.75058
1145.83	7.54638
1145.97	7.32081
1146.1	7.07344
1146.23	6.80328
1146.36	6.52713
1146.49	6.25641
1146.62	5.98025
1146.75	5.71551
1146.88	5.45969
1147.02	5.22032
1147.15	4.97985
1147.28	4.75381
1147.41	4.54165
1147.54	4.33912
1147.67	4.14194
1147.8	3.96249
1147.93	3.80471
1148.06	3.64956
1148.19	3.50081
1148.33	3.34771
1148.46	3.20993
1148.59	3.09604
1148.72	2.98522
1148.85	2.88736
1148.98	2.81222
1149.11	2.75507
1149.24	2.7259
1149.37	2.72318
1149.51	2.73503
1149.64	2.74839
1149.77	2.77848
1149.9	2.79981
1150.03	2.81226
1150.16	2.8275
1150.29	2.84069
1150.42	2.87573
1150.55	2.91464
1150.68	2.97557
1150.81	3.06365
1150.95	3.15977
1151.08	3.26738
1151.21	3.39839
1151.34	3.54112
1151.47	3.69161
1151.6	3.84895
1151.73	3.9952
1151.86	4.13618
1151.99	4.27741
1152.12	4.42699
1152.25	4.58384
1152.38	4.73217
1152.52	4.87009
1152.65	4.99047
1152.78	5.09945
1152.91	5.22859
1153.04	5.36342
1153.17	5.49616
1153.3	5.6348
1153.43	5.7751
1153.56	5.93019
1153.69	6.07968
1153.82	6.19752
1153.95	6.30876
1154.08	6.40857
1154.21	6.49727
1154.34	6.56538
1154.48	6.60949
1154.61	6.64264
1154.74	6.6598
1154.87	6.65357
1155	6.62023
1155.13	6.55424
1155.26	6.45989
1155.39	6.34642
1155.52	6.21223
1155.65	6.07324
1155.78	5.92612
1155.91	5.77091
1156.04	5.62147
1156.17	5.49121
1156.3	5.38941
1156.43	5.2938
1156.56	5.18687
1156.69	5.09452
1156.82	5.01864
1156.96	4.9524
1157.09	4.90649
1157.22	4.87025
1157.35	4.82431
1157.48	4.76855
1157.61	4.71237
1157.74	4.64787
1157.87	4.57233
1158	4.51115
1158.13	4.46687
1158.26	4.4356
1158.39	4.40889
1158.52	4.40682
1158.65	4.41354
1158.78	4.41023
1158.91	4.40085
1159.04	4.38956
1159.17	4.37658
1159.3	4.34024
1159.43	4.28514
1159.56	4.19425
1159.69	4.09254
1159.82	3.99088
1159.95	3.87973
1160.08	3.78491
1160.21	3.71087
1160.34	3.64579
1160.47	3.5968
1160.6	3.56151
1160.73	3.53294
1160.86	3.52199
1160.99	3.51725
1161.12	3.4924
1161.25	3.45908
1161.38	3.42997
1161.51	3.40635
1161.64	3.40413
1161.77	3.41243
1161.9	3.42561
1162.03	3.46028
1162.16	3.48246
1162.29	3.51564
1162.42	3.55287
1162.55	3.59097
1162.68	3.61879
1162.81	3.64101
1162.94	3.67372
1163.07	3.71275
1163.2	3.74771
1163.33	3.78725
1163.46	3.81339
1163.59	3.82225
1163.72	3.82319
1163.85	3.81808
1163.98	3.81275
1164.11	3.8113
1164.24	3.78735
1164.37	3.7477
1164.5	3.69379
1164.63	3.62143
1164.76	3.52796
1164.89	3.40247
1165.02	3.26884
1165.15	3.14484
1165.28	3.0194
1165.41	2.89783
1165.54	2.7745
1165.67	2.66195
1165.8	2.58042
1165.93	2.50172
1166.06	2.4307
1166.19	2.35862
1166.32	2.27129
1166.45	2.17942
1166.58	2.07487
1166.71	1.94558
1166.84	1.81632
1166.97	1.68418
1167.1	1.55278
1167.23	1.43307
1167.36	1.33635
1167.49	1.2543
1167.62	1.17596
1167.75	1.10396
1167.88	1.07014
1168.01	1.07172
1168.14	1.1105
1168.27	1.19391
1168.39	1.30338
1168.49	1.40091
1168.62	1.51899
1168.75	1.64561
1168.88	1.77746
1169.01	1.92503
1169.14	2.09061
1169.27	2.28452
1169.4	2.50285
1169.53	2.75432
1169.66	3.03807
1169.79	3.3335
1169.92	3.64339
1170.05	3.97137
1170.18	4.31785
1170.31	4.67112
1170.44	4.9993
1170.57	5.29564
1170.7	5.54527
1170.83	5.76651
1170.96	5.95736
1171.09	6.11313
1171.22	6.24933
1171.35	6.34133
1171.48	6.37621
1171.61	6.37395
1171.74	6.33876
1171.87	6.2615
1172	6.15057
1172.13	5.98443
1172.26	5.77622
1172.39	5.52141
1172.52	5.24634
1172.65	4.95377
1172.78	4.64935
1172.91	4.33997
1173.04	4.01499
1173.17	3.71488
1173.3	3.40544
1173.43	3.10584
1173.56	2.80313
1173.69	2.52454
1173.82	2.25634
1173.95	2.01032
1174.08	1.80216
1174.21	1.60512
1174.34	1.42975
1174.47	1.2901
1174.6	1.17231
1174.73	1.09319
1174.86	1.05587
1174.99	1.05212
1175.12	1.07964
1175.25	1.12475
1175.38	1.17334
1175.51	1.22208
1175.64	1.25702
1175.77	1.27253
1175.9	1.26835
1176.03	1.24415
1176.16	1.21154
1176.29	1.16885
1176.42	1.11548
1176.55	1.05892
1176.68	1.00837
1176.81	0.961414
1176.94	0.92124
1177.07	0.870375
1177.2	0.84168
1177.33	0.816754
1177.46	0.78559
1177.59	0.752017
1177.72	0.704214
1177.85	0.647124
1177.98	0.60503
1178.11	0.572527
1178.24	0.543968
1178.37	0.516654
1178.5	0.497714
1178.63	0.484345
1178.75	0.476081
1178.88	0.481398
1179.01	0.515416
1179.14	0.56984
1179.27	0.648619
1179.4	0.748249
1179.53	0.854172
1179.66	0.949447
1179.79	1.03702
1179.92	1.10784
1180.05	1.17908
1180.18	1.24545
1180.31	1.298
1180.44	1.34944
1180.57	1.38084
1180.7	1.39641
1180.83	1.40434
1180.96	1.39895
1181.09	1.38288
1181.22	1.34826
1181.35	1.3154
1181.48	1.26438
1181.6	1.19139
1181.73	1.10095
1181.86	1.00095
1181.99	0.897038
1182.12	0.809179
1182.25	0.728815
1182.38	0.66572
1182.51	0.598966
1182.64	0.561584
1182.77	0.539804
1182.9	0.520689
1183.03	0.514113
1183.16	0.526179
1183.29	0.553407
1183.41	0.593403
1183.54	0.640843
1183.67	0.72278
1183.8	0.82789
1183.93	0.946097
1184.06	1.08875
1184.19	1.25099
1184.32	1.44381
1184.45	1.64091
1184.58	1.8335
1184.71	2.03024
1184.84	2.23116
1184.97	2.40094
1185.09	2.54072
1185.22	2.6552
1185.35	2.74728
1185.48	2.83522
1185.61	2.91858
1185.74	2.9899
1185.87	3.06732
1186	3.14097
1186.13	3.20762
1186.26	3.2616
1186.39	3.30186
1186.51	3.34028
1186.64	3.37308
1186.77	3.40569
1186.9	3.43262
1187.03	3.45932
1187.16	3.48421
1187.29	3.51697
1187.42	3.55244
1187.55	3.59758
1187.68	3.66243
1187.8	3.73878
1187.93	3.81955
1188.06	3.91401
1188.19	4.01225
1188.32	4.131
1188.45	4.24599
1188.58	4.34426
1188.71	4.42769
1188.84	4.50234
1188.96	4.56671
1189.09	4.63042
1189.22	4.67764
1189.35	4.69753
1189.48	4.69136
1189.61	4.68014
1189.74	4.65845
1189.87	4.61897
1189.99	4.56622
1190.12	4.50831
1190.25	4.42618
1190.38	4.31876
1190.51	4.18567
1190.64	4.03888
1190.77	3.86482
1190.9	3.6615
1191.02	3.4372
1191.15	3.2186
1191.28	2.98986
1191.41	2.77097
1191.54	2.56014
1191.67	2.3548
1191.8	2.17609
1191.92	2.02522
1192.05	1.88428
1192.18	1.74728
1192.31	1.62541
1192.44	1.52471
1192.57	1.42736
1192.7	1.33603
1192.83	1.25925
1192.95	1.19186
1193.08	1.14824
1193.21	1.12701
1193.34	1.09662
1193.47	1.06632
1193.6	1.0477
1193.72	1.06167
1193.85	1.05489
1193.98	1.04282
1194.11	1.04529
1194.24	1.05832
1194.37	1.06867
1194.5	1.06314
1194.62	1.06999
1194.75	1.08723
1194.88	1.10708
1195.01	1.12764
1195.14	1.16899
1195.27	1.22779
1195.4	1.30869
1195.52	1.41396
1195.54	1.46115
1195.67	1.59077
1195.8	1.72402
1195.93	1.84968
1196.06	1.97871
1196.19	2.12277
1196.32	2.29247
1196.45	2.48614
1196.58	2.69863
1196.7	2.92025
1196.83	3.14724
1196.96	3.35949
1197.09	3.55323
1197.22	3.7113
1197.35	3.84067
1197.48	3.95319
1197.61	4.03901
1197.74	4.10058
1197.87	4.11222
1197.99	4.08732
1198.12	4.01689
1198.25	3.91515
1198.38	3.77715
1198.51	3.61395
1198.64	3.4393
1198.77	3.23896
1198.9	3.02883
1199.03	2.81702
1199.15	2.5849
1199.28	2.35043
1199.41	2.10863
1199.54	1.84324
1199.67	1.58801
1199.8	1.34147
1199.93	1.10022
1200.06	0.876455
1200.19	0.661667
1200.31	0.464215
1200.44	0.298498
1200.57	0.182194
1200.7	0.100098
1200.83	0.056905
1200.96	0.0627969
1201.09	0.113053
1201.22	0.159803
1201.34	0.213561
1201.47	0.287371
1201.6	0.377202
1201.73	0.463357
1201.86	0.53695
1201.99	0.593575
1202.12	0.629156
1202.24	0.629035
1202.37	0.62058
1202.5	0.586183
1202.63	0.538708
1202.76	0.487549
1202.89	0.418581
1203.02	0.324829
1203.15	0.219684
1203.27	0.117244
1203.4	0.00207816
1203.53	-0.120812
1203.66	-0.249896
1203.79	-0.378705
1203.92	-0.496063
1204.04	-0.593096
1204.17	-0.689752
1204.3	-0.792962
1204.43	-0.880074
1204.56	-0.928786
1204.69	-0.943814
1204.82	-0.940724
1204.94	-0.901787
1205.07	-0.823264
1205.2	-0.70628
1205.33	-0.568682
1205.46	-0.402131
1205.59	-0.184762
1205.71	0.0587068
1205.84	0.323902
1205.97	0.602443
1206.1	0.895375
1206.23	1.19855
1206.36	1.51717
1206.48	1.83833
1206.61	2.16168
1206.74	2.47315
1206.87	2.76628
1207	3.03268
1207.13	3.27189
1207.25	3.49058
1207.38	3.69266
1207.51	3.87466
1207.64	4.0363
1207.77	4.17167
1207.9	4.27407
1208.02	4.3431
1208.15	4.3769
1208.28	4.3605
1208.41	4.30788
1208.54	4.2504
1208.67	4.17473
1208.79	4.07641
1208.92	3.93213
1209.05	3.76451
1209.18	3.5686
1209.31	3.36716
1209.43	3.15534
1209.56	2.94385
1209.69	2.74742
1209.82	2.55992
1209.95	2.39693
1210.07	2.25872
1210.2	2.1434
1210.33	2.05593
1210.46	1.99533
1210.59	1.96131
1210.71	1.97091
1210.84	2.00203
1210.97	2.06557
1211.1	2.15732
1211.23	2.26367
1211.35	2.39411
1211.48	2.55574
1211.61	2.75325
1211.74	2.97258
1211.87	3.22072
1211.99	3.49491
1212.12	3.78737
1212.25	4.08851
1212.38	4.39627
1212.51	4.72734
1212.63	5.06861
1212.76	5.42174
1212.89	5.75022
1213.02	6.02974
1213.14	6.26399
1213.27	6.45937
1213.4	6.62459
1213.53	6.74785
1213.66	6.842
1213.78	6.89803
1213.91	6.90533
1214.04	6.86847
1214.17	6.80111
1214.29	6.69933
1214.42	6.54901
1214.55	6.35582
1214.68	6.12278
1214.81	5.86779
1214.93	5.60908
1215.06	5.32759
1215.19	5.02541
1215.32	4.7086
1215.44	4.39319
1215.57	4.09302
1215.7	3.80757
1215.83	3.5437
1215.95	3.27965
1216.08	3.05565
1216.21	2.869
1216.34	2.72069
1216.46	2.61731
1216.59	2.56332
1216.72	2.5297
1216.85	2.51937
1216.97	2.52461
1217.1	2.5469
1217.23	2.59338
1217.36	2.65632
1217.49	2.74254
1217.61	2.85534
1217.74	2.9755
1217.87	3.105
1217.99	3.2366
1218.12	3.3564
1218.25	3.46148
1218.38	3.55313
1218.5	3.63014
1218.63	3.68981
1218.76	3.7274
1218.89	3.74035
1219.01	3.72887
1219.14	3.68537
1219.27	3.6093
1219.4	3.52251
1219.52	3.44803
1219.65	3.36162
1219.78	3.25745
1219.91	3.13476
1220.03	3.00548
1220.16	2.853
1220.29	2.7012
1220.41	2.53857
1220.54	2.37134
1220.67	2.21377
1220.8	2.07083
1220.92	1.9464
1221.05	1.85107
1221.18	1.7799
1221.3	1.73226
1221.34	1.72794
1221.46	1.74124
1221.59	1.78561
1221.72	1.84752
1221.85	1.94892
1221.98	2.06989
1222.1	2.19271
1222.23	2.33153
1222.36	2.48814
1222.49	2.6605
1222.62	2.83231
1222.74	3.01179
1222.87	3.19468
1223	3.37526
1223.13	3.5454
1223.26	3.72131
1223.38	3.90376
1223.51	4.08503
1223.64	4.25954
1223.77	4.38635
1223.89	4.47275
1224.02	4.52742
1224.15	4.55599
1224.28	4.5724
1224.41	4.57493
1224.53	4.56073
1224.66	4.51948
1224.79	4.45542
1224.92	4.37769
1225.04	4.29993
1225.17	4.20705
1225.3	4.09915
1225.43	3.97419
1225.56	3.84716
1225.68	3.7336
1225.81	3.61872
1225.94	3.49105
1226.07	3.36861
1226.19	3.24679
1226.32	3.12619
1226.45	3.00495
1226.58	2.89854
1226.7	2.80618
1226.83	2.73158
1226.96	2.65934
1227.09	2.60183
1227.21	2.5826
1227.34	2.58839
1227.47	2.60387
1227.6	2.61462
1227.72	2.64078
1227.85	2.6612
1227.98	2.68717
1228.11	2.71065
1228.23	2.73659
1228.36	2.78591
1228.49	2.84518
1228.62	2.90547
1228.74	2.97281
1228.87	3.03686
1229	3.08913
1229.13	3.13764
1229.25	3.18174
1229.38	3.22398
1229.51	3.26705
1229.64	3.30738
1229.76	3.34525
1229.89	3.37414
1230.02	3.40067
1230.15	3.42245
1230.27	3.45702
1230.4	3.50264
1230.53	3.55549
1230.66	3.6149
1230.78	3.6872
1230.91	3.75637
1231.04	3.81139
1231.17	3.87158
1231.29	3.92375
1231.42	3.96888
1231.55	4.01713
1231.67	4.06515
1231.8	4.11933
1231.93	4.19333
1232.06	4.27604
1232.18	4.37236
1232.31	4.49579
1232.44	4.62372
1232.56	4.75084
1232.69	4.87425
1232.82	5.01422
1232.95	5.15061
1233.07	5.27077
1233.2	5.39866
1233.33	5.52722
1233.45	5.63735
1233.58	5.72297
1233.71	5.79037
1233.84	5.84068
1233.96	5.87733
1234.09	5.90029
1234.22	5.92215
1234.34	5.93375
1234.47	5.93214
1234.6	5.91863
1234.72	5.88892
1234.85	5.84059
1234.98	5.77017
1235.11	5.69617
1235.23	5.62343
1235.36	5.54656
1235.49	5.46117
1235.61	5.36647
1235.74	5.26826
1235.87	5.16959
1235.99	5.07407
1236.12	4.97218
1236.25	4.86937
1236.37	4.75959
1236.5	4.66265
1236.63	4.59222
1236.76	4.53264
1236.88	4.5021
1237.01	4.50959
1237.14	4.53735
1237.26	4.57407
1237.39	4.63919
1237.52	4.7464
1237.64	4.89211
1237.77	5.05504
1237.9	5.23921
1238.02	5.45966
1238.15	5.7263
1238.28	6.01337
1238.4	6.30594
1238.53	6.61852
1238.66	6.94658
1238.78	7.25885
1238.91	7.5678
1239.04	7.86447
1239.16	8.16185
1239.29	8.45555
1239.42	8.73343
1239.54	8.98955
1239.67	9.21956
1239.8	9.39831
1239.92	9.55193
1240.05	9.67077
1240.18	9.74822
1240.3	9.79411
1240.43	9.81744
1240.56	9.81653
1240.68	9.7819
1240.81	9.72038
1240.94	9.63524
1241.06	9.52544
1241.19	9.41508
1241.32	9.30232
1241.44	9.20124
1241.57	9.10233
1241.7	9.00872
1241.82	8.9163
1241.95	8.82722
1242.08	8.74968
1242.2	8.67117
1242.33	8.58118
1242.45	8.49666
1242.58	8.42599
1242.71	8.38244
1242.83	8.36212
1242.96	8.35501
1243.09	8.36611
1243.21	8.39267
1243.34	8.41406
1243.47	8.44887
1243.59	8.49807
1243.72	8.56831
1243.84	8.65262
1243.97	8.74911
1244.1	8.87741
1244.22	9.0099
1244.35	9.1267
1244.48	9.22932
1244.6	9.31154
1244.73	9.37556
1244.85	9.42033
1244.98	9.44757
1245.11	9.44132
1245.23	9.40328
1245.36	9.3329
1245.49	9.23469
1245.61	9.10879
1245.74	8.95011
1245.86	8.76862
1245.99	8.58863
1246.12	8.41177
1246.24	8.23917
1246.37	8.07091
1246.5	7.91963
1246.62	7.78976
1246.75	7.67867
1246.87	7.57745
1247	7.49378
1247.13	7.41635
1247.25	7.34601
1247.38	7.30508
1247.5	7.29565
1247.63	7.29583
1247.66	7.30595
1247.79	7.33279
1247.91	7.36675
1248.04	7.40155
1248.17	7.4617
1248.29	7.53627
1248.42	7.61043
1248.55	7.65277
1248.67	7.69463
1248.8	7.75469
1248.93	7.82946
1249.05	7.90418
1249.18	7.97571
1249.31	8.05616
1249.43	8.11678
1249.56	8.16228
1249.69	8.2043
1249.82	8.25219
1249.94	8.30835
1250.07	8.36765
1250.2	8.43569
1250.32	8.49109
1250.45	8.53013
1250.58	8.552
1250.7	8.5838
1250.83	8.60367
1250.96	8.61251
1251.08	8.62442
1251.21	8.64509
1251.33	8.67548
1251.46	8.70033
1251.59	8.72977
1251.71	8.74931
1251.84	8.76845
1251.97	8.79847
1252.09	8.84331
1252.22	8.90279
1252.35	8.96158
1252.47	9.03229
1252.6	9.11652
1252.73	9.21694
1252.85	9.31467
1252.98	9.40717
1253.11	9.49662
1253.23	9.57788
1253.36	9.66988
1253.49	9.75589
1253.61	9.83735
1253.74	9.90569
1253.86	9.96162
1253.99	9.9924
1254.12	9.99529
1254.24	9.99622
1254.37	9.98076
1254.5	9.9495
1254.62	9.92012
1254.75	9.90809
1254.88	9.91546
1255	9.91551
1255.13	9.90778
1255.25	9.90359
1255.38	9.91068
1255.51	9.93413
1255.63	9.9755
1255.76	10.0339
1255.89	10.0841
1256.01	10.1456
1256.14	10.212
1256.26	10.2785
1256.39	10.3497
1256.52	10.4274
1256.64	10.5078
1256.77	10.5947
1256.89	10.6777
1257.02	10.7478
1257.15	10.8125
1257.27	10.8908
1257.4	10.9758
1257.53	11.0584
1257.65	11.1266
1257.78	11.2009
1257.9	11.2632
1258.03	11.3334
1258.16	11.4204
1258.28	11.5043
1258.41	11.579
1258.53	11.6565
1258.66	11.7475
1258.79	11.8332
1258.91	11.9092
1259.04	11.9815
1259.16	12.0314
1259.29	12.0456
1259.42	12.0295
1259.54	12.0117
1259.67	11.9796
1259.79	11.9248
1259.92	11.8429
1260.05	11.7428
1260.17	11.6279
1260.3	11.4848
1260.42	11.3377
1260.55	11.1814
1260.67	11.0401
1260.8	10.8991
1260.93	10.7643
1261.05	10.6221
1261.18	10.4514
1261.3	10.272
1261.43	10.0755
1261.56	9.85615
1261.68	9.62808
1261.81	9.39338
1261.93	9.16272
1262.06	8.94297
1262.18	8.73595
1262.31	8.53838
1262.44	8.35441
1262.56	8.16616
1262.69	7.98834
1262.81	7.83606
1262.94	7.71844
1263.06	7.62005
1263.19	7.5363
1263.32	7.47921
1263.44	7.45432
1263.57	7.46387
1263.69	7.4784
1263.82	7.52143
1263.94	7.59745
1264.07	7.699
1264.2	7.82069
1264.32	7.95407
1264.45	8.10153
1264.57	8.25225
1264.7	8.41313
1264.82	8.56935
1264.95	8.71146
1265.07	8.85071
1265.2	8.96998
1265.33	9.09233
1265.45	9.23226
1265.58	9.36881
1265.7	9.49182
1265.83	9.59862
1265.95	9.70024
1266.08	9.80594
1266.2	9.91961
1266.33	10.0462
1266.45	10.1819
1266.58	10.3224
1266.71	10.4539
1266.83	10.5971
1266.96	10.7479
1267.08	10.9093
1267.21	11.0787
1267.33	11.2575
1267.46	11.4332
1267.58	11.6104
1267.71	11.787
1267.83	11.9442
1267.96	12.0884
1268.08	12.2159
1268.21	12.3231
1268.33	12.3957
1268.46	12.427
1268.59	12.4388
1268.71	12.4258
1268.84	12.3886
1268.96	12.3215
1269.09	12.1985
1269.21	12.0464
1269.34	11.8834
1269.46	11.7217
1269.59	11.545
1269.71	11.357
1269.84	11.1585
1269.96	10.9486
1270.09	10.7267
1270.21	10.5044
1270.34	10.2641
1270.46	10.005
1270.59	9.74048
1270.71	9.475
1270.84	9.21967
1270.96	8.98102
1271.09	8.75961
1271.21	8.56544
1271.34	8.39212
1271.46	8.27031
1271.59	8.18968
1271.71	8.1585
1271.84	8.1588
1271.96	8.18995
1272.09	8.26327
1272.21	8.34936
1272.34	8.4614
1272.46	8.615
1272.59	8.78484
1272.71	8.97036
1272.84	9.1642
1272.96	9.36223
1273.09	9.56573
1273.21	9.76352
1273.34	9.94719
1273.46	10.1244
1273.59	10.2989
1273.71	10.4578
1273.84	10.5831
1273.96	10.6623
1274.08	10.6921
1274.2	10.6811
1274.33	10.6268
1274.46	10.5241
1274.58	10.3975
1274.71	10.2459
1274.83	10.0649
1274.96	9.85935
1275.08	9.63113
1275.21	9.38298
1275.33	9.12827
1275.46	8.86176
1275.59	8.58092
1275.71	8.28762
1275.84	8.00138
1275.96	7.72895
1276.09	7.48574
1276.21	7.26615
1276.34	7.04684
1276.46	6.85427
1276.59	6.68753
1276.72	6.55791
1276.84	6.45386
1276.97	6.38561
1277.09	6.35676
1277.22	6.34583
1277.34	6.35734
1277.47	6.37944
1277.59	6.42406
1277.72	6.49141
1277.84	6.57387
1277.97	6.66388
1278.09	6.78497
1278.22	6.92376
1278.35	7.07886
1278.47	7.25854
1278.6	7.44837
1278.72	7.64497
1278.85	7.84593
1278.97	8.05722
1279.1	8.25722
1279.22	8.4433
1279.35	8.63187
1279.47	8.79963
1279.6	8.93689
1279.72	9.04239
1279.85	9.09729
1279.97	9.13958
1280.1	9.17872
1280.22	9.21654
1280.35	9.24843
1280.48	9.26125
1280.6	9.26608
1280.72	9.26557
1280.85	9.25092
1280.98	9.22125
1281.1	9.16337
1281.23	9.11022
1281.35	9.06277
1281.48	9.01676
1281.6	8.97952
1281.73	8.95179
1281.85	8.93643
1281.98	8.92326
1282.1	8.91213
1282.23	8.91135
1282.35	8.92056
1282.48	8.94638
1282.6	8.97789
1282.73	9.01252
1282.85	9.04865
1282.98	9.07541
1283.1	9.1025
1283.23	9.12167
1283.35	9.12904
1283.48	9.12905
1283.6	9.11669
1283.73	9.08404
1283.85	9.04772
1283.98	9.00605
1284.1	8.96449
1284.23	8.93223
1284.35	8.90002
1284.48	8.85827
1284.6	8.79232
1284.73	8.70036
1284.85	8.58006
1284.98	8.45102
1285.1	8.32144
1285.22	8.19883
1285.35	8.08802
1285.47	7.98467
1285.6	7.88557
1285.72	7.78941
1285.85	7.69042
1285.97	7.57759
1286.1	7.46153
1286.22	7.32999
1286.35	7.19827
1286.47	7.07187
1286.6	6.95445
1286.72	6.85286
1286.85	6.76884
1286.97	6.70466
1287.1	6.65201
1287.22	6.62901
1287.35	6.63071
1287.47	6.67216
1287.59	6.73849
1287.72	6.84143
1287.84	6.96394
1287.97	7.09992
1288.09	7.25357
1288.22	7.41202
1288.34	7.58405
1288.47	7.7505
1288.59	7.8959
1288.72	8.04547
1288.84	8.20925
1288.96	8.35793
1289.09	8.49975
1289.21	8.65849
1289.34	8.83387
1289.46	9.00908
1289.59	9.17488
1289.71	9.34498
1289.84	9.49444
1289.96	9.62396
1290.09	9.74093
1290.21	9.82012
1290.33	9.86043
1290.46	9.87084
1290.58	9.84959
1290.71	9.81343
1290.83	9.7546
1290.96	9.67142
1291.08	9.56306
1291.2	9.41306
1291.33	9.23365
1291.45	9.02766
1291.58	8.78914
1291.7	8.52155
1291.83	8.22026
1291.95	7.90409
1292.08	7.58198
1292.2	7.25191
1292.32	6.92224
1292.45	6.59577
1292.57	6.27113
1292.7	5.9523
1292.82	5.64828
1292.95	5.36658
1293.07	5.11316
1293.19	4.88777
1293.32	4.68756
1293.44	4.51235
1293.57	4.37074
1293.69	4.25838
1293.81	4.18401
1293.94	4.15343
1294.06	4.17226
1294.19	4.23894
1294.31	4.33962
1294.44	4.46258
1294.56	4.63379
1294.68	4.84277
1294.81	5.09918
1294.93	5.38797
1295.06	5.68287
1295.18	5.98004
1295.3	6.26973
1295.43	6.55484
1295.55	6.83142
1295.68	7.11535
1295.8	7.39787
1295.92	7.6859
1296.05	7.97967
1296.17	8.26781
1296.3	8.54395
1296.42	8.79737
1296.54	9.01514
1296.67	9.18923
1296.79	9.32501
1296.92	9.41013
1297.04	9.45498
1297.16	9.44957
1297.29	9.40366
1297.41	9.31579
1297.54	9.18634
1297.66	9.02486
1297.78	8.82629
1297.91	8.6093
1298.03	8.37953
1298.16	8.14738
1298.28	7.91523
1298.4	7.69513
1298.53	7.48063
1298.65	7.28338
1298.77	7.09027
1298.9	6.91456
1299.02	6.74824
1299.15	6.56189
1299.27	6.36675
1299.39	6.19377
1299.52	6.03326
1299.64	5.87459
1299.76	5.73897
1299.89	5.64053
1299.97	5.59587
1300.09	5.53506
1300.22	5.50008
1300.34	5.50808
1300.46	5.53057
1300.59	5.56645
1300.71	5.60593
1300.84	5.65194
1300.96	5.70918
1301.09	5.78493
1301.21	5.87105
1301.34	5.94667
1301.46	6.01064
1301.58	6.06622
1301.71	6.1182
1301.83	6.14021
1301.96	6.14078
1302.08	6.11127
1302.21	6.04992
1302.33	5.96316
1302.45	5.83891
1302.58	5.69974
1302.7	5.54871
1302.83	5.38101
1302.95	5.2069
1303.08	5.02806
1303.2	4.84746
1303.32	4.68576
1303.45	4.54884
1303.57	4.42143
1303.7	4.30021
1303.82	4.18666
1303.94	4.09183
1304.07	4.02256
1304.19	3.97909
1304.32	3.95788
1304.44	3.97692
1304.57	4.02767
1304.69	4.10661
1304.81	4.20508
1304.94	4.30924
1305.06	4.43444
1305.19	4.6047
1305.31	4.80019
1305.43	5.00105
1305.56	5.19651
1305.68	5.38974
1305.81	5.57765
1305.93	5.76026
1306.05	5.93158
1306.18	6.0886
1306.3	6.2342
1306.43	6.37715
1306.55	6.51643
1306.67	6.64977
1306.8	6.77223
1306.92	6.88708
1307.05	6.99823
1307.17	7.09699
1307.29	7.18318
1307.42	7.24745
1307.54	7.29661
1307.67	7.33026
1307.79	7.33455
1307.91	7.32538
1308.04	7.29002
1308.16	7.2308
1308.29	7.15709
1308.41	7.06555
1308.53	6.9751
1308.66	6.88257
1308.78	6.77972
1308.9	6.68188
1309.03	6.5922
1309.15	6.51863
1309.28	6.45881
1309.4	6.40489
1309.52	6.36963
1309.65	6.32155
1309.77	6.26272
1309.9	6.20525
1310.02	6.14918
1310.14	6.07268
1310.27	5.97421
1310.39	5.86998
1310.51	5.75755
1310.64	5.62975
1310.76	5.48993
1310.88	5.36123
1311.01	5.21784
1311.13	5.04372
1311.26	4.84522
1311.38	4.6331
1311.5	4.43822
1311.63	4.25622
1311.75	4.08145
1311.87	3.91219
1312	3.74867
1312.12	3.62084
1312.24	3.52633
1312.37	3.46421
1312.49	3.41377
1312.61	3.3759
1312.74	3.34611
1312.86	3.33548
1312.99	3.3409
1313.11	3.35977
1313.23	3.3876
1313.36	3.40227
1313.48	3.41513
1313.6	3.43685
1313.73	3.45053
1313.85	3.46671
1313.97	3.48594
1314.1	3.48716
1314.22	3.46674
1314.34	3.43584
1314.47	3.40783
1314.59	3.39084
1314.71	3.40308
1314.84	3.42225
1314.96	3.44979
1315.08	3.50126
1315.21	3.54336
1315.33	3.59332
1315.45	3.64271
1315.58	3.69928
1315.7	3.77327
1315.82	3.85713
1315.95	3.92914
1316.07	3.98214
1316.19	4.02158
1316.32	4.05157
1316.44	4.06454
1316.56	4.06472
1316.69	4.06333
1316.81	4.04308
1316.93	4.01145
1317.06	3.97216
1317.18	3.91109
1317.3	3.82739
1317.43	3.73336
1317.55	3.61904
1317.67	3.4961
1317.79	3.3463
1317.92	3.17188
1318.04	2.98544
1318.16	2.79634
1318.29	2.58454
1318.41	2.35336
1318.53	2.10122
1318.66	1.83764
1318.78	1.56061
1318.9	1.28504
1319.03	1.0141
1319.15	0.757278
1319.27	0.510345
1319.4	0.263035
1319.52	0.0466974
1319.64	-0.140863
1319.76	-0.285753
1319.89	-0.399064
1320.01	-0.461128
1320.13	-0.476027
1320.26	-0.438681
1320.38	-0.344899
1320.5	-0.203336
1320.63	-0.0244882
1320.75	0.187701
1320.87	0.439984
1320.99	0.739394
1321.12	1.07713
1321.24	1.43029
1321.36	1.81966
1321.48	2.21517
1321.61	2.59174
1321.73	2.94376
1321.85	3.27166
1321.98	3.56914
1322.1	3.84845
1322.22	4.0819
1322.35	4.24957
1322.47	4.35617
1322.59	4.4097
1322.71	4.41761
1322.84	4.3605
1322.96	4.23676
1323.08	4.05216
1323.2	3.81302
1323.33	3.5371
1323.45	3.22035
1323.57	2.87912
1323.7	2.52331
1323.82	2.14771
1323.94	1.76006
1324.06	1.39277
1324.19	1.04731
1324.31	0.698662
1324.43	0.360808
1324.55	0.018458
1324.68	-0.322369
1324.8	-0.641694
1324.92	-0.931733
1325.04	-1.17771
1325.14	-1.34112
1325.27	-1.48756
1325.39	-1.59704
1325.51	-1.65717
1325.64	-1.66357
1325.76	-1.6264
1325.88	-1.52376
1326.01	-1.37995
1326.13	-1.20271
1326.25	-1.00312
1326.38	-0.791285
1326.5	-0.569594
1326.62	-0.346762
1326.75	-0.132484
1326.87	0.0745957
1326.99	0.277559
1327.12	0.483319
1327.24	0.698243
1327.36	0.88851
1327.49	1.06964
1327.61	1.23909
1327.73	1.38555
1327.86	1.51498
1327.98	1.62717
1328.1	1.7054
1328.22	1.77335
1328.35	1.82058
1328.47	1.86991
1328.59	1.94117
1328.72	2.02165
1328.84	2.10361
1328.96	2.20018
1329.09	2.29039
1329.21	2.39733
1329.33	2.50519
1329.46	2.62269
1329.58	2.74702
1329.7	2.89338
1329.82	3.05849
1329.95	3.23321
1330.07	3.42287
1330.19	3.62128
1330.32	3.83786
1330.44	4.06707
1330.56	4.31026
1330.69	4.54873
1330.81	4.78505
1330.93	4.99468
1331.05	5.18029
1331.18	5.34813
1331.3	5.48775
1331.42	5.58899
1331.55	5.65139
1331.67	5.65871
1331.79	5.62082
1331.91	5.552
1332.04	5.42605
1332.16	5.25736
1332.28	5.04932
1332.41	4.79916
1332.53	4.53025
1332.65	4.25229
1332.77	3.94718
1332.9	3.61307
1333.02	3.27357
1333.14	2.9397
1333.27	2.60827
1333.39	2.27539
1333.51	1.9535
1333.63	1.64675
1333.76	1.35965
1333.88	1.09066
1334	0.826398
1334.13	0.601776
1334.25	0.418502
1334.37	0.278333
1334.49	0.19278
1334.62	0.168852
1334.74	0.172197
1334.86	0.191689
1334.98	0.237407
1335.11	0.302228
1335.23	0.396623
1335.35	0.507089
1335.47	0.629979
1335.6	0.765658
1335.72	0.920081
1335.84	1.08858
1335.96	1.27556
1336.09	1.47728
1336.21	1.70295
1336.33	1.9375
1336.45	2.16107
1336.58	2.3612
1336.7	2.54011
1336.82	2.68642
1336.95	2.80181
1337.07	2.8845
1337.19	2.93377
1337.31	2.94486
1337.43	2.92933
1337.56	2.88963
1337.68	2.83317
1337.8	2.74358
1337.92	2.62518
1338.05	2.49278
1338.17	2.32964
1338.29	2.13749
1338.41	1.91459
1338.54	1.66007
1338.66	1.38469
1338.78	1.11398
1338.9	0.847501
1339.03	0.591378
1339.15	0.378569
1339.27	0.197864
1339.39	0.0496018
1339.52	-0.0746329
1339.64	-0.177911
1339.76	-0.248502
1339.88	-0.305849
1340	-0.331762
1340.13	-0.336037
1340.25	-0.299977
1340.37	-0.247071
1340.49	-0.17732
1340.62	-0.0789064
1340.74	0.0511825
1340.86	0.218921
1340.98	0.419759
1341.1	0.657613
1341.23	0.905813
1341.35	1.1682
1341.47	1.44367
1341.59	1.7414
1341.71	2.04849
1341.84	2.34395
1341.96	2.62626
1342.08	2.88531
1342.2	3.1185
1342.33	3.34165
1342.45	3.53226
1342.57	3.67926
1342.69	3.79566
1342.81	3.86358
1342.94	3.87975
1343.06	3.85292
1343.18	3.77188
1343.3	3.64431
1343.42	3.47538
1343.55	3.27762
1343.67	3.04323
1343.79	2.77407
1343.91	2.48501
1344.03	2.18928
1344.16	1.88293
1344.28	1.56074
1344.4	1.22616
1344.52	0.89067
1344.64	0.581081
1344.77	0.303154
1344.89	0.0585702
1345.01	-0.153287
1345.13	-0.324121
1345.25	-0.470193
1345.37	-0.58429
1345.5	-0.6639
1345.62	-0.689916
1345.74	-0.661327
1345.86	-0.608501
1345.98	-0.523492
1346.11	-0.413112
1346.23	-0.246362
1346.35	-0.0258586
1346.47	0.255472
1346.59	0.585888
1346.71	0.948007
1346.84	1.32009
1346.96	1.69992
1347.08	2.09057
1347.2	2.47141
1347.32	2.82013
1347.45	3.13576
1347.57	3.42392
1347.69	3.68661
1347.81	3.91539
1347.93	4.11793
1348.05	4.28165
1348.18	4.40825
1348.3	4.48127
1348.42	4.52902
1348.54	4.53845
1348.66	4.4889
1348.78	4.38752
1348.9	4.22502
1349.03	4.0099
1349.15	3.74809
1349.27	3.45078
1349.39	3.10557
1349.51	2.73768
1349.63	2.38119
1349.76	2.02064
1349.88	1.66117
1350	1.30346
1350.12	0.9811
1350.24	0.682402
1350.36	0.410286
1350.48	0.180069
1350.61	-0.0229123
1350.61	-0.0086033
1350.73	-0.186817
1350.85	-0.310095
1350.98	-0.373205
1351.1	-0.384223
1351.22	-0.332873
1351.34	-0.220901
1351.47	-0.0407852
1351.59	0.180467
1351.71	0.456532
1351.83	0.777285
1351.95	1.12211
1352.08	1.4865
1352.2	1.86367
1352.32	2.24411
1352.44	2.62219
1352.56	2.99348
1352.69	3.35105
1352.81	3.68973
1352.93	3.9976
1353.05	4.27271
1353.17	4.48089
1353.3	4.6182
1353.42	4.69373
1353.54	4.70469
1353.66	4.6659
1353.78	4.56152
1353.91	4.38394
1354.03	4.13838
1354.15	3.8525
1354.27	3.5431
1354.39	3.20301
1354.52	2.81672
1354.64	2.40029
1354.76	1.97558
1354.88	1.54767
1355	1.14295
1355.13	0.758935
1355.25	0.39104
1355.37	0.0631303
1355.49	-0.21241
1355.61	-0.449229
1355.73	-0.63768
1355.86	-0.758676
1355.98	-0.840565
1356.1	-0.873142
1356.22	-0.863799
1356.34	-0.801467
1356.47	-0.6833
1356.59	-0.484204
1356.71	-0.207007
1356.83	0.138903
1356.95	0.54447
1357.07	0.986959
1357.2	1.46712
1357.32	1.98141
1357.44	2.51025
1357.56	3.04148
1357.68	3.55746
1357.8	4.05763
1357.93	4.53471
1358.05	4.9739
1358.17	5.38061
1358.29	5.74592
1358.41	6.0393
1358.53	6.27983
1358.66	6.46304
1358.78	6.6082
1358.9	6.69991
1359.02	6.72586
1359.14	6.69521
1359.26	6.59624
1359.39	6.42414
1359.51	6.18648
1359.63	5.8905
1359.75	5.5538
1359.87	5.19551
1359.99	4.80769
1360.11	4.38081
1360.24	3.93587
1360.36	3.48698
1360.48	3.03614
1360.6	2.57116
1360.72	2.10131
1360.84	1.63329
1360.96	1.15504
1361.09	0.682738
1361.21	0.239732
1361.33	-0.181262
1361.45	-0.569107
1361.57	-0.914119
1361.69	-1.20348
1361.81	-1.42408
1361.94	-1.571
1362.06	-1.66421
1362.18	-1.68439
1362.3	-1.64919
1362.42	-1.56772
1362.54	-1.42562
1362.66	-1.23598
1362.78	-1.00973
1362.91	-0.736069
1363.03	-0.420564
1363.15	-0.0809193
1363.27	0.292169
1363.39	0.674222
1363.51	1.06739
1363.63	1.43526
1363.76	1.79484
1363.88	2.14877
1364	2.463
1364.12	2.74795
1364.24	2.97084
1364.36	3.13524
1364.48	3.25958
1364.6	3.34563
1364.72	3.36707
1364.85	3.32455
1364.97	3.22678
1365.09	3.08353
1365.21	2.8947
1365.33	2.65185
1365.45	2.38411
1365.57	2.08275
1365.69	1.76201
1365.81	1.45606
1365.94	1.14081
1366.06	0.810694
1366.18	0.48048
1366.3	0.151282
1366.42	-0.180432
1366.54	-0.484896
1366.66	-0.761739
1366.78	-1.00744
1366.9	-1.21274
1367.02	-1.35966
1367.15	-1.445
1367.27	-1.47729
1367.39	-1.46291
1367.51	-1.41
1367.63	-1.30725
1367.75	-1.16981
1367.87	-1.00519
1367.99	-0.802973
1368.11	-0.569277
1368.23	-0.304376
1368.35	-0.0177958
1368.48	0.292189
1368.6	0.606596
1368.72	0.913496
1368.84	1.19802
1368.96	1.48284
1369.08	1.75048
1369.2	2.00294
1369.32	2.21783
1369.44	2.39833
1369.56	2.5262
1369.68	2.59057
1369.8	2.59581
1369.92	2.56225
1370.05	2.50112
1370.17	2.42172
1370.29	2.30254
1370.41	2.15501
1370.53	1.99366
1370.65	1.83187
1370.77	1.67421
1370.89	1.51184
1371.01	1.36201
1371.13	1.21517
1371.25	1.07483
1371.37	0.93723
1371.49	0.820208
1371.61	0.716523
1371.73	0.624305
1371.86	0.577517
1371.98	0.565997
1372.1	0.586685
1372.22	0.648391
1372.34	0.754577
1372.46	0.884854
1372.58	1.04221
1372.7	1.20613
1372.82	1.39938
1372.94	1.62299
1373.06	1.86437
1373.18	2.13559
1373.3	2.42312
1373.42	2.71453
1373.54	2.98639
1373.66	3.24297
1373.78	3.48876
1373.9	3.72613
1374.02	3.94146
1374.15	4.15599
1374.27	4.35673
1374.39	4.52786
1374.51	4.67778
1374.55	4.7266
1374.68	4.81715
1374.8	4.8732
1374.92	4.89143
1375.04	4.86893
1375.16	4.82891
1375.28	4.7623
1375.4	4.65811
1375.52	4.51109
1375.65	4.33972
1375.77	4.1582
1375.89	3.96693
1376.01	3.7764
1376.13	3.58124
1376.25	3.35764
1376.37	3.12905
1376.49	2.90288
1376.61	2.674
1376.73	2.44511
1376.86	2.23499
1376.98	2.03171
1377.1	1.83402
1377.22	1.65981
1377.34	1.52367
1377.46	1.42048
1377.58	1.33655
1377.7	1.26642
1377.82	1.22434
1377.94	1.20993
1378.06	1.19924
1378.19	1.18966
1378.31	1.19266
1378.43	1.21426
1378.55	1.2504
1378.67	1.30088
1378.79	1.36148
1378.91	1.41678
1379.03	1.47915
1379.15	1.55469
1379.27	1.64416
1379.39	1.72203
1379.52	1.79055
1379.64	1.84046
1379.76	1.86627
1379.88	1.87836
1380	1.87102
1380.12	1.84182
1380.24	1.78721
1380.36	1.71444
1380.48	1.62035
1380.6	1.50273
1380.72	1.38702
1380.84	1.2694
1380.96	1.14948
1381.08	1.03038
1381.21	0.90311
1381.33	0.782712
1381.45	0.658562
1381.57	0.530457
1381.69	0.405084
1381.81	0.284945
1381.93	0.168516
1382.05	0.0816634
1382.17	0.0390649
1382.29	0.00824142
1382.41	-0.00399518
1382.53	0.00729409
1382.65	0.0428403
1382.77	0.0855643
1382.89	0.139501
1383.01	0.204187
1383.14	0.307861
1383.26	0.437729
1383.38	0.598453
1383.5	0.789378
1383.62	0.984999
1383.74	1.19459
1383.86	1.40301
1383.98	1.62007
1384.1	1.83731
1384.22	2.06051
1384.34	2.28859
1384.46	2.53475
1384.58	2.78715
1384.7	3.03537
1384.82	3.26284
1384.94	3.45746
1385.06	3.60868
1385.18	3.73841
1385.3	3.84689
1385.42	3.9248
1385.54	3.97523
1385.66	3.9836
1385.78	3.95197
1385.91	3.88889
1386.03	3.80288
1386.15	3.6807
1386.27	3.52841
1386.39	3.34417
1386.51	3.11278
1386.63	2.84774
1386.75	2.58274
1386.87	2.32138
1386.99	2.05234
1387.11	1.78885
1387.23	1.5327
1387.35	1.27216
1387.47	1.02255
1387.59	0.791573
1387.71	0.576549
1387.83	0.372926
1387.95	0.182178
1388.07	0.0127237
1388.19	-0.120814
1388.31	-0.227674
1388.43	-0.331258
1388.55	-0.428685
1388.67	-0.515042
1388.79	-0.583803
1388.91	-0.638502
1389.03	-0.671304
1389.15	-0.703826
1389.27	-0.72006
1389.39	-0.701345
1389.51	-0.659277
1389.63	-0.609949
1389.75	-0.56656
1389.87	-0.509049
1389.99	-0.455259
1390.11	-0.407926
1390.23	-0.34768
1390.35	-0.297085
1390.47	-0.270584
1390.59	-0.261113
1390.71	-0.250221
1390.83	-0.235017
1390.95	-0.208622
1391.07	-0.178291
1391.19	-0.144851
1391.31	-0.114568
1391.43	-0.0776691
1391.55	-0.036925
1391.67	0.00393225
1391.79	0.0321509
1391.91	0.0386159
1392.03	0.0400554
1392.15	0.0341796
1392.27	0.0285772
1392.39	0.0367001
1392.51	0.0484671
1392.63	0.0440942
1392.75	0.0434005
1392.87	0.0570564
1392.99	0.0792423
1393.11	0.101961
1393.23	0.130453
1393.35	0.146493
1393.47	0.164048
1393.59	0.180724
1393.71	0.198906
1393.83	0.209067
1393.94	0.208692
1394.06	0.225086
1394.18	0.237572
1394.3	0.240035
1394.42	0.228933
1394.54	0.222182
1394.66	0.221386
1394.78	0.234831
1394.9	0.261548
1395.02	0.289999
1395.14	0.311142
1395.26	0.346937
1395.38	0.384057
1395.5	0.447413
1395.62	0.515349
1395.74	0.600714
1395.86	0.692995
1395.98	0.790128
1396.1	0.904348
1396.22	1.03558
1396.34	1.17534
1396.46	1.30651
1396.58	1.41343
1396.7	1.49007
1396.82	1.53338
1396.93	1.56826
1397.05	1.60316
1397.17	1.6262
1397.29	1.63295
1397.41	1.63915
1397.53	1.62285
1397.65	1.58226
1397.77	1.53051
1397.89	1.45604
1398.01	1.36562
1398.13	1.26508
1398.25	1.15213
1398.37	1.02695
1398.49	0.89592
1398.61	0.757257
1398.73	0.60493
1398.85	0.450775
1398.96	0.303995
1399.08	0.156117
1399.2	0.0104265
1399.32	-0.109833
1399.44	-0.227222
1399.56	-0.293652
1399.68	-0.327111
1399.8	-0.347159
1399.92	-0.354922
1400.04	-0.350591
1400.16	-0.326861
1400.28	-0.305387
1400.4	-0.269657
1400.52	-0.224041
1400.64	-0.200306
1400.76	-0.175482
1400.88	-0.150642
1401	-0.116243
1401.12	-0.0846594
1401.24	-0.0574615
1401.36	-0.0469485
1401.48	-0.0294333
1401.6	-0.00498207
1401.72	0.0380803
1401.84	0.0864006
1401.96	0.127075
1402.08	0.17092
1402.2	0.204992
1402.32	0.246307
1402.44	0.285554
1402.56	0.315273
1402.67	0.340546
1402.79	0.367967
1402.91	0.392471
1403.03	0.424804
1403.15	0.467358
1403.27	0.516146
1403.39	0.568901
1403.51	0.622773
1403.63	0.664178
1403.75	0.709943
1403.87	0.750256
1403.99	0.78703
1404.11	0.813353
1404.23	0.84424
1404.35	0.881203
1404.47	0.894878
1404.59	0.88963
1404.71	0.860806
1404.83	0.811918
1404.95	0.746156
1405.07	0.66882
1405.19	0.568116
1405.31	0.449984
1405.43	0.316533
1405.55	0.201522
1405.67	0.0789154
1405.79	-0.0289879
1405.91	-0.134906
1406.03	-0.221802
1406.15	-0.309031
1406.26	-0.368636
1406.38	-0.392751
1406.5	-0.388358
1406.62	-0.347105
1406.74	-0.286312
1406.86	-0.220015
1406.98	-0.142341
1407.1	-0.0299802
1407.22	0.126368
1407.34	0.313364
1407.46	0.527906
1407.58	0.777606
1407.7	1.0499
1407.82	1.33369
1407.94	1.62841
1408.06	1.93477
1408.18	2.23155
1408.3	2.51714
1408.42	2.77893
1408.53	3.00403
1408.65	3.19104
1408.77	3.34212
1408.89	3.46196
1409.01	3.54629
1409.13	3.58912
1409.25	3.59144
1409.37	3.54322
1409.49	3.45981
1409.61	3.35417
1409.73	3.21714
1409.85	3.06875
1409.97	2.89459
1410.09	2.70096
1410.2	2.49706
1410.32	2.27526
1410.44	2.04201
1410.56	1.81391
1410.68	1.59145
1410.8	1.36679
1410.92	1.14595
1411.04	0.967077
1411.16	0.796341
1411.28	0.650027
1411.4	0.498707
1411.52	0.380003
1411.64	0.293278
1411.75	0.24699
1411.87	0.232705
1411.99	0.251612
1412.11	0.303428
1412.23	0.378208
1412.35	0.470252
1412.47	0.568528
1412.59	0.69346
1412.71	0.832823
1412.83	0.976115
1412.94	1.12096
1413.06	1.2712
1413.18	1.41129
1413.3	1.54354
1413.42	1.66591
1413.54	1.7935
1413.66	1.91229
1413.78	2.01519
1413.9	2.11714
1414.02	2.20708
1414.14	2.28691
1414.25	2.37667
1414.37	2.46656
1414.49	2.56963
1414.61	2.67598
1414.73	2.78277
1414.85	2.90276
1414.97	3.03491
1415.09	3.18237
1415.21	3.34748
1415.32	3.5155
1415.44	3.66635
1415.56	3.81043
1415.68	3.95457
1415.8	4.11633
1415.92	4.25807
1416.04	4.39584
1416.16	4.51499
1416.27	4.62429
1416.39	4.71838
1416.51	4.81022
1416.63	4.87268
1416.75	4.90941
1416.87	4.93471
1416.99	4.92737
1417.11	4.88519
1417.22	4.81479
1417.34	4.73035
1417.46	4.64299
1417.58	4.542
1417.7	4.44519
1417.82	4.35178
1417.94	4.25671
1418.05	4.18391
1418.17	4.13032
1418.29	4.08788
1418.41	4.03723
1418.53	3.9824
1418.65	3.92635
1418.77	3.87025
1418.89	3.83312
1419	3.81959
1419.12	3.83024
1419.24	3.86998
1419.36	3.92708
1419.48	4.00099
1419.6	4.09051
1419.72	4.19103
1419.83	4.29613
1419.95	4.3996
1420.07	4.50976
1420.19	4.6401
1420.31	4.79567
1420.43	4.95034
1420.54	5.08907
1420.66	5.21526
1420.78	5.33743
1420.9	5.44202
1421.02	5.52578
1421.14	5.58429
1421.26	5.62222
1421.37	5.61554
1421.49	5.57712
1421.61	5.48513
1421.73	5.3963
1421.85	5.29248
1421.97	5.16277
1422.08	5.02229
1422.2	4.86951
1422.32	4.69918
1422.44	4.51171
1422.56	4.3107
1422.67	4.12561
1422.79	3.97213
1422.91	3.83405
1423.03	3.71528
1423.15	3.61208
1423.27	3.53489
1423.39	3.49104
1423.5	3.4803
1423.62	3.4899
1423.74	3.53215
1423.74	3.52888
1423.86	3.57711
1423.98	3.66385
1424.1	3.7618
1424.22	3.88486
1424.34	4.03132
1424.46	4.17916
1424.58	4.33952
1424.69	4.50223
1424.81	4.67619
1424.93	4.86798
1425.05	5.08364
1425.17	5.30843
1425.29	5.54137
1425.41	5.76599
1425.53	5.9641
1425.65	6.14999
1425.76	6.32154
1425.88	6.47627
1426	6.59873
1426.12	6.70907
1426.24	6.79664
1426.36	6.87151
1426.48	6.92869
1426.6	6.96423
1426.71	6.97112
1426.83	6.97738
1426.95	6.97816
1427.07	6.95018
1427.19	6.90969
1427.31	6.85128
1427.43	6.78144
1427.54	6.71279
1427.66	6.6389
1427.78	6.5686
1427.9	6.50181
1428.02	6.43043
1428.14	6.36752
1428.26	6.29653
1428.38	6.20152
1428.49	6.0613
1428.61	5.91256
1428.73	5.76155
1428.85	5.61271
1428.97	5.46309
1429.09	5.30647
1429.21	5.15417
1429.32	5.01442
1429.44	4.86014
1429.56	4.68445
1429.68	4.50446
1429.8	4.31315
1429.92	4.10878
1430.04	3.88832
1430.15	3.67601
1430.27	3.49001
1430.39	3.32178
1430.51	3.14859
1430.63	2.98392
1430.75	2.83978
1430.86	2.73579
1430.98	2.66525
1431.1	2.6208
1431.22	2.6081
1431.34	2.63307
1431.46	2.68819
1431.57	2.77004
1431.69	2.87754
1431.81	3.0379
1431.93	3.22475
1432.05	3.43513
1432.17	3.66362
1432.28	3.89663
1432.4	4.13063
1432.52	4.37962
1432.64	4.62784
1432.76	4.89101
1432.88	5.16615
1432.99	5.4413
1433.11	5.73032
1433.23	6.00926
1433.35	6.27422
1433.47	6.53189
1433.59	6.75979
1433.7	6.94515
1433.82	7.10057
1433.94	7.21392
1434.06	7.29223
1434.18	7.33309
1434.29	7.32921
1434.41	7.28763
1434.53	7.19955
1434.65	7.05863
1434.77	6.88347
1434.89	6.66636
1435	6.43255
1435.12	6.18063
1435.24	5.91602
1435.36	5.65164
1435.48	5.40185
1435.59	5.16474
1435.71	4.93536
1435.83	4.71679
1435.95	4.5078
1436.07	4.32854
1436.18	4.17741
1436.3	4.05491
1436.42	3.94546
1436.54	3.85955
1436.66	3.79088
1436.77	3.74854
1436.89	3.74394
1437.01	3.78733
1437.13	3.85573
1437.25	3.94519
1437.36	4.06595
1437.48	4.19646
1437.6	4.34957
1437.72	4.53575
1437.84	4.75341
1437.95	4.9812
1438.07	5.20959
1438.19	5.42409
1438.31	5.61616
1438.43	5.78061
1438.54	5.90061
1438.66	5.9791
1438.78	6.05557
1438.9	6.10834
1439.01	6.14441
1439.13	6.15558
1439.25	6.13989
1439.37	6.10816
1439.49	6.04816
1439.6	5.94794
1439.72	5.82
1439.84	5.69086
1439.96	5.54199
1440.07	5.36642
1440.19	5.17189
1440.31	4.98424
1440.43	4.79594
1440.54	4.58748
1440.66	4.38117
1440.78	4.19349
1440.9	4.01625
1441.02	3.87059
1441.13	3.74924
1441.25	3.65311
1441.37	3.59293
1441.49	3.56805
1441.6	3.56946
1441.72	3.60514
1441.84	3.68327
1441.96	3.79454
1442.07	3.92957
1442.19	4.08772
1442.31	4.24976
1442.43	4.4227
1442.54	4.59971
1442.66	4.77965
1442.78	4.94372
1442.9	5.10889
1443.01	5.28398
1443.13	5.46037
1443.25	5.62104
1443.37	5.75486
1443.48	5.86858
1443.6	5.97469
1443.72	6.07224
1443.84	6.15901
1443.95	6.23591
1444.07	6.29368
1444.19	6.33288
1444.31	6.36247
1444.42	6.3958
1444.54	6.42335
1444.66	6.43388
1444.78	6.43587
1444.89	6.42327
1445.01	6.38866
1445.13	6.3377
1445.24	6.26643
1445.36	6.18558
1445.48	6.11036
1445.6	6.03925
1445.71	5.96361
1445.83	5.89352
1445.95	5.816
1446.07	5.74609
1446.18	5.69577
1446.3	5.65374
1446.42	5.60475
1446.53	5.53694
1446.65	5.44283
1446.77	5.32072
1446.89	5.19159
1447	5.05747
1447.12	4.91158
1447.24	4.74435
1447.36	4.56407
1447.42	4.46182
1447.53	4.27359
1447.65	4.0952
1447.77	3.92766
1447.89	3.76642
1448	3.59957
1448.12	3.4325
1448.24	3.28113
1448.36	3.1289
1448.48	2.99357
1448.59	2.87168
1448.71	2.77738
1448.83	2.71833
1448.95	2.6849
1449.06	2.68689
1449.18	2.71175
1449.3	2.77217
1449.42	2.8669
1449.54	2.97818
1449.65	3.12655
1449.77	3.30707
1449.89	3.51702
1450.01	3.73287
1450.13	3.9585
1450.24	4.19093
1450.36	4.4358
1450.48	4.67679
1450.6	4.90289
1450.71	5.14722
1450.83	5.37953
1450.95	5.57721
1451.07	5.75934
1451.18	5.91392
1451.3	6.03003
1451.42	6.11158
1451.54	6.15554
1451.65	6.16447
1451.77	6.14655
1451.89	6.09825
1452.01	6.01632
1452.12	5.92128
1452.24	5.81525
1452.36	5.68776
1452.48	5.54669
1452.6	5.4183
1452.71	5.29348
1452.83	5.17077
1452.95	5.05635
1453.07	4.94326
1453.18	4.82862
1453.3	4.70782
1453.42	4.60237
1453.54	4.51067
1453.65	4.44033
1453.77	4.39715
1453.89	4.36351
1454.01	4.34636
1454.12	4.33697
1454.24	4.34355
1454.36	4.37362
1454.47	4.42019
1454.59	4.4777
1454.71	4.54063
1454.83	4.61106
1454.94	4.67014
1455.06	4.70761
1455.18	4.71984
1455.3	4.70247
1455.41	4.66272
1455.53	4.59732
1455.65	4.50368
1455.77	4.37215
1455.88	4.23173
1456	4.07312
1456.12	3.91196
1456.23	3.75096
1456.35	3.58575
1456.47	3.39746
1456.59	3.19255
1456.7	2.96517
1456.82	2.72377
1456.94	2.48125
1457.06	2.23041
1457.17	1.98761
1457.29	1.76137
1457.41	1.56532
1457.52	1.40461
1457.64	1.2743
1457.76	1.15967
1457.88	1.0723
1457.99	1.01329
1458.11	0.989722
1458.23	1.00437
1458.34	1.06253
1458.46	1.13915
1458.58	1.2607
1458.69	1.41367
1458.81	1.59797
1458.93	1.79955
1459.05	2.02629
1459.16	2.26366
1459.28	2.5103
1459.4	2.77744
1459.51	3.04581
1459.63	3.29878
1459.75	3.55772
1459.87	3.79924
1459.98	4.01612
1460.1	4.21717
1460.22	4.40983
1460.33	4.57895
1460.45	4.74393
1460.57	4.90566
1460.68	5.06496
1460.8	5.22721
1460.92	5.38017
1461.04	5.52479
1461.15	5.6586
1461.27	5.78794
1461.39	5.89564
1461.5	5.98027
1461.62	6.03903
1461.74	6.06182
1461.85	6.04371
1461.97	5.98752
1462.09	5.90296
1462.2	5.80503
1462.32	5.6895
1462.44	5.55417
1462.55	5.40886
1462.67	5.26852
1462.79	5.13207
1462.9	4.98949
1463.02	4.83418
1463.14	4.66988
1463.25	4.51987
1463.37	4.36661
1463.49	4.20934
1463.6	4.03884
1463.72	3.87548
1463.84	3.72107
1463.95	3.56247
1464.07	3.42539
1464.19	3.289
1464.3	3.16579
1464.42	3.05685
1464.54	2.96044
1464.65	2.88699
1464.77	2.82388
1464.89	2.77524
1465	2.73211
1465.12	2.68664
1465.24	2.63782
1465.35	2.59133
1465.47	2.55314
1465.59	2.51766
1465.7	2.48365
1465.82	2.45844
1465.94	2.46543
1466.05	2.48363
1466.17	2.518
1466.29	2.56009
1466.4	2.60848
1466.52	2.65918
1466.64	2.71301
1466.75	2.75273
1466.87	2.78031
1466.98	2.80705
1467.1	2.82581
1467.22	2.85411
1467.33	2.88776
1467.45	2.93961
1467.57	2.9995
1467.68	3.06145
1467.8	3.1158
1467.92	3.17674
1468.03	3.2437
1468.15	3.31932
1468.26	3.38866
1468.38	3.45763
1468.5	3.53212
1468.61	3.6327
1468.73	3.74539
1468.85	3.87671
1468.96	4.01693
1469.08	4.18575
1469.2	4.35558
1469.31	4.54025
1469.43	4.73667
1469.54	4.9153
1469.66	5.0825
1469.78	5.24252
1469.89	5.36881
1470.01	5.46374
1470.13	5.53951
1470.24	5.58753
1470.36	5.58606
1470.47	5.56056
1470.59	5.52014
1470.71	5.46319
1470.82	5.39711
1470.94	5.33749
1471.05	5.27657
1471.17	5.21346
1471.29	5.15947
1471.4	5.10042
1471.49	5.05848
1471.61	4.97736
1471.73	4.89196
1471.84	4.80501
1471.96	4.70402
1472.08	4.59293
1472.19	4.4732
1472.31	4.34541
1472.43	4.20682
1472.54	4.06141
1472.66	3.91133
1472.78	3.76249
1472.89	3.60995
1473.01	3.4552
1473.13	3.308
1473.24	3.17177
1473.36	3.00589
1473.48	2.81631
1473.59	2.60867
1473.71	2.40896
1473.83	2.20609
1473.94	1.99811
1474.06	1.79592
1474.18	1.57997
1474.29	1.37428
1474.41	1.17875
1474.53	0.994641
1474.64	0.816778
1474.76	0.632625
1474.88	0.460435
1475	0.295592
1475.11	0.147117
1475.23	0.0117897
1475.34	-0.102812
1475.46	-0.205183
1475.58	-0.289396
1475.69	-0.338498
1475.81	-0.343636
1475.93	-0.308563
1476.04	-0.255435
1476.16	-0.167789
1476.28	-0.0534163
1476.39	0.0902547
1476.51	0.267159
1476.63	0.472638
1476.74	0.700666
1476.86	0.944753
1476.98	1.20989
1477.09	1.4731
1477.21	1.75182
1477.33	2.03883
1477.44	2.34805
1477.56	2.65324
1477.68	2.95405
1477.79	3.22596
1477.91	3.47914
1478.02	3.69955
1478.14	3.88106
1478.26	4.01712
1478.37	4.12705
1478.49	4.20763
1478.61	4.25714
1478.72	4.28288
1478.84	4.28244
1478.95	4.26313
1479.07	4.23769
1479.19	4.19395
1479.3	4.15666
1479.42	4.12127
1479.54	4.08161
1479.65	4.05526
1479.77	4.02679
1479.89	3.98026
1480	3.93087
1480.12	3.88062
1480.23	3.81869
1480.35	3.73609
1480.47	3.65836
1480.58	3.59627
1480.7	3.54336
1480.82	3.50052
1480.93	3.46414
1481.05	3.42059
1481.16	3.37443
1481.28	3.31019
1481.4	3.23187
1481.51	3.12918
1481.63	3.00877
1481.74	2.89477
1481.86	2.76685
1481.98	2.60031
1482.09	2.41209
1482.21	2.20781
1482.33	1.99066
1482.44	1.75937
1482.56	1.51351
1482.67	1.2704
1482.79	1.03283
1482.9	0.800069
1483.02	0.564854
1483.14	0.327227
1483.25	0.0892658
1483.37	-0.162879
1483.49	-0.411148
1483.6	-0.634704
1483.72	-0.832816
1483.83	-1.01402
1483.95	-1.17701
1484.06	-1.31379
1484.18	-1.42144
1484.3	-1.48013
1484.41	-1.48569
1484.53	-1.45653
1484.64	-1.3985
1484.76	-1.30304
1484.88	-1.15451
1484.99	-0.954215
1485.11	-0.707617
1485.22	-0.426202
1485.34	-0.109272
1485.46	0.233443
1485.57	0.604198
1485.69	1.01121
1485.8	1.44695
1485.92	1.89976
1486.03	2.34849
1486.15	2.79938
1486.27	3.24819
1486.38	3.68582
1486.5	4.11559
1486.61	4.52599
1486.73	4.90881
1486.84	5.25686
1486.96	5.57632
1487.08	5.85424
1487.19	6.10524
1487.31	6.3229
1487.42	6.51104
1487.54	6.66371
1487.65	6.77307
1487.77	6.83484
1487.89	6.86097
1488	6.83855
1488.12	6.78505
1488.23	6.6911
1488.35	6.56743
1488.46	6.39738
1488.58	6.1817
1488.69	5.92761
1488.81	5.63347
1488.93	5.3268
1489.04	5.01095
1489.16	4.67699
1489.27	4.33283
1489.39	3.98854
1489.5	3.65167
1489.62	3.31741
1489.73	2.97622
1489.85	2.6375
1489.97	2.30455
1490.08	1.98293
1490.2	1.67426
1490.31	1.38696
1490.43	1.13927
1490.54	0.939717
1490.66	0.790279
1490.77	0.682218
1490.89	0.616742
1491	0.59875
1491.12	0.629704
1491.24	0.699357
1491.35	0.813122
1491.47	0.951697
1491.58	1.13161
1491.7	1.34804
1491.81	1.57971
1491.93	1.82822
1492.04	2.09576
1492.16	2.37624
1492.27	2.66912
1492.39	2.96004
1492.5	3.24917
1492.62	3.5213
1492.73	3.78041
1492.85	4.02187
1492.96	4.24172
1493.08	4.4422
1493.2	4.60931
1493.31	4.74184
1493.43	4.84651
1493.54	4.9334
1493.66	4.97536
1493.77	4.97355
1493.89	4.93121
1494	4.85434
1494.12	4.75358
1494.23	4.63031
1494.35	4.48714
1494.46	4.3214
1494.58	4.14622
1494.69	3.96708
1494.81	3.77769
1494.92	3.56756
1495.04	3.3137
1495.15	3.04127
1495.27	2.79584
1495.38	2.54351
1495.5	2.30287
1495.61	2.08152
1495.73	1.88047
1495.84	1.69861
1495.96	1.53689
1496.07	1.39623
1496.19	1.27528
1496.3	1.17115
1496.31	1.16632
1496.43	1.078
1496.54	1.00183
1496.66	0.931875
1496.77	0.863759
1496.89	0.800886
1497.01	0.729735
1497.12	0.654939
1497.24	0.562387
1497.35	0.453492
1497.47	0.332933
1497.59	0.188861
1497.7	0.0154718
1497.82	-0.181698
1497.93	-0.411391
1498.05	-0.646507
1498.16	-0.884703
1498.28	-1.10891
1498.39	-1.31846
1498.51	-1.51469
1498.63	-1.68629
1498.74	-1.8054
1498.86	-1.86922
1498.97	-1.88123
1499.09	-1.81688
1499.2	-1.61472
1499.32	-1.25613
1499.43	-0.700558
1499.55	0.113714
1499.67	1.26843
1499.78	2.90732
1499.9	5.23908
1499.95	6.73662
1499.99	7.92393
