1060.01	6.51167
1060.14	4.01337
1060.28	2.69213
1060.41	2.06017
1060.55	1.78575
1060.68	1.71252
1060.82	1.71029
1060.95	1.70986
1061.09	1.6784
1061.22	1.61772
1061.36	1.51085
1061.49	1.39065
1061.63	1.26202
1061.76	1.14626
1061.9	1.06678
1062.03	1.02716
1062.17	1.03282
1062.3	1.08132
1062.44	1.16527
1062.57	1.28522
1062.71	1.43353
1062.84	1.61901
1062.98	1.82727
1063.11	2.05894
1063.25	2.30359
1063.38	2.56445
1063.52	2.81437
1063.65	3.04921
1063.79	3.27615
1063.92	3.48462
1064.06	3.64376
1064.19	3.76112
1064.33	3.83901
1064.46	3.87998
1064.6	3.88125
1064.73	3.83807
1064.87	3.75174
1065	3.62778
1065.14	3.47107
1065.27	3.27768
1065.41	3.04997
1065.54	2.79662
1065.68	2.50946
1065.81	2.19745
1065.95	1.96596
1066.08	1.66237
1066.22	1.32662
1066.35	0.970705
1066.49	0.604419
1066.62	0.254787
1066.76	-0.0602508
1066.89	-0.344429
1067.02	-0.59568
1067.16	-0.817996
1067.29	-1.01267
1067.43	-1.18174
1067.56	-1.31372
1067.7	-1.39887
1067.83	-1.4374
1067.97	-1.4323
1068.1	-1.3964
1068.24	-1.34453
1068.37	-1.26368
1068.51	-1.15357
1068.64	-1.01008
1068.78	-0.843209
1068.91	-0.655904
1069.05	-0.443307
1069.18	-0.202359
1069.31	0.0590292
1069.45	0.326952
1069.58	0.600472
1069.72	0.880457
1069.85	1.16457
1069.99	1.4491
1070.12	1.73042
1070.26	2.00828
1070.39	2.28727
1070.52	2.57366
1070.66	2.86766
1070.79	3.16701
1070.93	3.47262
1071.06	3.7702
1071.2	4.04082
1071.33	4.28678
1071.47	4.51052
1071.6	4.7264
1071.73	4.91333
1071.87	5.09162
1072	5.24871
1072.14	5.39608
1072.27	5.5215
1072.41	5.62936
1072.54	5.73791
1072.68	5.83187
1072.81	5.91232
1072.94	5.96857
1073.08	6.02003
1073.21	6.04325
1073.35	6.0393
1073.48	6.01855
1073.61	5.96598
1073.75	5.8854
1073.88	5.78898
1074.02	5.66791
1074.15	5.52054
1074.29	5.36669
1074.42	5.19125
1074.55	5.00554
1074.69	4.81551
1074.82	4.61199
1074.96	4.38915
1075.09	4.17793
1075.23	3.95538
1075.36	3.72311
1075.49	3.49854
1075.63	3.30496
1075.76	3.12074
1075.9	2.95044
1076.03	2.79495
1076.16	2.66066
1076.3	2.56039
1076.43	2.50433
1076.57	2.49797
1076.7	2.51838
1076.83	2.55895
1076.97	2.62937
1077.1	2.72875
1077.24	2.83415
1077.37	2.95749
1077.5	3.10683
1077.64	3.27256
1077.77	3.46002
1077.91	3.65229
1078.04	3.83837
1078.17	4.04381
1078.31	4.25867
1078.44	4.46844
1078.58	4.67557
1078.71	4.87658
1078.84	5.07191
1078.98	5.25288
1079.11	5.43303
1079.24	5.60461
1079.38	5.7579
1079.51	5.89594
1079.65	5.99644
1079.78	6.06197
1079.91	6.13619
1080.05	6.19304
1080.18	6.23103
1080.32	6.24
1080.45	6.21447
1080.58	6.15603
1080.72	6.07298
1080.85	5.96377
1080.98	5.83745
1081.12	5.69848
1081.25	5.53828
1081.39	5.35599
1081.52	5.15512
1081.65	4.93374
1081.79	4.69627
1081.92	4.46175
1082.05	4.24366
1082.19	4.04522
1082.32	3.87092
1082.45	3.70884
1082.59	3.54499
1082.72	3.38278
1082.85	3.23715
1082.99	3.10457
1083.12	2.9923
1083.26	2.89375
1083.39	2.80942
1083.52	2.72535
1083.66	2.64869
1083.79	2.57792
1083.92	2.52253
1084.06	2.48725
1084.19	2.45956
1084.32	2.44735
1084.46	2.45679
1084.59	2.49832
1084.72	2.54615
1084.86	2.61201
1084.99	2.69413
1085.12	2.76374
1085.26	2.82813
1085.39	2.88839
1085.52	2.93772
1085.66	2.99088
1085.79	3.0514
1085.92	3.09691
1086.06	3.13704
1086.19	3.1818
1086.32	3.2118
1086.46	3.2268
1086.59	3.23916
1086.72	3.22936
1086.86	3.20876
1086.99	3.17202
1087.12	3.11199
1087.26	3.0169
1087.39	2.89591
1087.52	2.7503
1087.66	2.59197
1087.79	2.42082
1087.92	2.2431
1088.06	2.06891
1088.19	1.88649
1088.32	1.70063
1088.46	1.51738
1088.59	1.33154
1088.72	1.13834
1088.79	1.03826
1088.92	0.858352
1089.06	0.691923
1089.19	0.547859
1089.33	0.419997
1089.46	0.301422
1089.59	0.208263
1089.73	0.123828
1089.86	0.0536073
1090	0.00323793
1090.13	-0.0313253
1090.26	-0.0494496
1090.4	-0.061089
1090.53	-0.056022
1090.67	-0.0482036
1090.8	-0.0216158
1090.93	0.0259896
1091.07	0.0907049
1091.2	0.190312
1091.33	0.32928
1091.47	0.476884
1091.6	0.63661
1091.73	0.792665
1091.87	0.939815
1092	1.08308
1092.14	1.22324
1092.27	1.38188
1092.4	1.55697
1092.54	1.75334
1092.67	1.95275
1092.8	2.13678
1092.94	2.29137
1093.07	2.41009
1093.21	2.50849
1093.34	2.58577
1093.47	2.65869
1093.61	2.70987
1093.74	2.74559
1093.87	2.74819
1094.01	2.72556
1094.14	2.68334
1094.27	2.62622
1094.41	2.54939
1094.54	2.46518
1094.67	2.37017
1094.81	2.25855
1094.94	2.13323
1095.07	1.99924
1095.21	1.85093
1095.34	1.71299
1095.47	1.58245
1095.61	1.46081
1095.74	1.3577
1095.87	1.27801
1096.01	1.22238
1096.14	1.18425
1096.28	1.17771
1096.41	1.18935
1096.54	1.20309
1096.68	1.23232
1096.81	1.27559
1096.94	1.32742
1097.08	1.40237
1097.21	1.48396
1097.34	1.56801
1097.47	1.66691
1097.61	1.7862
1097.74	1.92141
1097.88	2.05655
1098.01	2.20491
1098.14	2.37018
1098.27	2.54264
1098.41	2.7
1098.54	2.84256
1098.67	2.96595
1098.81	3.06163
1098.94	3.13271
1099.07	3.18179
1099.21	3.20156
1099.34	3.18738
1099.47	3.1567
1099.61	3.10114
1099.74	3.01598
1099.87	2.90174
1100.01	2.75296
1100.14	2.57223
1100.27	2.36784
1100.4	2.14805
1100.54	1.9311
1100.67	1.72101
1100.8	1.51015
1100.94	1.30931
1101.07	1.12292
1101.2	0.9544
1101.34	0.812724
1101.47	0.692392
1101.6	0.58958
1101.73	0.500872
1101.87	0.433238
1102	0.394028
1102.13	0.369338
1102.27	0.381427
1102.4	0.417068
1102.53	0.489207
1102.67	0.586761
1102.8	0.70449
1102.93	0.829587
1103.06	0.956082
1103.2	1.0626
1103.33	1.15613
1103.46	1.25092
1103.6	1.34396
1103.73	1.45772
1103.86	1.56363
1103.99	1.67012
1104.13	1.75909
1104.26	1.81458
1104.39	1.83886
1104.53	1.83485
1104.66	1.80033
1104.79	1.74588
1104.92	1.68606
1105.06	1.59377
1105.19	1.48747
1105.32	1.3556
1105.45	1.203
1105.59	1.03338
1105.72	0.850281
1105.85	0.646832
1105.98	0.440429
1106.12	0.229243
1106.25	0.0292154
1106.38	-0.162976
1106.52	-0.350585
1106.65	-0.527879
1106.78	-0.661706
1106.91	-0.767337
1107.05	-0.838861
1107.18	-0.874739
1107.31	-0.876684
1107.44	-0.845893
1107.58	-0.780908
1107.71	-0.683737
1107.84	-0.553073
1107.97	-0.395196
1108.11	-0.211428
1108.24	-0.015377
1108.37	0.188954
1108.5	0.413955
1108.64	0.638744
1108.77	0.868128
1108.9	1.10028
1109.03	1.34256
1109.17	1.58602
1109.3	1.81588
1109.43	2.06186
1109.56	2.30948
1109.7	2.53843
1109.83	2.7453
1109.96	2.94466
1110.09	3.12267
1110.22	3.27189
1110.36	3.3991
1110.49	3.49991
1110.62	3.57771
1110.75	3.62741
1110.89	3.66324
1111.02	3.67665
1111.15	3.66836
1111.28	3.63854
1111.42	3.58737
1111.55	3.51748
1111.68	3.43537
1111.81	3.33838
1111.94	3.24141
1112.08	3.14246
1112.21	3.0496
1112.34	2.97253
1112.47	2.89748
1112.6	2.83094
1112.74	2.77576
1112.87	2.72204
1113	2.66898
1113.13	2.62144
1113.27	2.58661
1113.4	2.54594
1113.53	2.48907
1113.66	2.4461
1113.79	2.40084
1113.93	2.3573
1114.06	2.2962
1114.19	2.23456
1114.32	2.15199
1114.45	2.05162
1114.59	1.93802
1114.72	1.83198
1114.85	1.7343
1114.98	1.63913
1115.11	1.5547
1115.25	1.45048
1115.38	1.35412
1115.51	1.26137
1115.64	1.1665
1115.77	1.08334
1115.91	1.01734
1116.03	0.964664
1116.16	0.936412
1116.3	0.929144
1116.43	0.932281
1116.56	0.959653
1116.7	0.993642
1116.83	1.03353
1116.96	1.07729
1117.09	1.12324
1117.23	1.15902
1117.36	1.19884
1117.49	1.25393
1117.62	1.31665
1117.76	1.37493
1117.89	1.42612
1118.02	1.4848
1118.15	1.5616
1118.29	1.64362
1118.42	1.7236
1118.55	1.80664
1118.68	1.87947
1118.82	1.93438
1118.95	1.97698
1119.08	2.01095
1119.21	2.04988
1119.35	2.07612
1119.48	2.08075
1119.61	2.05754
1119.74	2.0182
1119.88	1.96526
1120.01	1.89168
1120.14	1.80835
1120.27	1.7064
1120.41	1.59333
1120.54	1.47163
1120.67	1.35517
1120.8	1.24417
1120.94	1.13044
1121.07	1.00842
1121.2	0.895353
1121.33	0.804472
1121.46	0.720692
1121.6	0.646088
1121.73	0.592169
1121.86	0.544922
1121.99	0.511646
1122.13	0.48684
1122.26	0.472558
1122.39	0.458327
1122.52	0.43291
1122.66	0.400333
1122.79	0.367286
1122.92	0.314754
1123.05	0.22963
1123.18	0.119124
1123.32	-0.000499551
1123.45	-0.133715
1123.58	-0.263377
1123.71	-0.404192
1123.84	-0.551913
1123.98	-0.69811
1124.11	-0.827504
1124.24	-0.946022
1124.37	-1.03992
1124.5	-1.11351
1124.64	-1.17275
1124.77	-1.22256
1124.9	-1.24884
1125.03	-1.22474
1125.16	-1.16993
1125.3	-1.08416
1125.43	-0.976621
1125.56	-0.838993
1125.69	-0.694514
1125.82	-0.527391
1125.96	-0.326444
1126.09	-0.0947275
1126.22	0.154099
1126.35	0.422217
1126.48	0.689039
1126.62	0.942182
1126.75	1.20296
1126.88	1.45176
1127.01	1.68551
1127.14	1.92108
1127.28	2.15186
1127.41	2.3614
1127.54	2.55099
1127.67	2.70993
1127.8	2.83838
1127.94	2.94031
1128.07	3.00327
1128.2	3.02428
1128.33	3.00197
1128.46	2.93942
1128.59	2.8371
1128.73	2.69663
1128.86	2.5307
1128.99	2.32651
1129.12	2.08922
1129.25	1.82751
1129.38	1.56156
1129.52	1.2993
1129.65	1.04067
1129.78	0.783073
1129.91	0.535666
1130.04	0.28979
1130.17	0.0595328
1130.31	-0.131658
1130.44	-0.284812
1130.57	-0.39267
1130.7	-0.453168
1130.83	-0.466219
1130.96	-0.427382
1131.1	-0.332832
1131.23	-0.186549
1131.36	0.0120863
1131.49	0.25533
1131.62	0.521256
1131.75	0.830866
1131.89	1.1784
1132.02	1.55594
1132.15	1.93048
1132.28	2.29446
1132.41	2.64317
1132.54	2.98727
1132.67	3.32727
1132.81	3.63952
1132.94	3.929
1133.07	4.2014
1133.2	4.43677
1133.33	4.63736
1133.46	4.80667
1133.59	4.93886
1133.73	5.01985
1133.86	5.05634
1133.99	5.06973
1134.12	5.05633
1134.25	4.99619
1134.38	4.89583
1134.51	4.77734
1134.64	4.63212
1134.78	4.46397
1134.91	4.29369
1135.04	4.10166
1135.17	3.90532
1135.3	3.70534
1135.43	3.52122
1135.56	3.34418
1135.69	3.1894
1135.83	3.03724
1135.96	2.89817
1136.09	2.79228
1136.22	2.72054
1136.35	2.68744
1136.48	2.67725
1136.61	2.68932
1136.74	2.72291
1136.88	2.77217
1137.01	2.82477
1137.14	2.87986
1137.27	2.95472
1137.4	3.03617
1137.53	3.12262
1137.66	3.22523
1137.79	3.31451
1137.92	3.40088
1138.06	3.47355
1138.19	3.53199
1138.32	3.57295
1138.45	3.60827
1138.58	3.62791
1138.71	3.61046
1138.84	3.56441
1138.97	3.48937
1139.1	3.39558
1139.23	3.28453
1139.37	3.14682
1139.5	2.99079
1139.63	2.83576
1139.76	2.6815
1139.89	2.51355
1140.02	2.32246
1140.15	2.12875
1140.28	1.92616
1140.41	1.72001
1140.54	1.5228
1140.67	1.34387
1140.81	1.18638
1140.94	1.04444
1141.07	0.927254
1141.2	0.815042
1141.33	0.706894
1141.46	0.615924
1141.59	0.547061
1141.72	0.488412
1141.85	0.441379
1141.98	0.415261
1142.11	0.388105
1142.24	0.371599
1142.37	0.359064
1142.51	0.345595
1142.55	0.340525
1142.68	0.333348
1142.81	0.333118
1142.94	0.35268
1143.08	0.373431
1143.21	0.382093
1143.34	0.368421
1143.47	0.34706
1143.6	0.324941
1143.73	0.299862
1143.86	0.266677
1144	0.213801
1144.13	0.165325
1144.26	0.124569
1144.39	0.0862158
1144.52	0.0511792
1144.65	0.0185718
1144.78	-0.0256828
1144.92	-0.0815891
1145.05	-0.135362
1145.18	-0.178038
1145.31	-0.200979
1145.44	-0.213702
1145.57	-0.213196
1145.7	-0.192462
1145.83	-0.162447
1145.97	-0.106701
1146.1	-0.028937
1146.23	0.0469398
1146.36	0.12521
1146.49	0.210775
1146.62	0.297427
1146.75	0.379246
1146.88	0.464595
1147.02	0.551709
1147.15	0.645939
1147.28	0.750519
1147.41	0.845437
1147.54	0.933803
1147.67	1.02361
1147.8	1.11222
1147.93	1.19503
1148.06	1.2575
1148.19	1.29231
1148.33	1.31196
1148.46	1.33233
1148.59	1.3266
1148.72	1.31888
1148.85	1.31172
1148.98	1.28685
1149.11	1.26089
1149.24	1.22044
1149.37	1.19146
1149.51	1.15004
1149.64	1.11024
1149.77	1.06009
1149.9	1.00234
1150.03	0.947242
1150.16	0.89308
1150.29	0.837022
1150.42	0.788566
1150.55	0.760265
1150.68	0.767249
1150.81	0.807046
1150.95	0.857862
1151.08	0.908377
1151.21	0.964713
1151.34	1.04358
1151.47	1.12074
1151.6	1.20042
1151.73	1.2883
1151.86	1.3798
1151.99	1.4851
1152.12	1.59437
1152.25	1.71124
1152.38	1.79595
1152.52	1.87192
1152.65	1.9407
1152.78	2.001
1152.91	2.03817
1153.04	2.04889
1153.17	2.03991
1153.3	1.99067
1153.43	1.91775
1153.56	1.80671
1153.69	1.6622
1153.82	1.5065
1153.95	1.34083
1154.08	1.17101
1154.21	1.00338
1154.34	0.828385
1154.48	0.649026
1154.61	0.488049
1154.74	0.345412
1154.87	0.20649
1155	0.0577711
1155.13	-0.0850244
1155.26	-0.219781
1155.39	-0.31613
1155.52	-0.37244
1155.65	-0.389914
1155.78	-0.379939
1155.91	-0.356282
1156.04	-0.322103
1156.17	-0.270127
1156.3	-0.214573
1156.43	-0.151055
1156.56	-0.0527924
1156.69	0.0654883
1156.82	0.193941
1156.96	0.345776
1157.09	0.512018
1157.22	0.699614
1157.35	0.891499
1157.48	1.08296
1157.61	1.27098
1157.74	1.45866
1157.87	1.63006
1158	1.78962
1158.13	1.94546
1158.26	2.08466
1158.39	2.20218
1158.52	2.30471
1158.65	2.37969
1158.78	2.43284
1158.91	2.48405
1159.04	2.52341
1159.17	2.55144
1159.3	2.56869
1159.43	2.56563
1159.56	2.55274
1159.69	2.53249
1159.82	2.49509
1159.95	2.46419
1160.08	2.43043
1160.21	2.39349
1160.34	2.36274
1160.47	2.34593
1160.6	2.34835
1160.73	2.34381
1160.86	2.35286
1160.99	2.37594
1161.12	2.4149
1161.25	2.44306
1161.38	2.47332
1161.51	2.49834
1161.64	2.55471
1161.77	2.63707
1161.9	2.72762
1162.03	2.82289
1162.16	2.93081
1162.29	3.04206
1162.42	3.14459
1162.55	3.24822
1162.68	3.33997
1162.81	3.44029
1162.94	3.53801
1163.07	3.63969
1163.2	3.75388
1163.33	3.86784
1163.46	3.9843
1163.59	4.08524
1163.72	4.19732
1163.85	4.32189
1163.98	4.45875
1164.11	4.59726
1164.24	4.73761
1164.37	4.87668
1164.5	5.0033
1164.63	5.10968
1164.76	5.19557
1164.89	5.26955
1165.02	5.34343
1165.15	5.41378
1165.28	5.47575
1165.41	5.53873
1165.54	5.59583
1165.67	5.65405
1165.8	5.71938
1165.93	5.76483
1166.06	5.77391
1166.19	5.75657
1166.32	5.72553
1166.45	5.67841
1166.58	5.62928
1166.71	5.56878
1166.84	5.49352
1166.97	5.40575
1167.1	5.30385
1167.23	5.19277
1167.36	5.06147
1167.49	4.89426
1167.62	4.70943
1167.75	4.52895
1167.88	4.33744
1168.01	4.12476
1168.14	3.90904
1168.27	3.68941
1168.39	3.47159
1168.49	3.32097
1168.62	3.09847
1168.75	2.87465
1168.88	2.64907
1169.01	2.42444
1169.14	2.20771
1169.27	1.99395
1169.4	1.78107
1169.53	1.5807
1169.66	1.39417
1169.79	1.20573
1169.92	1.02505
1170.05	0.874632
1170.18	0.749124
1170.31	0.640058
1170.44	0.558636
1170.57	0.506058
1170.7	0.48595
1170.83	0.489156
1170.96	0.51687
1171.09	0.565454
1171.22	0.632912
1171.35	0.723367
1171.48	0.836747
1171.61	0.980707
1171.74	1.13452
1171.87	1.29743
1172	1.48973
1172.13	1.69585
1172.26	1.90312
1172.39	2.10612
1172.52	2.32521
1172.65	2.55298
1172.78	2.82017
1172.91	3.08954
1173.04	3.35518
1173.17	3.63986
1173.3	3.94532
1173.43	4.23929
1173.56	4.5221
1173.69	4.80781
1173.82	5.09476
1173.95	5.38422
1174.08	5.64143
1174.21	5.87627
1174.34	6.09159
1174.47	6.27595
1174.6	6.43066
1174.73	6.56459
1174.86	6.68353
1174.99	6.79751
1175.12	6.89623
1175.25	6.96778
1175.38	7.00757
1175.51	7.01649
1175.64	6.9844
1175.77	6.91388
1175.9	6.82716
1176.03	6.72417
1176.16	6.61003
1176.29	6.48177
1176.42	6.33319
1176.55	6.18326
1176.68	6.03441
1176.81	5.88783
1176.94	5.73463
1177.07	5.56558
1177.2	5.3932
1177.33	5.23482
1177.46	5.08404
1177.59	4.93228
1177.72	4.78133
1177.85	4.62697
1177.98	4.48108
1178.11	4.34809
1178.24	4.23256
1178.37	4.13172
1178.5	4.04057
1178.63	3.96156
1178.75	3.89439
1178.88	3.82835
1179.01	3.76483
1179.14	3.70209
1179.27	3.64259
1179.4	3.5931
1179.53	3.54789
1179.66	3.50916
1179.79	3.47487
1179.92	3.45837
1180.05	3.4484
1180.18	3.45847
1180.31	3.48867
1180.44	3.53011
1180.57	3.59701
1180.7	3.67805
1180.83	3.7603
1180.96	3.83522
1181.09	3.91996
1181.22	4.02362
1181.35	4.13728
1181.48	4.25594
1181.6	4.39844
1181.73	4.55497
1181.86	4.71772
1181.99	4.8911
1182.12	5.07762
1182.25	5.27283
1182.38	5.47949
1182.51	5.69134
1182.64	5.9122
1182.77	6.13276
1182.9	6.33383
1183.03	6.52658
1183.16	6.71034
1183.29	6.87427
1183.41	7.0287
1183.54	7.17259
1183.67	7.29576
1183.8	7.40362
1183.93	7.51451
1184.06	7.59405
1184.19	7.6536
1184.32	7.71776
1184.45	7.77729
1184.58	7.82403
1184.71	7.86804
1184.84	7.92144
1184.97	7.9631
1185.09	7.97951
1185.22	7.96117
1185.35	7.93545
1185.48	7.9023
1185.61	7.85449
1185.74	7.79072
1185.87	7.71536
1186	7.63094
1186.13	7.5527
1186.26	7.47407
1186.39	7.37477
1186.51	7.25682
1186.64	7.12419
1186.77	6.98343
1186.9	6.84256
1187.03	6.70302
1187.16	6.55641
1187.29	6.40532
1187.42	6.25452
1187.55	6.10112
1187.68	5.94241
1187.8	5.77235
1187.93	5.5851
1188.06	5.38128
1188.19	5.17172
1188.32	4.96815
1188.45	4.78148
1188.58	4.59083
1188.71	4.40579
1188.84	4.22892
1188.96	4.04993
1189.09	3.88558
1189.22	3.73043
1189.35	3.60011
1189.48	3.49703
1189.61	3.43206
1189.74	3.40608
1189.87	3.39847
1189.99	3.40263
1190.12	3.43701
1190.25	3.49848
1190.38	3.57943
1190.51	3.68741
1190.64	3.79064
1190.77	3.90024
1190.9	4.01005
1191.02	4.12417
1191.15	4.22467
1191.28	4.32901
1191.41	4.41754
1191.54	4.49567
1191.67	4.55637
1191.8	4.57961
1191.92	4.57212
1192.05	4.53254
1192.18	4.4838
1192.31	4.42985
1192.44	4.36556
1192.57	4.29404
1192.7	4.21519
1192.83	4.12041
1192.95	4.0239
1193.08	3.93991
1193.21	3.8808
1193.34	3.85169
1193.47	3.85336
1193.6	3.88562
1193.72	3.95531
1193.85	4.04288
1193.98	4.15337
1194.11	4.28577
1194.24	4.43181
1194.37	4.5852
1194.5	4.75928
1194.62	4.94426
1194.75	5.13496
1194.88	5.34052
1195.01	5.5584
1195.14	5.76988
1195.27	5.9874
1195.4	6.22159
1195.52	6.45478
1195.54	6.46149
1195.67	6.69613
1195.8	6.93377
1195.93	7.1405
1196.06	7.32387
1196.19	7.49309
1196.32	7.64639
1196.45	7.76844
1196.58	7.84573
1196.7	7.87483
1196.83	7.86707
1196.96	7.84015
1197.09	7.7854
1197.22	7.69877
1197.35	7.57264
1197.48	7.42508
1197.61	7.26757
1197.74	7.10914
1197.87	6.92914
1197.99	6.73756
1198.12	6.5462
1198.25	6.3736
1198.38	6.22005
1198.51	6.07494
1198.64	5.92105
1198.77	5.78091
1198.9	5.65235
1199.03	5.53675
1199.15	5.43355
1199.28	5.35124
1199.41	5.29794
1199.54	5.26995
1199.67	5.27819
1199.8	5.30133
1199.93	5.33128
1200.06	5.37588
1200.19	5.41878
1200.31	5.46236
1200.44	5.50342
1200.57	5.53833
1200.7	5.5653
1200.83	5.56957
1200.96	5.56498
1201.09	5.57462
1201.22	5.59013
1201.34	5.60517
1201.47	5.61374
1201.6	5.61261
1201.73	5.61672
1201.86	5.62242
1201.99	5.63371
1202.12	5.6514
1202.24	5.69168
1202.37	5.73806
1202.5	5.80748
1202.63	5.88513
1202.76	5.96895
1202.89	6.05765
1203.02	6.14986
1203.15	6.25871
1203.27	6.38605
1203.4	6.52322
1203.53	6.65129
1203.66	6.76516
1203.79	6.86444
1203.92	6.95465
1204.04	7.04442
1204.17	7.14456
1204.3	7.25424
1204.43	7.36859
1204.56	7.48391
1204.69	7.60356
1204.82	7.71725
1204.94	7.8287
1205.07	7.92039
1205.2	7.98461
1205.33	8.01353
1205.46	8.02938
1205.59	8.02739
1205.71	7.99796
1205.84	7.95546
1205.97	7.90419
1206.1	7.8453
1206.23	7.77394
1206.36	7.70944
1206.48	7.6399
1206.61	7.57433
1206.74	7.52293
1206.87	7.49504
1207	7.46436
1207.13	7.45492
1207.25	7.45833
1207.38	7.45976
1207.51	7.45763
1207.64	7.44366
1207.77	7.43499
1207.9	7.43579
1208.02	7.44018
1208.15	7.42857
1208.28	7.42151
1208.41	7.41288
1208.54	7.41181
1208.67	7.42217
1208.79	7.42273
1208.92	7.39539
1209.05	7.36489
1209.18	7.33088
1209.31	7.29199
1209.43	7.23865
1209.56	7.17322
1209.69	7.08278
1209.82	6.98776
1209.95	6.86436
1210.07	6.70491
1210.2	6.49568
1210.33	6.25706
1210.46	6.00126
1210.59	5.74002
1210.71	5.48021
1210.84	5.21115
1210.97	4.96082
1211.1	4.72451
1211.23	4.49294
1211.35	4.25938
1211.48	4.03347
1211.61	3.81965
1211.74	3.62035
1211.87	3.43967
1211.99	3.30189
1212.12	3.21848
1212.25	3.16763
1212.38	3.14483
1212.51	3.15371
1212.63	3.19929
1212.76	3.27429
1212.89	3.38775
1213.02	3.53458
1213.14	3.70486
1213.27	3.9175
1213.4	4.16407
1213.53	4.44081
1213.66	4.72943
1213.78	5.0244
1213.91	5.30994
1214.04	5.5976
1214.17	5.89169
1214.29	6.18487
1214.42	6.45852
1214.55	6.6953
1214.68	6.90962
1214.81	7.09661
1214.93	7.25224
1215.06	7.38373
1215.19	7.49531
1215.32	7.58405
1215.44	7.65355
1215.57	7.70833
1215.7	7.75407
1215.83	7.79268
1215.95	7.80874
1216.08	7.80508
1216.21	7.78138
1216.34	7.73651
1216.46	7.67991
1216.59	7.60939
1216.72	7.51604
1216.85	7.42456
1216.97	7.32331
1217.1	7.20611
1217.23	7.06506
1217.36	6.94641
1217.49	6.83393
1217.61	6.73282
1217.74	6.64241
1217.87	6.56759
1217.99	6.49303
1218.12	6.44525
1218.25	6.40357
1218.38	6.37108
1218.5	6.33143
1218.63	6.29676
1218.76	6.27923
1218.89	6.25904
1219.01	6.2295
1219.14	6.18027
1219.27	6.1259
1219.4	6.05103
1219.52	5.97858
1219.65	5.89638
1219.78	5.80535
1219.91	5.7037
1220.03	5.59958
1220.16	5.47944
1220.29	5.35912
1220.41	5.24886
1220.54	5.14827
1220.67	5.04836
1220.8	4.95838
1220.92	4.86334
1221.05	4.75791
1221.18	4.64088
1221.3	4.53229
1221.34	4.49431
1221.46	4.39257
1221.59	4.30822
1221.72	4.24179
1221.85	4.20814
1221.98	4.1929
1222.1	4.18455
1222.23	4.17576
1222.36	4.16999
1222.49	4.16484
1222.62	4.14576
1222.74	4.12516
1222.87	4.10924
1223	4.08562
1223.13	4.04656
1223.26	3.98486
1223.38	3.90989
1223.51	3.81488
1223.64	3.70827
1223.77	3.58998
1223.89	3.4372
1224.02	3.25081
1224.15	3.06151
1224.28	2.85323
1224.41	2.61483
1224.53	2.34543
1224.66	2.05234
1224.79	1.73905
1224.92	1.42046
1225.04	1.08806
1225.17	0.738054
1225.3	0.386415
1225.43	0.0495562
1225.56	-0.264217
1225.68	-0.568077
1225.81	-0.856587
1225.94	-1.12169
1226.07	-1.35054
1226.19	-1.54646
1226.32	-1.70454
1226.45	-1.8159
1226.58	-1.87465
1226.7	-1.8705
1226.83	-1.81661
1226.96	-1.7244
1227.09	-1.58162
1227.21	-1.38785
1227.34	-1.14998
1227.47	-0.863077
1227.6	-0.549522
1227.72	-0.204814
1227.85	0.150205
1227.98	0.509743
1228.11	0.884367
1228.23	1.27856
1228.36	1.67708
1228.49	2.07569
1228.62	2.46527
1228.74	2.84826
1228.87	3.21406
1229	3.57288
1229.13	3.91276
1229.25	4.2382
1229.38	4.5347
1229.51	4.82544
1229.64	5.09505
1229.76	5.31229
1229.89	5.47932
1230.02	5.59583
1230.15	5.67273
1230.27	5.70873
1230.4	5.72695
1230.53	5.71908
1230.66	5.70539
1230.78	5.67012
1230.91	5.61299
1231.04	5.5349
1231.17	5.45791
1231.29	5.38636
1231.42	5.3141
1231.55	5.24238
1231.67	5.17176
1231.8	5.09356
1231.93	5.01327
1232.06	4.93293
1232.18	4.84877
1232.31	4.75575
1232.44	4.67236
1232.56	4.59742
1232.69	4.53189
1232.82	4.47785
1232.95	4.42952
1233.07	4.37053
1233.2	4.29642
1233.33	4.21578
1233.45	4.13462
1233.58	4.05093
1233.71	3.96952
1233.84	3.8876
1233.96	3.80569
1234.09	3.73867
1234.22	3.69243
1234.34	3.68277
1234.47	3.70805
1234.6	3.76974
1234.72	3.84325
1234.85	3.93221
1234.98	4.05238
1235.11	4.20923
1235.23	4.39337
1235.36	4.60409
1235.49	4.83498
1235.61	5.08882
1235.74	5.35845
1235.87	5.63424
1235.99	5.88862
1236.12	6.1381
1236.25	6.40477
1236.37	6.67884
1236.5	6.9485
1236.63	7.2088
1236.76	7.46097
1236.88	7.702
1237.01	7.93354
1237.14	8.14028
1237.26	8.32352
1237.39	8.48905
1237.52	8.62935
1237.64	8.73962
1237.77	8.82325
1237.9	8.90548
1238.02	8.97871
1238.15	9.0543
1238.28	9.11683
1238.4	9.18511
1238.53	9.23772
1238.66	9.28032
1238.78	9.30066
1238.91	9.30515
1239.04	9.30282
1239.16	9.27928
1239.29	9.24199
1239.42	9.19319
1239.54	9.13474
1239.67	9.06315
1239.8	8.98077
1239.92	8.90415
1240.05	8.82086
1240.18	8.7489
1240.3	8.67895
1240.43	8.6065
1240.56	8.51661
1240.68	8.39829
1240.81	8.26242
1240.94	8.10272
1241.06	7.91809
1241.19	7.71493
1241.32	7.50035
1241.44	7.27312
1241.57	7.03917
1241.7	6.78656
1241.82	6.51343
1241.95	6.23903
1242.08	5.97875
1242.2	5.7288
1242.33	5.48237
1242.45	5.25501
1242.58	5.04531
1242.71	4.8696
1242.83	4.73082
1242.96	4.62746
1243.09	4.57316
1243.21	4.5799
1243.34	4.64424
1243.47	4.75438
1243.59	4.91816
1243.72	5.12784
1243.84	5.37555
1243.97	5.64262
1244.1	5.92708
1244.22	6.23313
1244.35	6.55964
1244.48	6.88876
1244.6	7.20432
1244.73	7.50708
1244.85	7.78801
1244.98	8.05336
1245.11	8.30059
1245.23	8.50912
1245.36	8.67231
1245.49	8.78603
1245.61	8.84636
1245.74	8.85606
1245.86	8.81908
1245.99	8.74047
1246.12	8.62685
1246.24	8.46762
1246.37	8.2614
1246.5	8.02328
1246.62	7.76685
1246.75	7.47271
1246.87	7.13266
1247	6.77634
1247.13	6.43216
1247.25	6.10293
1247.38	5.78892
1247.5	5.4872
1247.63	5.20144
1247.66	5.14576
1247.79	4.91876
1247.91	4.73996
1248.04	4.60593
1248.17	4.49628
1248.29	4.40696
1248.42	4.33719
1248.55	4.30722
1248.67	4.31996
1248.8	4.36834
1248.93	4.46032
1249.05	4.57994
1249.18	4.7504
1249.31	4.94537
1249.43	5.16664
1249.56	5.39281
1249.69	5.62505
1249.82	5.85494
1249.94	6.07788
1250.07	6.29484
1250.2	6.50506
1250.32	6.70818
1250.45	6.88631
1250.58	7.05583
1250.7	7.22419
1250.83	7.37015
1250.96	7.5099
1251.08	7.63174
1251.21	7.74325
1251.33	7.85249
1251.46	7.9557
1251.59	8.04736
1251.71	8.11757
1251.84	8.18167
1251.97	8.24298
1252.09	8.2923
1252.22	8.33578
1252.35	8.3706
1252.47	8.38657
1252.6	8.37833
1252.73	8.37244
1252.85	8.36277
1252.98	8.32903
1253.11	8.28148
1253.23	8.21005
1253.36	8.12696
1253.49	8.04586
1253.61	7.94995
1253.74	7.85457
1253.86	7.76448
1253.99	7.67318
1254.12	7.57422
1254.24	7.46643
1254.37	7.35644
1254.5	7.24277
1254.62	7.12925
1254.75	7.01233
1254.88	6.89162
1255	6.76614
1255.13	6.64855
1255.25	6.54264
1255.38	6.44419
1255.51	6.36693
1255.63	6.28973
1255.76	6.21835
1255.89	6.15345
1256.01	6.08448
1256.14	6.02658
1256.26	5.98669
1256.39	5.95922
1256.52	5.93775
1256.64	5.94095
1256.77	5.96513
1256.89	5.9957
1257.02	6.02717
1257.15	6.06555
1257.27	6.11747
1257.4	6.18908
1257.53	6.24316
1257.65	6.29132
1257.78	6.35361
1257.9	6.4223
1258.03	6.48682
1258.16	6.52693
1258.28	6.54953
1258.41	6.57082
1258.53	6.6072
1258.66	6.65426
1258.79	6.71746
1258.91	6.76802
1259.04	6.794
1259.16	6.80976
1259.29	6.8079
1259.42	6.80974
1259.54	6.81252
1259.67	6.81421
1259.79	6.81807
1259.92	6.8238
1260.05	6.84179
1260.17	6.85905
1260.3	6.87325
1260.42	6.86251
1260.55	6.85607
1260.67	6.84285
1260.8	6.83553
1260.93	6.81382
1261.05	6.77431
1261.18	6.73118
1261.3	6.66404
1261.43	6.58953
1261.56	6.49687
1261.68	6.38906
1261.81	6.26498
1261.93	6.13621
1262.06	6.00794
1262.18	5.88495
1262.31	5.75994
1262.44	5.63872
1262.56	5.51954
1262.69	5.41053
1262.81	5.30494
1262.94	5.20833
1263.06	5.12647
1263.19	5.04931
1263.32	4.9777
1263.44	4.91452
1263.57	4.86534
1263.69	4.82092
1263.82	4.77947
1263.94	4.75875
1264.07	4.75136
1264.2	4.77123
1264.32	4.80372
1264.45	4.84237
1264.57	4.89409
1264.7	4.95762
1264.82	5.03646
1264.95	5.12911
1265.07	5.22315
1265.2	5.33059
1265.33	5.4529
1265.45	5.59416
1265.58	5.72529
1265.7	5.8411
1265.83	5.94571
1265.95	6.06385
1266.08	6.19488
1266.2	6.32938
1266.33	6.45765
1266.45	6.56803
1266.58	6.66549
1266.71	6.74771
1266.83	6.81609
1266.96	6.8749
1267.08	6.92797
1267.21	6.96494
1267.33	6.99401
1267.46	7.03196
1267.58	7.06385
1267.71	7.07443
1267.83	7.06889
1267.96	7.06094
1268.08	7.05638
1268.21	7.06185
1268.33	7.05635
1268.46	7.0676
1268.59	7.08397
1268.71	7.09627
1268.84	7.11189
1268.96	7.12691
1269.09	7.15135
1269.21	7.18099
1269.34	7.21638
1269.46	7.24807
1269.59	7.28186
1269.71	7.28818
1269.84	7.28583
1269.96	7.26668
1270.09	7.2271
1270.21	7.18065
1270.34	7.12061
1270.46	7.03575
1270.59	6.91682
1270.71	6.76311
1270.84	6.5816
1270.96	6.37598
1271.09	6.13875
1271.21	5.87788
1271.34	5.61716
1271.46	5.35289
1271.59	5.09456
1271.71	4.82503
1271.84	4.56904
1271.96	4.32761
1272.09	4.08098
1272.21	3.85029
1272.34	3.62927
1272.46	3.43977
1272.59	3.26309
1272.71	3.12936
1272.84	3.03146
1272.96	2.98313
1273.09	2.9762
1273.21	3.01981
1273.34	3.09675
1273.46	3.21105
1273.59	3.36874
1273.71	3.57292
1273.84	3.81826
1273.96	4.09229
1274.08	4.36384
1274.2	4.67168
1274.33	4.99631
1274.46	5.33527
1274.58	5.68178
1274.71	6.02718
1274.83	6.36398
1274.96	6.69558
1275.08	7.00464
1275.21	7.28863
1275.33	7.52672
1275.46	7.72383
1275.59	7.87512
1275.71	7.98033
1275.84	8.03466
1275.96	8.04158
1276.09	8.00244
1276.21	7.90966
1276.34	7.74662
1276.46	7.54148
1276.59	7.30683
1276.72	7.06758
1276.84	6.80794
1276.97	6.53949
1277.09	6.25536
1277.22	5.97584
1277.34	5.69134
1277.47	5.41167
1277.59	5.14405
1277.72	4.90323
1277.84	4.6889
1277.97	4.49732
1278.09	4.34889
1278.22	4.2495
1278.35	4.18679
1278.47	4.14755
1278.6	4.14824
1278.72	4.19591
1278.85	4.28421
1278.97	4.40116
1279.1	4.53955
1279.22	4.70689
1279.35	4.88402
1279.47	5.0779
1279.6	5.28481
1279.72	5.49573
1279.85	5.70561
1279.97	5.89949
1280.1	6.07464
1280.22	6.22746
1280.35	6.37034
1280.48	6.49724
1280.6	6.62142
1280.72	6.7241
1280.85	6.81895
1280.98	6.90872
1281.1	6.98455
1281.23	7.02988
1281.35	7.03921
1281.48	7.01963
1281.6	6.97709
1281.73	6.91018
1281.85	6.81651
1281.98	6.70345
1282.1	6.58631
1282.23	6.46879
1282.35	6.34713
1282.48	6.22781
1282.6	6.11681
1282.73	6.00525
1282.85	5.89797
1282.98	5.80108
1283.1	5.70639
1283.23	5.6381
1283.35	5.58589
1283.48	5.56768
1283.6	5.58042
1283.73	5.62698
1283.85	5.70393
1283.98	5.81349
1284.1	5.93748
1284.23	6.07561
1284.35	6.23043
1284.48	6.40607
1284.6	6.58486
1284.73	6.75499
1284.85	6.91738
1284.98	7.07741
1285.1	7.2326
1285.22	7.36749
1285.35	7.47777
1285.47	7.56605
1285.6	7.65594
1285.72	7.74454
1285.85	7.81964
1285.97	7.88281
1286.1	7.91372
1286.22	7.92413
1286.35	7.91031
1286.47	7.87149
1286.6	7.79598
1286.72	7.67798
1286.85	7.52444
1286.97	7.3217
1287.1	7.09009
1287.22	6.85333
1287.35	6.61495
1287.47	6.3786
1287.59	6.12222
1287.72	5.85809
1287.84	5.59317
1287.97	5.34127
1288.09	5.09885
1288.22	4.86344
1288.34	4.65315
1288.47	4.46543
1288.59	4.28959
1288.72	4.12717
1288.84	3.99645
1288.96	3.89171
1289.09	3.80027
1289.21	3.7242
1289.34	3.68002
1289.46	3.66534
1289.59	3.67067
1289.71	3.7019
1289.84	3.75385
1289.96	3.82079
1290.09	3.90336
1290.21	3.9972
1290.33	4.08966
1290.46	4.18032
1290.58	4.25708
1290.71	4.31495
1290.83	4.35313
1290.96	4.37425
1291.08	4.38886
1291.2	4.39692
1291.33	4.38986
1291.45	4.37168
1291.58	4.34196
1291.7	4.30399
1291.83	4.25859
1291.95	4.20258
1292.08	4.1393
1292.2	4.06485
1292.32	3.99218
1292.45	3.92506
1292.57	3.85983
1292.7	3.79823
1292.82	3.75239
1292.95	3.71079
1293.07	3.67246
1293.19	3.64601
1293.32	3.61859
1293.44	3.60655
1293.57	3.59969
1293.69	3.59317
1293.81	3.58662
1293.94	3.59088
1294.06	3.59754
1294.19	3.62566
1294.31	3.67212
1294.44	3.73635
1294.56	3.81878
1294.68	3.91451
1294.81	4.01241
1294.93	4.10992
1295.06	4.21631
1295.18	4.33831
1295.3	4.45693
1295.43	4.57391
1295.55	4.69913
1295.68	4.82848
1295.8	4.9517
1295.92	5.07555
1296.05	5.19234
1296.17	5.31864
1296.3	5.46698
1296.42	5.61961
1296.54	5.77887
1296.67	5.94606
1296.79	6.10873
1296.92	6.2777
1297.04	6.44439
1297.16	6.60214
1297.29	6.75305
1297.41	6.87802
1297.54	6.98367
1297.66	7.06634
1297.78	7.1441
1297.91	7.22302
1298.03	7.27883
1298.16	7.30437
1298.28	7.28049
1298.4	7.22192
1298.53	7.15314
1298.65	7.06334
1298.77	6.9491
1298.9	6.81592
1299.02	6.67065
1299.15	6.49683
1299.27	6.30479
1299.39	6.09758
1299.52	5.87355
1299.64	5.62877
1299.76	5.36837
1299.89	5.10384
1299.97	4.94945
1300.09	4.70675
1300.22	4.47157
1300.34	4.26648
1300.46	4.08451
1300.59	3.93265
1300.71	3.8191
1300.84	3.72789
1300.96	3.66683
1301.09	3.64825
1301.21	3.66369
1301.34	3.71008
1301.46	3.77767
1301.58	3.88155
1301.71	4.02156
1301.83	4.17986
1301.96	4.35762
1302.08	4.54802
1302.21	4.73345
1302.33	4.92388
1302.45	5.11945
1302.58	5.30994
1302.7	5.48754
1302.83	5.64914
1302.95	5.81061
1303.08	5.9579
1303.2	6.08879
1303.32	6.20565
1303.45	6.29906
1303.57	6.35046
1303.7	6.36934
1303.82	6.35441
1303.94	6.30456
1304.07	6.23755
1304.19	6.13603
1304.32	6.00951
1304.44	5.8611
1304.57	5.69915
1304.69	5.53507
1304.81	5.38096
1304.94	5.23344
1305.06	5.09267
1305.19	4.95528
1305.31	4.82109
1305.43	4.69516
1305.56	4.58719
1305.68	4.50201
1305.81	4.42984
1305.93	4.36458
1306.05	4.30819
1306.18	4.27118
1306.3	4.24399
1306.43	4.23106
1306.55	4.22806
1306.67	4.22801
1306.8	4.25455
1306.92	4.29973
1307.05	4.33571
1307.17	4.36691
1307.29	4.39534
1307.42	4.40956
1307.54	4.41114
1307.67	4.39893
1307.79	4.37153
1307.91	4.33441
1308.04	4.25745
1308.16	4.16765
1308.29	4.05069
1308.41	3.92311
1308.53	3.78672
1308.66	3.62079
1308.78	3.44803
1308.9	3.24998
1309.03	3.05203
1309.15	2.85865
1309.28	2.6498
1309.4	2.44149
1309.52	2.25093
1309.65	2.06045
1309.77	1.86546
1309.9	1.68354
1310.02	1.5042
1310.14	1.33385
1310.27	1.16695
1310.39	1.01411
1310.51	0.88467
1310.64	0.788057
1310.76	0.711414
1310.88	0.640882
1311.01	0.583279
1311.13	0.538123
1311.26	0.512072
1311.38	0.502129
1311.5	0.50082
1311.63	0.517783
1311.75	0.556206
1311.87	0.611252
1312	0.676514
1312.12	0.741423
1312.24	0.821105
1312.37	0.904752
1312.49	0.984304
1312.61	1.07059
1312.74	1.15381
1312.86	1.22507
1312.99	1.28548
1313.11	1.32767
1313.23	1.35733
1313.36	1.38245
1313.48	1.40924
1313.6	1.44094
1313.73	1.47617
1313.85	1.52797
1313.97	1.58609
1314.1	1.63385
1314.22	1.66681
1314.34	1.69818
1314.47	1.71895
1314.59	1.73988
1314.71	1.76017
1314.84	1.7728
1314.96	1.77999
1315.08	1.79276
1315.21	1.80423
1315.33	1.81755
1315.45	1.8354
1315.58	1.86231
1315.7	1.88873
1315.82	1.91453
1315.95	1.94095
1316.07	1.972
1316.19	2.01671
1316.32	2.06144
1316.44	2.09124
1316.56	2.10893
1316.69	2.12147
1316.81	2.13553
1316.93	2.14266
1317.06	2.15817
1317.18	2.1771
1317.3	2.22546
1317.43	2.29827
1317.55	2.37446
1317.67	2.44283
1317.79	2.51943
1317.92	2.60546
1318.04	2.69152
1318.16	2.7767
1318.29	2.85877
1318.41	2.93864
1318.53	3.01404
1318.66	3.0736
1318.78	3.11824
1318.9	3.14894
1319.03	3.18804
1319.15	3.23444
1319.27	3.28109
1319.4	3.33571
1319.52	3.37812
1319.64	3.42519
1319.76	3.46493
1319.89	3.49538
1320.01	3.52635
1320.13	3.54353
1320.26	3.53087
1320.38	3.49752
1320.5	3.44536
1320.63	3.36914
1320.75	3.27616
1320.87	3.154
1320.99	3.03405
1321.12	2.91237
1321.24	2.78822
1321.36	2.64358
1321.48	2.46619
1321.61	2.26606
1321.73	2.06567
1321.85	1.85823
1321.98	1.64362
1322.1	1.42029
1322.22	1.18996
1322.35	0.967489
1322.47	0.756662
1322.59	0.553947
1322.71	0.347628
1322.84	0.156657
1322.96	-0.0187722
1323.08	-0.176483
1323.2	-0.304832
1323.33	-0.408745
1323.45	-0.509656
1323.57	-0.612957
1323.7	-0.709392
1323.82	-0.77077
1323.94	-0.79693
1324.06	-0.79306
1324.19	-0.763407
1324.31	-0.700948
1324.43	-0.61187
1324.55	-0.519562
1324.68	-0.431248
1324.8	-0.346818
1324.92	-0.261693
1325.04	-0.180115
1325.14	-0.1167
1325.27	-0.0411258
1325.39	0.0260516
1325.51	0.082749
1325.64	0.142033
1325.76	0.192944
1325.88	0.236075
1326.01	0.276629
1326.13	0.32277
1326.25	0.382171
1326.38	0.461738
1326.5	0.552972
1326.62	0.649633
1326.75	0.756953
1326.87	0.859005
1326.99	0.952139
1327.12	1.0337
1327.24	1.1169
1327.36	1.20258
1327.49	1.28733
1327.61	1.37865
1327.73	1.47735
1327.86	1.59543
1327.98	1.72018
1328.1	1.86024
1328.22	2.01467
1328.35	2.1937
1328.47	2.38768
1328.59	2.59417
1328.72	2.80105
1328.84	3.00462
1328.96	3.20013
1329.09	3.37761
1329.21	3.53271
1329.33	3.66142
1329.46	3.78274
1329.58	3.89859
1329.7	3.99586
1329.82	4.06556
1329.95	4.10478
1330.07	4.11679
1330.19	4.1135
1330.32	4.08698
1330.44	4.02497
1330.56	3.93533
1330.69	3.81738
1330.81	3.67499
1330.93	3.50859
1331.05	3.30653
1331.18	3.07413
1331.3	2.8224
1331.42	2.55163
1331.55	2.27988
1331.67	2.00339
1331.79	1.71083
1331.91	1.40803
1332.04	1.1022
1332.16	0.809797
1332.28	0.542041
1332.41	0.285975
1332.53	0.054012
1332.65	-0.143719
1332.77	-0.315078
1332.9	-0.43967
1333.02	-0.519951
1333.14	-0.554762
1333.27	-0.557357
1333.39	-0.525669
1333.51	-0.460294
1333.63	-0.372008
1333.76	-0.259754
1333.88	-0.145512
1334	-0.0341284
1334.13	0.0973249
1334.25	0.252254
1334.37	0.44432
1334.49	0.665995
1334.62	0.930583
1334.74	1.23528
1334.86	1.56984
1334.98	1.92621
1335.11	2.27983
1335.23	2.63769
1335.35	2.98153
1335.47	3.327
1335.6	3.65828
1335.72	3.9713
1335.84	4.24921
1335.96	4.50194
1336.09	4.7212
1336.21	4.91351
1336.33	5.06927
1336.45	5.18261
1336.58	5.2465
1336.7	5.29423
1336.82	5.33895
1336.95	5.37636
1337.07	5.39383
1337.19	5.38436
1337.31	5.35717
1337.43	5.3123
1337.56	5.24815
1337.68	5.16813
1337.8	5.08659
1337.92	4.99335
1338.05	4.88693
1338.17	4.76744
1338.29	4.64426
1338.41	4.51274
1338.54	4.3896
1338.66	4.28691
1338.78	4.19784
1338.9	4.13139
1339.03	4.08181
1339.15	4.06164
1339.27	4.06277
1339.39	4.08141
1339.52	4.1099
1339.64	4.14147
1339.76	4.18283
1339.88	4.23027
1340	4.27284
1340.13	4.31956
1340.25	4.35257
1340.37	4.36773
1340.49	4.36794
1340.62	4.34966
1340.74	4.31678
1340.86	4.25812
1340.98	4.18024
1341.1	4.09755
1341.23	4.01372
1341.35	3.91618
1341.47	3.80003
1341.59	3.66445
1341.71	3.53024
1341.84	3.39586
1341.96	3.25608
1342.08	3.11841
1342.2	2.98122
1342.33	2.8184
1342.45	2.66325
1342.57	2.51234
1342.69	2.35708
1342.81	2.20171
1342.94	2.05457
1343.06	1.93119
1343.18	1.83884
1343.3	1.76542
1343.42	1.72578
1343.55	1.72353
1343.67	1.76619
1343.79	1.85045
1343.91	1.97123
1344.03	2.11286
1344.16	2.25059
1344.28	2.39424
1344.4	2.53675
1344.52	2.69495
1344.64	2.86519
1344.77	3.02977
1344.89	3.21129
1345.01	3.413
1345.13	3.63992
1345.25	3.87536
1345.37	4.11368
1345.5	4.34921
1345.62	4.57645
1345.74	4.78669
1345.86	4.97677
1345.98	5.16088
1346.11	5.29918
1346.23	5.39005
1346.35	5.43267
1346.47	5.43646
1346.59	5.39667
1346.71	5.31162
1346.84	5.1797
1346.96	4.99119
1347.08	4.75278
1347.2	4.50863
1347.32	4.24584
1347.45	3.94891
1347.57	3.62074
1347.69	3.26986
1347.81	2.90541
1347.93	2.52776
1348.05	2.13004
1348.18	1.73995
1348.3	1.366
1348.42	0.99657
1348.54	0.641564
1348.66	0.286048
1348.78	-0.0644451
1348.9	-0.399779
1349.03	-0.709112
1349.15	-0.985585
1349.27	-1.22124
1349.39	-1.4237
1349.51	-1.58087
1349.63	-1.68106
1349.76	-1.7235
1349.88	-1.71373
1350	-1.65888
1350.12	-1.56527
1350.24	-1.43145
1350.36	-1.269
1350.48	-1.07029
1350.61	-0.83075
1350.61	-0.847885
1350.73	-0.590139
1350.85	-0.30856
1350.98	-0.0105664
1351.1	0.309436
1351.22	0.621538
1351.34	0.941995
1351.47	1.26404
1351.59	1.57734
1351.71	1.86627
1351.83	2.1255
1351.95	2.36033
1352.08	2.58097
1352.2	2.7682
1352.32	2.92116
1352.44	3.03985
1352.56	3.11166
1352.69	3.12781
1352.81	3.11921
1352.93	3.06212
1353.05	2.95121
1353.17	2.80356
1353.3	2.63884
1353.42	2.45681
1353.54	2.25922
1353.66	2.03635
1353.78	1.80981
1353.91	1.59161
1354.03	1.37967
1354.15	1.1839
1354.27	0.99343
1354.39	0.798645
1354.52	0.600932
1354.64	0.420572
1354.76	0.253946
1354.88	0.11027
1355	-0.0170325
1355.13	-0.126998
1355.25	-0.189873
1355.37	-0.232013
1355.49	-0.245463
1355.61	-0.235254
1355.73	-0.186385
1355.86	-0.0994316
1355.98	-0.0110341
1356.1	0.0942562
1356.22	0.221329
1356.34	0.353315
1356.47	0.467263
1356.59	0.583381
1356.71	0.692897
1356.83	0.804596
1356.95	0.907108
1357.07	1.00524
1357.2	1.10473
1357.32	1.20131
1357.44	1.30215
1357.56	1.40696
1357.68	1.49477
1357.8	1.54752
1357.93	1.59439
1358.05	1.64032
1358.17	1.6755
1358.29	1.69346
1358.41	1.71507
1358.53	1.75475
1358.66	1.80204
1358.78	1.84973
1358.9	1.88443
1359.02	1.89519
1359.14	1.89876
1359.26	1.89619
1359.39	1.89249
1359.51	1.91038
1359.63	1.93412
1359.75	1.95631
1359.87	1.98744
1359.99	2.04055
1360.11	2.10975
1360.24	2.18688
1360.36	2.26331
1360.48	2.33662
1360.6	2.40689
1360.72	2.47102
1360.84	2.5291
1360.96	2.56257
1361.09	2.57262
1361.21	2.56931
1361.33	2.55767
1361.45	2.53176
1361.57	2.47959
1361.69	2.39078
1361.81	2.29767
1361.94	2.19727
1362.06	2.0862
1362.18	1.97063
1362.3	1.85349
1362.42	1.73893
1362.54	1.64293
1362.66	1.55323
1362.78	1.46062
1362.91	1.36727
1363.03	1.28068
1363.15	1.2035
1363.27	1.1378
1363.39	1.0775
1363.51	1.02883
1363.63	1.00741
1363.76	1.01916
1363.88	1.05713
1364	1.1339
1364.12	1.24513
1364.24	1.38224
1364.36	1.52973
1364.48	1.66564
1364.6	1.81768
1364.72	1.96934
1364.85	2.11844
1364.97	2.25905
1365.09	2.38687
1365.21	2.51469
1365.33	2.62897
1365.45	2.7404
1365.57	2.83365
1365.69	2.91954
1365.81	2.96343
1365.94	2.99471
1366.06	3.00276
1366.18	2.99889
1366.3	2.97598
1366.42	2.92389
1366.54	2.84231
1366.66	2.72837
1366.78	2.58201
1366.9	2.41383
1367.02	2.22657
1367.15	2.00634
1367.27	1.78337
1367.39	1.56195
1367.51	1.34267
1367.63	1.14322
1367.75	0.967402
1367.87	0.805524
1367.99	0.642421
1368.11	0.487527
1368.23	0.333645
1368.35	0.213386
1368.48	0.121104
1368.6	0.059316
1368.72	0.030042
1368.84	0.046252
1368.96	0.104712
1369.08	0.204763
1369.2	0.331297
1369.32	0.470851
1369.44	0.620054
1369.56	0.780741
1369.68	0.951519
1369.8	1.14376
1369.92	1.35059
1370.05	1.54316
1370.17	1.72252
1370.29	1.89234
1370.41	2.06135
1370.53	2.2139
1370.65	2.37151
1370.77	2.51765
1370.89	2.64257
1371.01	2.74224
1371.13	2.80502
1371.25	2.82419
1371.37	2.80477
1371.49	2.76177
1371.61	2.68747
1371.73	2.57219
1371.86	2.4206
1371.98	2.25169
1372.1	2.0717
1372.22	1.89063
1372.34	1.70162
1372.46	1.52098
1372.58	1.36924
1372.7	1.24127
1372.82	1.14997
1372.94	1.10074
1373.06	1.07369
1373.18	1.06343
1373.3	1.08648
1373.42	1.14581
1373.54	1.22511
1373.66	1.33753
1373.78	1.47778
1373.9	1.64928
1374.02	1.85801
1374.15	2.09775
1374.27	2.38281
1374.39	2.71398
1374.51	3.06168
1374.55	3.19276
1374.68	3.53412
1374.8	3.86316
1374.92	4.18461
1375.04	4.4776
1375.16	4.74651
1375.28	4.97656
1375.4	5.17261
1375.52	5.33699
1375.65	5.44579
1375.77	5.52265
1375.89	5.55292
1376.01	5.54261
1376.13	5.48123
1376.25	5.39436
1376.37	5.26792
1376.49	5.11482
1376.61	4.92408
1376.73	4.69893
1376.86	4.44715
1376.98	4.17377
1377.1	3.88526
1377.22	3.58386
1377.34	3.26394
1377.46	2.94007
1377.58	2.64502
1377.7	2.36843
1377.82	2.1034
1377.94	1.87432
1378.06	1.67637
1378.19	1.48125
1378.31	1.28908
1378.43	1.10989
1378.55	0.944855
1378.67	0.801572
1378.79	0.666883
1378.91	0.542901
1379.03	0.431956
1379.15	0.33487
1379.27	0.259853
1379.39	0.198609
1379.52	0.127419
1379.64	0.043988
1379.76	-0.0634453
1379.88	-0.168303
1380	-0.278083
1380.12	-0.388726
1380.24	-0.516204
1380.36	-0.655982
1380.48	-0.793574
1380.6	-0.913445
1380.72	-1.00497
1380.84	-1.05928
1380.96	-1.06162
1381.08	-1.03543
1381.21	-0.971707
1381.33	-0.863101
1381.45	-0.728283
1381.57	-0.564208
1381.69	-0.370112
1381.81	-0.148064
1381.93	0.0942379
1382.05	0.361606
1382.17	0.66117
1382.29	0.998011
1382.41	1.34901
1382.53	1.70664
1382.65	2.07563
1382.77	2.44978
1382.89	2.82698
1383.01	3.19707
1383.14	3.56064
1383.26	3.89199
1383.38	4.18169
1383.5	4.43407
1383.62	4.64157
1383.74	4.79521
1383.86	4.88146
1383.98	4.91947
1384.1	4.89171
1384.22	4.80336
1384.34	4.6552
1384.46	4.44105
1384.58	4.18719
1384.7	3.8919
1384.82	3.56341
1384.94	3.20452
1385.06	2.81978
1385.18	2.42185
1385.3	2.00766
1385.42	1.58792
1385.54	1.17899
1385.66	0.784876
1385.78	0.407789
1385.91	0.0477968
1386.03	-0.285519
1386.15	-0.582743
1386.27	-0.844301
1386.39	-1.0718
1386.51	-1.26556
1386.63	-1.41785
1386.75	-1.5203
1386.87	-1.56645
1386.99	-1.56996
1387.11	-1.52509
1387.23	-1.44291
1387.35	-1.33828
1387.47	-1.20784
1387.59	-1.05521
1387.71	-0.877454
1387.83	-0.666552
1387.95	-0.414746
1388.07	-0.142825
1388.19	0.140366
1388.31	0.433837
1388.43	0.715623
1388.55	0.97082
1388.67	1.22558
1388.79	1.47349
1388.91	1.70985
1389.03	1.91522
1389.15	2.0949
1389.27	2.26363
1389.39	2.422
1389.51	2.57083
1389.63	2.70507
1389.75	2.82568
1389.87	2.93351
1389.99	3.04121
1390.11	3.12919
1390.23	3.20819
1390.35	3.27966
1390.47	3.33493
1390.59	3.3714
1390.71	3.40162
1390.83	3.43798
1390.95	3.49277
1391.07	3.56535
1391.19	3.647
1391.31	3.7275
1391.43	3.82085
1391.55	3.92846
1391.67	4.04848
1391.79	4.1605
1391.91	4.27099
1392.03	4.36448
1392.15	4.45867
1392.27	4.55364
1392.39	4.65387
1392.51	4.75445
1392.63	4.85728
1392.75	4.93985
1392.87	5.01741
1392.99	5.08708
1393.11	5.13627
1393.23	5.17367
1393.35	5.20963
1393.47	5.2273
1393.59	5.22802
1393.71	5.2266
1393.83	5.22372
1393.94	5.21245
1394.06	5.1949
1394.18	5.16124
1394.3	5.13183
1394.42	5.07649
1394.54	4.99143
1394.66	4.86745
1394.78	4.70046
1394.9	4.50776
1395.02	4.29485
1395.14	4.07872
1395.26	3.83448
1395.38	3.57774
1395.5	3.31503
1395.62	3.04126
1395.74	2.76004
1395.86	2.49355
1395.98	2.23741
1396.1	1.98177
1396.22	1.73861
1396.34	1.51175
1396.46	1.28263
1396.58	1.05101
1396.7	0.823557
1396.82	0.60103
1396.93	0.400107
1397.05	0.237405
1397.17	0.104485
1397.29	-0.00964245
1397.41	-0.113633
1397.53	-0.210975
1397.65	-0.297036
1397.77	-0.363723
1397.89	-0.410904
1398.01	-0.433051
1398.13	-0.428102
1398.25	-0.381836
1398.37	-0.312453
1398.49	-0.229694
1398.61	-0.127308
1398.73	-0.00758199
1398.85	0.150568
1398.96	0.362649
1399.08	0.605303
1399.2	0.863717
1399.32	1.12192
1399.44	1.41543
1399.56	1.7202
1399.68	2.02902
1399.8	2.33577
1399.92	2.63185
1400.04	2.92012
1400.16	3.19991
1400.28	3.4565
1400.4	3.67045
1400.52	3.86413
1400.64	4.0245
1400.76	4.14096
1400.88	4.22894
1401	4.30083
1401.12	4.36216
1401.24	4.41789
1401.36	4.45597
1401.48	4.45608
1401.6	4.43232
1401.72	4.40603
1401.84	4.36629
1401.96	4.3294
1402.08	4.29222
1402.2	4.25089
1402.32	4.19492
1402.44	4.152
1402.56	4.12523
1402.67	4.11358
1402.79	4.1064
1402.91	4.09423
1403.03	4.07642
1403.15	4.0628
1403.27	4.05235
1403.39	4.03628
1403.51	4.02113
1403.63	4.01081
1403.75	3.98576
1403.87	3.95301
1403.99	3.93356
1404.11	3.92454
1404.23	3.92365
1404.35	3.92768
1404.47	3.93263
1404.59	3.94539
1404.71	3.93049
1404.83	3.89839
1404.95	3.84444
1405.07	3.76632
1405.19	3.66852
1405.31	3.56191
1405.43	3.44371
1405.55	3.30281
1405.67	3.16621
1405.79	3.02304
1405.91	2.8796
1406.03	2.72218
1406.15	2.57474
1406.26	2.42075
1406.38	2.26517
1406.5	2.1238
1406.62	1.98378
1406.74	1.84121
1406.86	1.70184
1406.98	1.60247
1407.1	1.53453
1407.22	1.51931
1407.34	1.55385
1407.46	1.62681
1407.58	1.74167
1407.7	1.90279
1407.82	2.11815
1407.94	2.36759
1408.06	2.64218
1408.18	2.92565
1408.3	3.22101
1408.42	3.52761
1408.53	3.83746
1408.65	4.12337
1408.77	4.37702
1408.89	4.61826
1409.01	4.83662
1409.13	5.04898
1409.25	5.2525
1409.37	5.43327
1409.49	5.58515
1409.61	5.72783
1409.73	5.85344
1409.85	5.95249
1409.97	6.04007
1410.09	6.10376
1410.2	6.14828
1410.32	6.1694
1410.44	6.16512
1410.56	6.12487
1410.68	6.05737
1410.8	5.97472
1410.92	5.87896
1411.04	5.7659
1411.16	5.65102
1411.28	5.54584
1411.4	5.45221
1411.52	5.36627
1411.64	5.28327
1411.75	5.1873
1411.87	5.09928
1411.99	5.02132
1412.11	4.95465
1412.23	4.91442
1412.35	4.90106
1412.47	4.89891
1412.59	4.91467
1412.71	4.96139
1412.83	5.03972
1412.94	5.14413
1413.06	5.25316
1413.18	5.35604
1413.3	5.4595
1413.42	5.56987
1413.54	5.69679
1413.66	5.82311
1413.78	5.95412
1413.9	6.08292
1414.02	6.20023
1414.14	6.30129
1414.25	6.40964
1414.37	6.52149
1414.49	6.62291
1414.61	6.71026
1414.73	6.78242
1414.85	6.83778
1414.97	6.8711
1415.09	6.89719
1415.21	6.91415
1415.32	6.90547
1415.44	6.88077
1415.56	6.86316
1415.68	6.85875
1415.8	6.88069
1415.92	6.92995
1416.04	6.99966
1416.16	7.07799
1416.27	7.15183
1416.39	7.23999
1416.51	7.32456
1416.63	7.40968
1416.75	7.49102
1416.87	7.5503
1416.99	7.60097
1417.11	7.65188
1417.22	7.7273
1417.34	7.80078
1417.46	7.8893
1417.58	7.97846
1417.7	8.0772
1417.82	8.20573
1417.94	8.35773
1418.05	8.51569
1418.17	8.66503
1418.29	8.80977
1418.41	8.95177
1418.53	9.09568
1418.65	9.23405
1418.77	9.36047
1418.89	9.46125
1419	9.54515
1419.12	9.61661
1419.24	9.65329
1419.36	9.67139
1419.48	9.67014
1419.6	9.64995
1419.72	9.62135
1419.83	9.59423
1419.95	9.5459
1420.07	9.48482
1420.19	9.42621
1420.31	9.35983
1420.43	9.2975
1420.54	9.22287
1420.66	9.13753
1420.78	9.04074
1420.9	8.95236
1421.02	8.85901
1421.14	8.77186
1421.26	8.66732
1421.37	8.57248
1421.49	8.50243
1421.61	8.45833
1421.73	8.43123
1421.85	8.41046
1421.97	8.36782
1422.08	8.33289
1422.2	8.29832
1422.32	8.27022
1422.44	8.25427
1422.56	8.2438
1422.67	8.22526
1422.79	8.20885
1422.91	8.20649
1423.03	8.21943
1423.15	8.23679
1423.27	8.23383
1423.39	8.21111
1423.5	8.18192
1423.62	8.15631
1423.74	8.13109
1423.74	8.12864
1423.86	8.09894
1423.98	8.05958
1424.1	8.01486
1424.22	7.94976
1424.34	7.8739
1424.46	7.78614
1424.58	7.67425
1424.69	7.54323
1424.81	7.38514
1424.93	7.20365
1425.05	6.99524
1425.17	6.76149
1425.29	6.50863
1425.41	6.22613
1425.53	5.94507
1425.65	5.68222
1425.76	5.4456
1425.88	5.24578
1426	5.07226
1426.12	4.92959
1426.24	4.8028
1426.36	4.70224
1426.48	4.62686
1426.6	4.55776
1426.71	4.50446
1426.83	4.46112
1426.95	4.41399
1427.07	4.38871
1427.19	4.38854
1427.31	4.41231
1427.43	4.44047
1427.54	4.4919
1427.66	4.55434
1427.78	4.63812
1427.9	4.75526
1428.02	4.87537
1428.14	4.98571
1428.26	5.09499
1428.38	5.2099
1428.49	5.33223
1428.61	5.46081
1428.73	5.58203
1428.85	5.70129
1428.97	5.82366
1429.09	5.94489
1429.21	6.04994
1429.32	6.12873
1429.44	6.1997
1429.56	6.26217
1429.68	6.30937
1429.8	6.34822
1429.92	6.37684
1430.04	6.37746
1430.15	6.36776
1430.27	6.35378
1430.39	6.33744
1430.51	6.30586
1430.63	6.25082
1430.75	6.18108
1430.86	6.10105
1430.98	6.01546
1431.1	5.89641
1431.22	5.77007
1431.34	5.63288
1431.46	5.51086
1431.57	5.397
1431.69	5.30836
1431.81	5.2286
1431.93	5.15534
1432.05	5.08865
1432.17	5.05586
1432.28	5.04781
1432.4	5.06686
1432.52	5.11232
1432.64	5.17307
1432.76	5.24203
1432.88	5.32499
1432.99	5.43101
1433.11	5.5559
1433.23	5.69774
1433.35	5.84796
1433.47	6.01028
1433.59	6.19418
1433.7	6.3857
1433.82	6.59042
1433.94	6.80766
1434.06	7.0375
1434.18	7.28493
1434.29	7.53773
1434.41	7.78869
1434.53	8.04335
1434.65	8.32057
1434.77	8.60563
1434.89	8.8907
1435	9.15705
1435.12	9.39129
1435.24	9.57854
1435.36	9.72941
1435.48	9.84737
1435.59	9.92858
1435.71	9.9774
1435.83	9.99206
1435.95	9.98608
1436.07	9.96664
1436.18	9.92276
1436.3	9.85479
1436.42	9.76307
1436.54	9.66001
1436.66	9.53013
1436.77	9.37171
1436.89	9.19991
1437.01	9.0225
1437.13	8.82954
1437.25	8.6422
1437.36	8.459
1437.48	8.26511
1437.6	8.07115
1437.72	7.90068
1437.84	7.75191
1437.95	7.63248
1438.07	7.5504
1438.19	7.47821
1438.31	7.42033
1438.43	7.39123
1438.54	7.38502
1438.66	7.4104
1438.78	7.46908
1438.9	7.53921
1439.01	7.63279
1439.13	7.72687
1439.25	7.82537
1439.37	7.92145
1439.49	8.0193
1439.6	8.12861
1439.72	8.23401
1439.84	8.33384
1439.96	8.42783
1440.07	8.50354
1440.19	8.55743
1440.31	8.60237
1440.43	8.63394
1440.54	8.66231
1440.66	8.65885
1440.78	8.64144
1440.9	8.61175
1441.02	8.57732
1441.13	8.51817
1441.25	8.43264
1441.37	8.34261
1441.49	8.24085
1441.6	8.12379
1441.72	7.97314
1441.84	7.82256
1441.96	7.65056
1442.07	7.46885
1442.19	7.28188
1442.31	7.10165
1442.43	6.93077
1442.54	6.77733
1442.66	6.62917
1442.78	6.48916
1442.9	6.34648
1443.01	6.21713
1443.13	6.1156
1443.25	6.04265
1443.37	5.99622
1443.48	5.96944
1443.6	5.96685
1443.72	5.9907
1443.84	6.01935
1443.95	6.0613
1444.07	6.10906
1444.19	6.14982
1444.31	6.18803
1444.42	6.22094
1444.54	6.27029
1444.66	6.33136
1444.78	6.41286
1444.89	6.49713
1445.01	6.56625
1445.13	6.62526
1445.24	6.65633
1445.36	6.65769
1445.48	6.63635
1445.6	6.58157
1445.71	6.50813
1445.83	6.41197
1445.95	6.29784
1446.07	6.17652
1446.18	6.04429
1446.3	5.89247
1446.42	5.73491
1446.53	5.5911
1446.65	5.45589
1446.77	5.30871
1446.89	5.1572
1447	5.015
1447.12	4.90055
1447.24	4.79555
1447.36	4.69149
1447.42	4.64354
1447.53	4.51484
1447.65	4.40909
1447.77	4.32491
1447.89	4.2519
1448	4.17506
1448.12	4.10718
1448.24	4.04385
1448.36	3.9856
1448.48	3.94106
1448.59	3.90981
1448.71	3.904
1448.83	3.90499
1448.95	3.88298
1449.06	3.85206
1449.18	3.80261
1449.3	3.75013
1449.42	3.70247
1449.54	3.65642
1449.65	3.62308
1449.77	3.5876
1449.89	3.55285
1450.01	3.50684
1450.13	3.45084
1450.24	3.3892
1450.36	3.32461
1450.48	3.24316
1450.6	3.17303
1450.71	3.06945
1450.83	2.96836
1450.95	2.87691
1451.07	2.80744
1451.18	2.74276
1451.3	2.6984
1451.42	2.68356
1451.54	2.70599
1451.65	2.75738
1451.77	2.81593
1451.89	2.91043
1452.01	3.01093
1452.12	3.13069
1452.24	3.27928
1452.36	3.45172
1452.48	3.64521
1452.6	3.85138
1452.71	4.06151
1452.83	4.28451
1452.95	4.50572
1453.07	4.72754
1453.18	4.93609
1453.3	5.12619
1453.42	5.28834
1453.54	5.42729
1453.65	5.54792
1453.77	5.63394
1453.89	5.66477
1454.01	5.64754
1454.12	5.58552
1454.24	5.47925
1454.36	5.34121
1454.47	5.1743
1454.59	4.98284
1454.71	4.76686
1454.83	4.54142
1454.94	4.28963
1455.06	4.01686
1455.18	3.74585
1455.3	3.46957
1455.41	3.1862
1455.53	2.90278
1455.65	2.62072
1455.77	2.36493
1455.88	2.12304
1456	1.90116
1456.12	1.69907
1456.23	1.51196
1456.35	1.34039
1456.47	1.20992
1456.59	1.11037
1456.7	1.02862
1456.82	0.94998
1456.94	0.890715
1457.06	0.856134
1457.17	0.852588
1457.29	0.870338
1457.41	0.889523
1457.52	0.918216
1457.64	0.960659
1457.76	1.03402
1457.88	1.09954
1457.99	1.15217
1458.11	1.17775
1458.23	1.2141
1458.34	1.26426
1458.46	1.31225
1458.58	1.37306
1458.69	1.44897
1458.81	1.52908
1458.93	1.59044
1459.05	1.62015
1459.16	1.64565
1459.28	1.66505
1459.4	1.68218
1459.51	1.69652
1459.63	1.70547
1459.75	1.73048
1459.87	1.7584
1459.98	1.80299
1460.1	1.86554
1460.22	1.9478
1460.33	2.0281
1460.45	2.11742
1460.57	2.20181
1460.68	2.29534
1460.8	2.3501
1460.92	2.40471
1461.04	2.46006
1461.15	2.51451
1461.27	2.55971
1461.39	2.6039
1461.5	2.64811
1461.62	2.69519
1461.74	2.72852
1461.85	2.73277
1461.97	2.71543
1462.09	2.65472
1462.2	2.57188
1462.32	2.46396
1462.44	2.32245
1462.55	2.16779
1462.67	2.02545
1462.79	1.88109
1462.9	1.75374
1463.02	1.62967
1463.14	1.51038
1463.25	1.39705
1463.37	1.31049
1463.49	1.24838
1463.6	1.21292
1463.72	1.20847
1463.84	1.22889
1463.95	1.27688
1464.07	1.36214
1464.19	1.50582
1464.3	1.69439
1464.42	1.90383
1464.54	2.13868
1464.65	2.38714
1464.77	2.6545
1464.89	2.93588
1465	3.20331
1465.12	3.47225
1465.24	3.74877
1465.35	4.02102
1465.47	4.27191
1465.59	4.50292
1465.7	4.70848
1465.82	4.90082
1465.94	5.06995
1466.05	5.21893
1466.17	5.33098
1466.29	5.40313
1466.4	5.45393
1466.52	5.49207
1466.64	5.49612
1466.75	5.4681
1466.87	5.41109
1466.98	5.33454
1467.1	5.24144
1467.22	5.14413
1467.33	5.04654
1467.45	4.93529
1467.57	4.81642
1467.68	4.68834
1467.8	4.55566
1467.92	4.39563
1468.03	4.2192
1468.15	4.02715
1468.26	3.84785
1468.38	3.67498
1468.5	3.49672
1468.61	3.32753
1468.73	3.17354
1468.85	3.01452
1468.96	2.85276
1469.08	2.70113
1469.2	2.57073
1469.31	2.43816
1469.43	2.29575
1469.54	2.1404
1469.66	1.98398
1469.78	1.85165
1469.89	1.72967
1470.01	1.62816
1470.13	1.53827
1470.24	1.45087
1470.36	1.34946
1470.47	1.25476
1470.59	1.15434
1470.71	1.06171
1470.82	0.955192
1470.94	0.853613
1471.05	0.760918
1471.17	0.690311
1471.29	0.629563
1471.4	0.586659
1471.49	0.556791
1471.61	0.554017
1471.73	0.587004
1471.84	0.637943
1471.96	0.697024
1472.08	0.764426
1472.19	0.847932
1472.31	0.949911
1472.43	1.05743
1472.54	1.17636
1472.66	1.30727
1472.78	1.43273
1472.89	1.5592
1473.01	1.66057
1473.13	1.74383
1473.24	1.81488
1473.36	1.8771
1473.48	1.90426
1473.59	1.89373
1473.71	1.86659
1473.83	1.81919
1473.94	1.76532
1474.06	1.71233
1474.18	1.67396
1474.29	1.62961
1474.41	1.57464
1474.53	1.53641
1474.64	1.48926
1474.76	1.44717
1474.88	1.41923
1475	1.40318
1475.11	1.41049
1475.23	1.43949
1475.34	1.48787
1475.46	1.53426
1475.58	1.59578
1475.69	1.663
1475.81	1.73649
1475.93	1.7992
1476.04	1.85278
1476.16	1.88426
1476.28	1.88863
1476.39	1.884
1476.51	1.86013
1476.63	1.8139
1476.74	1.74085
1476.86	1.6454
1476.98	1.53083
1477.09	1.40974
1477.21	1.27725
1477.33	1.12375
1477.44	0.951265
1477.56	0.761223
1477.68	0.568591
1477.79	0.381772
1477.91	0.184129
1478.02	-0.0151598
1478.14	-0.206018
1478.26	-0.393034
1478.37	-0.587296
1478.49	-0.792311
1478.61	-0.982894
1478.72	-1.15035
1478.84	-1.29831
1478.95	-1.40678
1479.07	-1.46782
1479.19	-1.49172
1479.3	-1.48589
1479.42	-1.44886
1479.54	-1.37965
1479.65	-1.26736
1479.77	-1.09856
1479.89	-0.899898
1480	-0.670452
1480.12	-0.409252
1480.23	-0.125609
1480.35	0.160113
1480.47	0.456203
1480.58	0.759024
1480.7	1.07125
1480.82	1.37616
1480.93	1.67679
1481.05	1.96279
1481.16	2.23163
1481.28	2.45239
1481.4	2.64554
1481.51	2.80626
1481.63	2.94122
1481.74	3.03667
1481.86	3.07452
1481.98	3.07245
1482.09	3.04531
1482.21	2.99426
1482.33	2.93258
1482.44	2.83676
1482.56	2.72751
1482.67	2.60973
1482.79	2.48668
1482.9	2.3544
1483.02	2.21238
1483.14	2.08254
1483.25	1.96738
1483.37	1.85226
1483.49	1.72426
1483.6	1.60405
1483.72	1.49741
1483.83	1.39232
1483.95	1.3071
1484.06	1.23277
1484.18	1.16514
1484.3	1.10425
1484.41	1.04892
1484.53	1.00697
1484.64	0.957854
1484.76	0.932303
1484.88	0.921745
1484.99	0.915273
1485.11	0.919311
1485.22	0.935122
1485.34	0.96244
1485.46	0.99326
1485.57	1.03532
1485.69	1.08452
1485.8	1.13975
1485.92	1.18904
1486.03	1.25079
1486.15	1.30379
1486.27	1.33722
1486.38	1.3657
1486.5	1.38946
1486.61	1.41162
1486.73	1.4245
1486.84	1.42568
1486.96	1.42419
1487.08	1.42708
1487.19	1.41441
1487.31	1.38358
1487.42	1.36249
1487.54	1.34662
1487.65	1.35846
1487.77	1.39046
1487.89	1.42682
1488	1.47854
1488.12	1.55008
1488.23	1.60904
1488.35	1.64636
1488.46	1.68254
1488.58	1.73072
1488.69	1.78063
1488.81	1.83365
1488.93	1.8934
1489.04	1.96351
1489.16	2.04558
1489.27	2.13648
1489.39	2.22558
1489.5	2.30458
1489.62	2.38423
1489.73	2.46144
1489.85	2.5234
1489.97	2.58053
1490.08	2.63229
1490.2	2.66449
1490.31	2.66649
1490.43	2.6425
1490.54	2.5997
1490.66	2.54784
1490.77	2.48256
1490.89	2.40693
1491	2.31567
1491.12	2.21664
1491.24	2.10502
1491.35	1.99324
1491.47	1.86884
1491.58	1.72888
1491.7	1.57203
1491.81	1.40242
1491.93	1.22966
1492.04	1.0554
1492.16	0.879638
1492.27	0.707022
1492.39	0.533976
1492.5	0.365539
1492.62	0.204962
1492.73	0.0549096
1492.85	-0.0819036
1492.96	-0.198379
1493.08	-0.287256
1493.2	-0.354685
1493.31	-0.401262
1493.43	-0.426884
1493.54	-0.419787
1493.66	-0.394254
1493.77	-0.353335
1493.89	-0.290365
1494	-0.224081
1494.12	-0.160135
1494.23	-0.0995798
1494.35	-0.0436584
1494.46	0.027871
1494.58	0.10921
1494.69	0.191145
1494.81	0.258079
1494.92	0.278387
1495.04	0.230022
1495.15	0.223595
1495.27	0.25578
1495.38	0.378875
1495.5	0.512626
1495.61	0.660992
1495.73	0.820159
1495.84	0.989004
1495.96	1.16793
1496.07	1.35647
1496.19	1.55713
1496.3	1.76901
1496.31	1.7567
1496.43	1.96657
1496.54	2.18558
1496.66	2.41858
1496.77	2.65877
1496.89	2.90584
1497.01	3.17382
1497.12	3.44966
1497.24	3.70905
1497.35	3.94943
1497.47	4.14186
1497.59	4.28178
1497.7	4.35695
1497.82	4.34332
1497.93	4.23855
1498.05	4.04423
1498.16	3.73514
1498.28	3.29399
1498.39	2.71739
1498.51	1.99187
1498.63	1.11492
1498.74	0.0987465
1498.86	-1.01503
1498.97	-2.16091
1499.09	-3.26419
1499.2	-4.20214
1499.32	-4.77776
1499.43	-4.71857
1499.55	-3.65953
1499.67	-1.13862
1499.78	3.40263
1499.9	10.714
1499.95	15.6477
1499.99	19.6304
