1060.01	4.18311
1060.14	3.35298
1060.28	2.44473
1060.41	1.56128
1060.55	0.768277
1060.68	0.103699
1060.82	-0.421968
1060.95	-0.815196
1061.09	-1.09468
1061.22	-1.26727
1061.36	-1.34195
1061.49	-1.34853
1061.63	-1.3079
1061.76	-1.21704
1061.9	-1.09319
1062.03	-0.94206
1062.17	-0.769446
1062.3	-0.574004
1062.44	-0.369955
1062.57	-0.158297
1062.71	0.0595881
1062.84	0.288125
1062.98	0.509047
1063.11	0.717265
1063.25	0.915294
1063.38	1.10231
1063.52	1.2787
1063.65	1.43232
1063.79	1.55742
1063.92	1.64438
1064.06	1.69016
1064.19	1.69348
1064.33	1.66391
1064.46	1.604
1064.6	1.52449
1064.73	1.42843
1064.87	1.31882
1065	1.19853
1065.14	1.06827
1065.27	0.927415
1065.41	0.776217
1065.54	0.62112
1065.68	0.463224
1065.81	0.298508
1065.95	0.134078
1066.08	-0.0468658
1066.22	-0.218775
1066.35	-0.372533
1066.49	-0.49638
1066.62	-0.592259
1066.76	-0.680448
1066.89	-0.753641
1067.02	-0.812778
1067.16	-0.873315
1067.29	-0.906615
1067.43	-0.925263
1067.56	-0.92438
1067.7	-0.899303
1067.83	-0.848779
1067.97	-0.781496
1068.1	-0.697048
1068.24	-0.600103
1068.37	-0.486679
1068.51	-0.353642
1068.64	-0.204651
1068.78	-0.0509861
1068.91	0.104805
1069.05	0.259495
1069.18	0.409158
1069.31	0.555326
1069.45	0.690729
1069.58	0.819032
1069.72	0.940484
1069.85	1.05
1069.99	1.14396
1070.12	1.22208
1070.26	1.27835
1070.39	1.31376
1070.52	1.32034
1070.66	1.29456
1070.79	1.25153
1070.93	1.19789
1071.06	1.14106
1071.2	1.08298
1071.33	1.01223
1071.47	0.934456
1071.6	0.851562
1071.73	0.772641
1071.87	0.689639
1072	0.603284
1072.14	0.518388
1072.27	0.436261
1072.41	0.346774
1072.54	0.249683
1072.68	0.153987
1072.81	0.065482
1072.94	-0.011789
1073.08	-0.0874005
1073.21	-0.158291
1073.35	-0.207835
1073.48	-0.2456
1073.61	-0.269465
1073.75	-0.280742
1073.88	-0.270255
1074.02	-0.212952
1074.15	-0.141664
1074.29	-0.0477792
1074.42	0.064357
1074.55	0.209613
1074.69	0.379801
1074.82	0.562179
1074.96	0.741742
1075.09	0.907151
1075.23	1.07433
1075.36	1.23546
1075.49	1.39623
1075.63	1.55652
1075.76	1.7242
1075.9	1.89476
1076.03	2.07521
1076.16	2.24491
1076.3	2.41756
1076.43	2.6064
1076.57	2.7932
1076.7	2.96495
1076.83	3.12475
1076.97	3.27162
1077.1	3.40602
1077.24	3.51759
1077.37	3.59064
1077.5	3.63625
1077.64	3.66815
1077.77	3.68613
1077.91	3.6919
1078.04	3.70084
1078.17	3.68149
1078.31	3.63056
1078.44	3.57148
1078.58	3.47465
1078.71	3.3385
1078.84	3.18765
1078.98	3.02173
1079.11	2.84283
1079.24	2.65358
1079.38	2.45706
1079.51	2.24589
1079.65	2.02396
1079.78	1.78604
1079.91	1.54444
1080.05	1.29983
1080.18	1.06086
1080.32	0.827338
1080.45	0.610865
1080.58	0.403381
1080.72	0.214512
1080.85	0.0460062
1080.98	-0.0902425
1081.12	-0.175254
1081.25	-0.208384
1081.39	-0.206311
1081.52	-0.178703
1081.65	-0.123143
1081.79	-0.0495156
1081.92	0.036866
1082.05	0.129328
1082.19	0.227162
1082.32	0.348272
1082.45	0.490895
1082.59	0.650682
1082.72	0.828379
1082.85	1.01075
1082.99	1.20839
1083.12	1.41978
1083.26	1.63878
1083.39	1.85206
1083.52	2.06397
1083.66	2.27858
1083.79	2.47836
1083.92	2.65796
1084.06	2.82286
1084.19	2.97397
1084.32	3.11012
1084.46	3.22447
1084.59	3.30698
1084.72	3.36218
1084.86	3.39606
1084.99	3.4057
1085.12	3.39481
1085.26	3.36143
1085.39	3.31772
1085.52	3.27821
1085.66	3.23093
1085.79	3.19598
1085.92	3.16671
1086.06	3.1522
1086.19	3.15386
1086.32	3.16067
1086.46	3.15866
1086.59	3.14573
1086.72	3.14619
1086.86	3.14899
1086.99	3.15852
1087.12	3.16995
1087.26	3.18408
1087.39	3.20446
1087.52	3.23567
1087.66	3.26426
1087.79	3.31702
1087.92	3.39515
1088.06	3.47616
1088.19	3.55186
1088.32	3.62306
1088.46	3.68863
1088.59	3.73946
1088.72	3.76218
1088.79	3.7537
1088.92	3.72924
1089.06	3.68904
1089.19	3.64335
1089.33	3.58421
1089.46	3.51126
1089.59	3.40091
1089.73	3.26817
1089.86	3.12192
1090	2.93489
1090.13	2.72812
1090.26	2.51142
1090.4	2.28354
1090.53	2.0325
1090.67	1.75787
1090.8	1.46996
1090.93	1.17068
1091.07	0.854223
1091.2	0.523893
1091.33	0.198962
1091.47	-0.114238
1091.6	-0.412698
1091.73	-0.685276
1091.87	-0.943993
1092	-1.19741
1092.14	-1.42209
1092.27	-1.6066
1092.4	-1.73297
1092.54	-1.79417
1092.67	-1.81172
1092.8	-1.77814
1092.94	-1.68598
1093.07	-1.54345
1093.21	-1.3648
1093.34	-1.15303
1093.47	-0.899243
1093.61	-0.606544
1093.74	-0.264801
1093.87	0.108195
1094.01	0.500831
1094.14	0.917419
1094.27	1.32544
1094.41	1.74707
1094.54	2.16971
1094.67	2.57785
1094.81	2.96278
1094.94	3.3205
1095.07	3.65312
1095.21	3.94113
1095.34	4.1856
1095.47	4.38668
1095.61	4.54438
1095.74	4.65094
1095.87	4.70732
1096.01	4.70776
1096.14	4.65294
1096.28	4.53513
1096.41	4.35942
1096.54	4.12479
1096.68	3.83831
1096.81	3.5136
1096.94	3.16596
1097.08	2.80996
1097.21	2.45508
1097.34	2.09947
1097.47	1.75502
1097.61	1.42371
1097.74	1.10987
1097.88	0.806864
1098.01	0.523475
1098.14	0.284108
1098.27	0.0872528
1098.41	-0.076393
1098.54	-0.216757
1098.67	-0.328826
1098.81	-0.395507
1098.94	-0.426392
1099.07	-0.4213
1099.21	-0.375133
1099.34	-0.297164
1099.47	-0.19508
1099.61	-0.0768695
1099.74	0.0542457
1099.87	0.183362
1100.01	0.294195
1100.14	0.390222
1100.27	0.474511
1100.4	0.538281
1100.54	0.589047
1100.67	0.627959
1100.8	0.635573
1100.94	0.609331
1101.07	0.556924
1101.2	0.49262
1101.34	0.402487
1101.47	0.293472
1101.6	0.174103
1101.73	0.0555274
1101.87	-0.0679627
1102	-0.190618
1102.13	-0.315177
1102.27	-0.436274
1102.4	-0.546045
1102.53	-0.660363
1102.67	-0.758159
1102.8	-0.820057
1102.93	-0.83768
1103.06	-0.825839
1103.2	-0.773059
1103.33	-0.69786
1103.46	-0.602414
1103.6	-0.465282
1103.73	-0.289957
1103.86	-0.0852676
1103.99	0.130669
1104.13	0.349583
1104.26	0.601782
1104.39	0.869102
1104.53	1.12686
1104.66	1.37261
1104.79	1.62942
1104.92	1.90378
1105.06	2.18118
1105.19	2.44861
1105.32	2.6967
1105.45	2.92247
1105.59	3.12556
1105.72	3.3033
1105.85	3.46536
1105.98	3.60395
1106.12	3.72076
1106.25	3.80521
1106.38	3.85719
1106.52	3.87792
1106.65	3.86313
1106.78	3.82473
1106.91	3.7633
1107.05	3.68412
1107.18	3.5948
1107.31	3.50363
1107.44	3.39924
1107.58	3.27533
1107.71	3.1304
1107.84	2.97832
1107.97	2.82141
1108.11	2.65775
1108.24	2.49885
1108.37	2.36267
1108.5	2.25454
1108.64	2.17191
1108.77	2.10978
1108.9	2.06481
1109.03	2.04602
1109.17	2.06126
1109.3	2.10691
1109.43	2.17348
1109.56	2.27617
1109.7	2.40327
1109.83	2.5391
1109.96	2.68832
1110.09	2.85202
1110.22	3.03211
1110.36	3.22069
1110.49	3.41915
1110.62	3.62668
1110.75	3.83343
1110.89	4.0532
1111.02	4.27096
1111.15	4.47995
1111.28	4.6779
1111.42	4.87449
1111.55	5.05978
1111.68	5.22474
1111.81	5.36451
1111.94	5.48824
1112.08	5.59239
1112.21	5.65851
1112.34	5.69862
1112.47	5.71831
1112.6	5.70885
1112.74	5.64525
1112.87	5.56179
1113	5.44669
1113.13	5.30113
1113.27	5.11427
1113.4	4.89433
1113.53	4.64211
1113.66	4.36775
1113.79	4.07058
1113.93	3.74416
1114.06	3.41707
1114.19	3.09805
1114.32	2.79173
1114.45	2.49013
1114.59	2.23226
1114.72	2.00202
1114.85	1.80513
1114.98	1.64891
1115.11	1.52967
1115.25	1.4354
1115.38	1.36179
1115.51	1.31199
1115.64	1.29658
1115.77	1.30185
1115.91	1.32219
1116.03	1.36033
1116.16	1.4241
1116.3	1.49611
1116.43	1.56025
1116.56	1.62361
1116.7	1.68011
1116.83	1.72382
1116.96	1.76159
1117.09	1.80566
1117.23	1.84454
1117.36	1.88078
1117.49	1.91097
1117.62	1.92682
1117.76	1.92558
1117.89	1.91528
1118.02	1.89145
1118.15	1.85546
1118.29	1.81353
1118.42	1.77119
1118.55	1.73781
1118.68	1.71105
1118.82	1.68358
1118.95	1.65459
1119.08	1.6262
1119.21	1.60613
1119.35	1.57964
1119.48	1.55132
1119.61	1.54349
1119.74	1.55493
1119.88	1.57556
1120.01	1.60823
1120.14	1.64676
1120.27	1.70606
1120.41	1.79473
1120.54	1.91579
1120.67	2.0609
1120.8	2.22742
1120.94	2.43301
1121.07	2.66353
1121.2	2.91627
1121.33	3.19016
1121.46	3.47425
1121.6	3.75515
1121.73	4.02431
1121.86	4.28414
1121.99	4.54581
1122.13	4.78986
1122.26	5.02631
1122.39	5.23083
1122.52	5.42118
1122.66	5.60132
1122.79	5.75052
1122.92	5.8477
1123.05	5.89588
1123.18	5.90358
1123.32	5.88714
1123.45	5.84868
1123.58	5.78112
1123.71	5.70598
1123.84	5.62804
1123.98	5.53695
1124.11	5.42593
1124.24	5.33024
1124.37	5.2346
1124.5	5.13097
1124.64	5.02085
1124.77	4.91737
1124.9	4.82893
1125.03	4.75532
1125.16	4.67873
1125.3	4.59355
1125.43	4.51653
1125.56	4.43537
1125.69	4.3474
1125.82	4.26175
1125.96	4.19025
1126.09	4.11351
1126.22	4.0383
1126.35	3.96425
1126.48	3.88835
1126.62	3.80282
1126.75	3.70521
1126.88	3.61039
1127.01	3.51602
1127.14	3.41847
1127.28	3.31319
1127.41	3.2047
1127.54	3.08388
1127.67	2.94685
1127.8	2.794
1127.94	2.63388
1128.07	2.45439
1128.2	2.25522
1128.33	2.05349
1128.46	1.85896
1128.59	1.6595
1128.73	1.46709
1128.86	1.27476
1128.99	1.07654
1129.12	0.879941
1129.25	0.67758
1129.38	0.465916
1129.52	0.255842
1129.65	0.0647669
1129.78	-0.101902
1129.91	-0.235882
1130.04	-0.33162
1130.17	-0.398221
1130.31	-0.432961
1130.44	-0.426938
1130.57	-0.374396
1130.7	-0.28345
1130.83	-0.143456
1130.96	0.0426057
1131.1	0.253457
1131.23	0.489817
1131.36	0.749197
1131.49	1.02667
1131.62	1.33053
1131.75	1.65195
1131.89	1.98969
1132.02	2.32932
1132.15	2.69471
1132.28	3.07352
1132.41	3.44621
1132.54	3.81053
1132.67	4.16577
1132.81	4.49229
1132.94	4.78926
1133.07	5.06569
1133.2	5.33513
1133.33	5.59847
1133.46	5.83659
1133.59	6.06238
1133.73	6.26752
1133.86	6.4742
1133.99	6.66266
1134.12	6.81696
1134.25	6.92769
1134.38	6.99052
1134.51	7.01989
1134.64	7.02437
1134.78	6.99682
1134.91	6.94037
1135.04	6.86574
1135.17	6.76846
1135.3	6.62929
1135.43	6.45587
1135.56	6.26111
1135.69	6.03677
1135.83	5.77608
1135.96	5.4897
1136.09	5.19605
1136.22	4.91327
1136.35	4.63655
1136.48	4.35516
1136.61	4.08537
1136.74	3.8329
1136.88	3.58059
1137.01	3.34536
1137.14	3.13827
1137.27	2.96089
1137.4	2.8128
1137.53	2.69223
1137.66	2.59441
1137.79	2.5201
1137.92	2.46529
1138.06	2.43318
1138.19	2.42656
1138.32	2.42228
1138.45	2.43718
1138.58	2.47109
1138.71	2.52619
1138.84	2.57311
1138.97	2.62274
1139.1	2.68322
1139.23	2.74922
1139.37	2.80471
1139.5	2.84944
1139.63	2.88872
1139.76	2.93433
1139.89	2.98096
1140.02	3.03345
1140.15	3.07321
1140.28	3.10711
1140.41	3.13102
1140.54	3.12514
1140.67	3.10824
1140.81	3.08752
1140.94	3.05712
1141.07	3.01389
1141.2	2.96135
1141.33	2.89234
1141.46	2.79619
1141.59	2.68774
1141.72	2.58453
1141.85	2.48613
1141.98	2.39364
1142.11	2.30228
1142.24	2.20657
1142.37	2.11984
1142.51	2.04475
1142.55	2.00574
1142.68	1.94036
1142.81	1.89895
1142.94	1.87979
1143.08	1.87628
1143.21	1.89479
1143.34	1.94995
1143.47	2.01449
1143.6	2.09127
1143.73	2.18113
1143.86	2.29326
1144	2.41055
1144.13	2.54462
1144.26	2.69405
1144.39	2.85384
1144.52	3.01217
1144.65	3.17412
1144.78	3.34303
1144.92	3.50651
1145.05	3.67294
1145.18	3.82349
1145.31	3.96501
1145.44	4.08622
1145.57	4.18943
1145.7	4.2922
1145.83	4.38895
1145.97	4.47715
1146.1	4.55855
1146.23	4.63286
1146.36	4.69617
1146.49	4.73961
1146.62	4.75772
1146.75	4.74494
1146.88	4.69417
1147.02	4.60009
1147.15	4.46084
1147.28	4.28519
1147.41	4.07461
1147.54	3.82415
1147.67	3.52815
1147.8	3.2096
1147.93	2.85298
1148.06	2.46525
1148.19	2.06575
1148.33	1.65291
1148.46	1.2349
1148.59	0.809591
1148.72	0.38145
1148.85	-0.0340302
1148.98	-0.427111
1149.11	-0.791476
1149.24	-1.12953
1149.37	-1.43174
1149.51	-1.69516
1149.64	-1.89504
1149.77	-2.04231
1149.9	-2.13545
1150.03	-2.19339
1150.16	-2.18439
1150.29	-2.10765
1150.42	-1.99006
1150.55	-1.84303
1150.68	-1.65699
1150.81	-1.42663
1150.95	-1.15518
1151.08	-0.850572
1151.21	-0.51983
1151.34	-0.16524
1151.47	0.20748
1151.6	0.588059
1151.73	0.965958
1151.86	1.35947
1151.99	1.75384
1152.12	2.13007
1152.25	2.48699
1152.38	2.81805
1152.52	3.11247
1152.65	3.36395
1152.78	3.57755
1152.91	3.77198
1153.04	3.93034
1153.17	4.06276
1153.3	4.16173
1153.43	4.22079
1153.56	4.25387
1153.69	4.2552
1153.82	4.22353
1153.95	4.16737
1154.08	4.08307
1154.21	3.96883
1154.34	3.82233
1154.48	3.66089
1154.61	3.49523
1154.74	3.31436
1154.87	3.13787
1155	2.97572
1155.13	2.84572
1155.26	2.73818
1155.39	2.65099
1155.52	2.58043
1155.65	2.52974
1155.78	2.50763
1155.91	2.52083
1156.04	2.55075
1156.17	2.5782
1156.3	2.60427
1156.43	2.63234
1156.56	2.67875
1156.69	2.73329
1156.82	2.79339
1156.96	2.86899
1157.09	2.94839
1157.22	3.02142
1157.35	3.08959
1157.48	3.16063
1157.61	3.23877
1157.74	3.32158
1157.87	3.4049
1158	3.50199
1158.13	3.60758
1158.26	3.71357
1158.39	3.81067
1158.52	3.90809
1158.65	4.00481
1158.78	4.10042
1158.91	4.18079
1159.04	4.26682
1159.17	4.34687
1159.3	4.41534
1159.43	4.47248
1159.56	4.50308
1159.69	4.51398
1159.82	4.48557
1159.95	4.42878
1160.08	4.35452
1160.21	4.27143
1160.34	4.17121
1160.47	4.04926
1160.6	3.92741
1160.73	3.80705
1160.86	3.69099
1160.99	3.56961
1161.12	3.45756
1161.25	3.34804
1161.38	3.25586
1161.51	3.16589
1161.64	3.08469
1161.77	3.02072
1161.9	2.98071
1162.03	2.95857
1162.16	2.9414
1162.29	2.94264
1162.42	2.95829
1162.55	2.9947
1162.68	3.03553
1162.81	3.08151
1162.94	3.13471
1163.07	3.20455
1163.2	3.27754
1163.33	3.33803
1163.46	3.39852
1163.59	3.45334
1163.72	3.49146
1163.85	3.51023
1163.98	3.51798
1164.11	3.53681
1164.24	3.54526
1164.37	3.55526
1164.5	3.56016
1164.63	3.55344
1164.76	3.5443
1164.89	3.53545
1165.02	3.51446
1165.15	3.48645
1165.28	3.43921
1165.41	3.38401
1165.54	3.32209
1165.67	3.24896
1165.8	3.17619
1165.93	3.10324
1166.06	3.03898
1166.19	2.98837
1166.32	2.95881
1166.45	2.93416
1166.58	2.91338
1166.71	2.90594
1166.84	2.92235
1166.97	2.97044
1167.1	3.03708
1167.23	3.10241
1167.36	3.16553
1167.49	3.24076
1167.62	3.33219
1167.75	3.45704
1167.88	3.60093
1168.01	3.75151
1168.14	3.91592
1168.27	4.06987
1168.39	4.2017
1168.49	4.28404
1168.62	4.37441
1168.75	4.43235
1168.88	4.46239
1169.01	4.47245
1169.14	4.46814
1169.27	4.43075
1169.4	4.36819
1169.53	4.28375
1169.66	4.18432
1169.79	4.06732
1169.92	3.93643
1170.05	3.78179
1170.18	3.63239
1170.31	3.48161
1170.44	3.34793
1170.57	3.23807
1170.7	3.15554
1170.83	3.09121
1170.96	3.03598
1171.09	3.01084
1171.22	3.02393
1171.35	3.06552
1171.48	3.11692
1171.61	3.196
1171.74	3.31042
1171.87	3.444
1172	3.60194
1172.13	3.76519
1172.26	3.9455
1172.39	4.12113
1172.52	4.28309
1172.65	4.44041
1172.78	4.60497
1172.91	4.76016
1173.04	4.90795
1173.17	5.03767
1173.3	5.152
1173.43	5.26236
1173.56	5.3538
1173.69	5.41902
1173.82	5.44906
1173.95	5.45633
1174.08	5.42829
1174.21	5.37985
1174.34	5.30115
1174.47	5.19069
1174.6	5.05952
1174.73	4.91313
1174.86	4.74361
1174.99	4.54589
1175.12	4.34887
1175.25	4.15682
1175.38	3.95871
1175.51	3.77582
1175.64	3.61449
1175.77	3.4729
1175.9	3.35438
1176.03	3.2641
1176.16	3.1915
1176.29	3.15138
1176.42	3.1444
1176.55	3.17831
1176.68	3.24297
1176.81	3.33759
1176.94	3.48238
1177.07	3.67101
1177.2	3.88462
1177.33	4.12226
1177.46	4.38245
1177.59	4.63949
1177.72	4.90228
1177.85	5.16949
1177.98	5.42867
1178.11	5.6733
1178.24	5.8769
1178.37	6.03483
1178.5	6.15043
1178.63	6.2184
1178.75	6.23803
1178.88	6.2205
1179.01	6.16847
1179.14	6.0693
1179.27	5.928
1179.4	5.74575
1179.53	5.53159
1179.66	5.272
1179.79	4.9714
1179.92	4.65047
1180.05	4.32409
1180.18	4.00857
1180.31	3.70505
1180.44	3.41765
1180.57	3.17473
1180.7	2.96743
1180.83	2.78706
1180.96	2.63526
1181.09	2.51447
1181.22	2.40846
1181.35	2.33328
1181.48	2.29542
1181.6	2.30357
1181.73	2.34997
1181.86	2.44424
1181.99	2.56671
1182.12	2.71164
1182.25	2.90401
1182.38	3.1154
1182.51	3.34124
1182.64	3.58537
1182.77	3.86382
1182.9	4.15309
1183.03	4.44967
1183.16	4.75775
1183.29	5.04556
1183.41	5.32192
1183.54	5.56555
1183.67	5.77414
1183.8	5.94921
1183.93	6.08173
1184.06	6.17103
1184.19	6.2307
1184.32	6.25181
1184.45	6.2462
1184.58	6.21231
1184.71	6.14921
1184.84	6.0577
1184.97	5.94249
1185.09	5.80961
1185.22	5.65632
1185.35	5.50487
1185.48	5.36077
1185.61	5.20731
1185.74	5.05254
1185.87	4.908
1186	4.76369
1186.13	4.62646
1186.26	4.51344
1186.39	4.39735
1186.51	4.29784
1186.64	4.22508
1186.77	4.17933
1186.9	4.14655
1187.03	4.12037
1187.16	4.10709
1187.29	4.09951
1187.42	4.11128
1187.55	4.12391
1187.68	4.13779
1187.8	4.1502
1187.93	4.16637
1188.06	4.18523
1188.19	4.19985
1188.32	4.20047
1188.45	4.18748
1188.58	4.1487
1188.71	4.07482
1188.84	3.99743
1188.96	3.90044
1189.09	3.78415
1189.22	3.64947
1189.35	3.48313
1189.48	3.30131
1189.61	3.11768
1189.74	2.93024
1189.87	2.74596
1189.99	2.57242
1190.12	2.40821
1190.25	2.24791
1190.38	2.09616
1190.51	1.95608
1190.64	1.81502
1190.77	1.65307
1190.9	1.49497
1191.02	1.35336
1191.15	1.22037
1191.28	1.1032
1191.41	1.00023
1191.54	0.914121
1191.67	0.862849
1191.8	0.847096
1191.92	0.870994
1192.05	0.926324
1192.18	1.00651
1192.31	1.11046
1192.44	1.25333
1192.57	1.42217
1192.7	1.60553
1192.83	1.8103
1192.95	2.0449
1193.08	2.2925
1193.21	2.55567
1193.34	2.83633
1193.47	3.10071
1193.6	3.37373
1193.72	3.66003
1193.85	3.94654
1193.98	4.21724
1194.11	4.4774
1194.24	4.71522
1194.37	4.92207
1194.5	5.11211
1194.62	5.26666
1194.75	5.38399
1194.88	5.45511
1195.01	5.47923
1195.14	5.45845
1195.27	5.39093
1195.4	5.27085
1195.52	5.11076
1195.54	5.07468
1195.67	4.86089
1195.8	4.61546
1195.93	4.32896
1196.06	4.01075
1196.19	3.67674
1196.32	3.3375
1196.45	2.98528
1196.58	2.60931
1196.7	2.22955
1196.83	1.85866
1196.96	1.49303
1197.09	1.14327
1197.22	0.800749
1197.35	0.451073
1197.48	0.141854
1197.61	-0.15367
1197.74	-0.423411
1197.87	-0.675634
1197.99	-0.897849
1198.12	-1.07434
1198.25	-1.21491
1198.38	-1.31041
1198.51	-1.38475
1198.64	-1.41998
1198.77	-1.40638
1198.9	-1.34418
1199.03	-1.23391
1199.15	-1.06454
1199.28	-0.84532
1199.41	-0.58935
1199.54	-0.314722
1199.67	-0.0156815
1199.8	0.322651
1199.93	0.656049
1200.06	0.990483
1200.19	1.31095
1200.31	1.60293
1200.44	1.89071
1200.57	2.17878
1200.7	2.45719
1200.83	2.72977
1200.96	2.99649
1201.09	3.23846
1201.22	3.45701
1201.34	3.64304
1201.47	3.79964
1201.6	3.92863
1201.73	4.03274
1201.86	4.12549
1201.99	4.19205
1202.12	4.2261
1202.24	4.23728
1202.37	4.21623
1202.5	4.1709
1202.63	4.11006
1202.76	4.04143
1202.89	3.95528
1203.02	3.83693
1203.15	3.70378
1203.27	3.56158
1203.4	3.3982
1203.53	3.19762
1203.66	2.97397
1203.79	2.74582
1203.92	2.51615
1204.04	2.27629
1204.17	2.03048
1204.3	1.78465
1204.43	1.54256
1204.56	1.33339
1204.69	1.15488
1204.82	0.997078
1204.94	0.852573
1205.07	0.732247
1205.2	0.62632
1205.33	0.539372
1205.46	0.471453
1205.59	0.423149
1205.71	0.398444
1205.84	0.402076
1205.97	0.434683
1206.1	0.49848
1206.23	0.582072
1206.36	0.683528
1206.48	0.805351
1206.61	0.951168
1206.74	1.12484
1206.87	1.32452
1207	1.53193
1207.13	1.75203
1207.25	1.98032
1207.38	2.20749
1207.51	2.43411
1207.64	2.65658
1207.77	2.86286
1207.9	3.04836
1208.02	3.22769
1208.15	3.40197
1208.28	3.55585
1208.41	3.68204
1208.54	3.79429
1208.67	3.86949
1208.79	3.92515
1208.92	3.94655
1209.05	3.95612
1209.18	3.93509
1209.31	3.87082
1209.43	3.76878
1209.56	3.61667
1209.69	3.4367
1209.82	3.24171
1209.95	3.01981
1210.07	2.78792
1210.2	2.54759
1210.33	2.30129
1210.46	2.04603
1210.59	1.78078
1210.71	1.54474
1210.84	1.33071
1210.97	1.125
1211.1	0.950941
1211.23	0.796588
1211.35	0.658844
1211.48	0.577687
1211.61	0.554726
1211.74	0.582519
1211.87	0.675532
1211.99	0.813963
1212.12	0.975754
1212.25	1.15588
1212.38	1.36373
1212.51	1.5918
1212.63	1.84052
1212.76	2.09159
1212.89	2.34802
1213.02	2.59494
1213.14	2.84084
1213.27	3.09107
1213.4	3.32629
1213.53	3.56081
1213.66	3.77493
1213.78	3.97885
1213.91	4.15457
1214.04	4.30276
1214.17	4.43553
1214.29	4.54307
1214.42	4.60306
1214.55	4.61864
1214.68	4.61265
1214.81	4.57772
1214.93	4.50246
1215.06	4.38609
1215.19	4.23728
1215.32	4.07313
1215.44	3.90082
1215.57	3.73072
1215.7	3.57252
1215.83	3.42321
1215.95	3.26425
1216.08	3.1332
1216.21	3.00915
1216.34	2.88696
1216.46	2.76224
1216.59	2.65639
1216.72	2.56843
1216.85	2.51264
1216.97	2.47625
1217.1	2.47508
1217.23	2.48865
1217.36	2.52812
1217.49	2.59901
1217.61	2.7054
1217.74	2.85118
1217.87	3.0273
1217.99	3.22282
1218.12	3.42248
1218.25	3.60799
1218.38	3.77578
1218.5	3.92359
1218.63	4.0329
1218.76	4.0982
1218.89	4.13091
1219.01	4.15041
1219.14	4.14333
1219.27	4.09397
1219.4	4.00969
1219.52	3.89328
1219.65	3.75362
1219.78	3.59961
1219.91	3.4179
1220.03	3.23471
1220.16	3.02493
1220.29	2.82123
1220.41	2.61585
1220.54	2.41405
1220.67	2.24009
1220.8	2.09274
1220.92	1.96574
1221.05	1.86407
1221.18	1.77431
1221.3	1.69906
1221.34	1.70158
1221.46	1.63885
1221.59	1.59904
1221.72	1.56252
1221.85	1.52334
1221.98	1.47919
1222.1	1.41052
1222.23	1.32758
1222.36	1.26884
1222.49	1.23002
1222.62	1.21957
1222.74	1.24022
1222.87	1.26347
1223	1.27521
1223.13	1.28536
1223.26	1.3114
1223.38	1.32079
1223.51	1.32497
1223.64	1.31891
1223.77	1.30742
1223.89	1.2791
1224.02	1.24467
1224.15	1.20357
1224.28	1.14844
1224.41	1.0945
1224.53	1.01219
1224.66	0.922934
1224.79	0.819858
1224.92	0.725779
1225.04	0.651703
1225.17	0.587084
1225.3	0.53438
1225.43	0.512578
1225.56	0.533458
1225.68	0.581805
1225.81	0.661177
1225.94	0.772383
1226.07	0.91813
1226.19	1.11099
1226.32	1.33468
1226.45	1.58977
1226.58	1.89912
1226.7	2.24649
1226.83	2.62188
1226.96	3.01877
1227.09	3.41716
1227.21	3.81127
1227.34	4.20043
1227.47	4.58649
1227.6	4.95328
1227.72	5.2958
1227.85	5.6039
1227.98	5.89028
1228.11	6.131
1228.23	6.34574
1228.36	6.54168
1228.49	6.73217
1228.62	6.91203
1228.74	7.06893
1228.87	7.19436
1229	7.27606
1229.13	7.32318
1229.25	7.33418
1229.38	7.30995
1229.51	7.26681
1229.64	7.20017
1229.76	7.11233
1229.89	7.01133
1230.02	6.89439
1230.15	6.73868
1230.27	6.55744
1230.4	6.34288
1230.53	6.10539
1230.66	5.85118
1230.78	5.57206
1230.91	5.28774
1231.04	4.97421
1231.17	4.66121
1231.29	4.33067
1231.42	3.99646
1231.55	3.67912
1231.67	3.3639
1231.8	3.04936
1231.93	2.74642
1232.06	2.46437
1232.18	2.21077
1232.31	1.97859
1232.44	1.76754
1232.56	1.56518
1232.69	1.36885
1232.82	1.16709
1232.95	0.953055
1233.07	0.727424
1233.2	0.506105
1233.33	0.311752
1233.45	0.149148
1233.58	0.0221233
1233.71	-0.0940729
1233.84	-0.21602
1233.96	-0.331466
1234.09	-0.420429
1234.22	-0.482657
1234.34	-0.52747
1234.47	-0.52768
1234.6	-0.494272
1234.72	-0.441778
1234.85	-0.355202
1234.98	-0.22485
1235.11	-0.0614856
1235.23	0.123608
1235.36	0.327785
1235.49	0.529357
1235.61	0.739858
1235.74	0.960144
1235.87	1.1979
1235.99	1.43455
1236.12	1.6611
1236.25	1.88714
1236.37	2.10506
1236.5	2.31373
1236.63	2.50824
1236.76	2.69952
1236.88	2.8852
1237.01	3.07668
1237.14	3.27245
1237.26	3.45525
1237.39	3.62537
1237.52	3.79353
1237.64	3.93968
1237.77	4.07043
1237.9	4.18064
1238.02	4.25225
1238.15	4.29192
1238.28	4.29894
1238.4	4.26683
1238.53	4.1974
1238.66	4.09066
1238.78	3.94785
1238.91	3.76883
1239.04	3.56044
1239.16	3.34445
1239.29	3.1173
1239.42	2.8806
1239.54	2.63151
1239.67	2.36845
1239.8	2.08818
1239.92	1.79909
1240.05	1.517
1240.18	1.2367
1240.3	0.97655
1240.43	0.750805
1240.56	0.54039
1240.68	0.360334
1240.81	0.228089
1240.94	0.132992
1241.06	0.0506917
1241.19	-0.0143469
1241.32	-0.0677008
1241.44	-0.0852228
1241.57	-0.0627096
1241.7	-0.0115778
1241.82	0.0661733
1241.95	0.155603
1242.08	0.274996
1242.2	0.406178
1242.33	0.565769
1242.45	0.73988
1242.58	0.915816
1242.71	1.10774
1242.83	1.32918
1242.96	1.56953
1243.09	1.81895
1243.21	2.06015
1243.34	2.29902
1243.47	2.54446
1243.59	2.78595
1243.72	3.02612
1243.84	3.25753
1243.97	3.47618
1244.1	3.68786
1244.22	3.90126
1244.35	4.11362
1244.48	4.31337
1244.6	4.49295
1244.73	4.65231
1244.85	4.80866
1244.98	4.94973
1245.11	5.06746
1245.23	5.15293
1245.36	5.21707
1245.49	5.25195
1245.61	5.26776
1245.74	5.28636
1245.86	5.30027
1245.99	5.30174
1246.12	5.29942
1246.24	5.3022
1246.37	5.30746
1246.5	5.32049
1246.62	5.34454
1246.75	5.37457
1246.87	5.38449
1247	5.37964
1247.13	5.35659
1247.25	5.29399
1247.38	5.20282
1247.5	5.0902
1247.63	4.96961
1247.66	4.92554
1247.79	4.79942
1247.91	4.66982
1248.04	4.5348
1248.17	4.3943
1248.29	4.24545
1248.42	4.08712
1248.55	3.92823
1248.67	3.77132
1248.8	3.61995
1248.93	3.47089
1249.05	3.322
1249.18	3.17951
1249.31	3.05715
1249.43	2.94692
1249.56	2.85299
1249.69	2.77175
1249.82	2.72145
1249.94	2.69613
1250.07	2.69098
1250.2	2.70075
1250.32	2.73528
1250.45	2.77121
1250.58	2.81135
1250.7	2.857
1250.83	2.91122
1250.96	2.96308
1251.08	3.01695
1251.21	3.07139
1251.33	3.12698
1251.46	3.19589
1251.59	3.2735
1251.71	3.34456
1251.84	3.40643
1251.97	3.45326
1252.09	3.51356
1252.22	3.59729
1252.35	3.6838
1252.47	3.76138
1252.6	3.8299
1252.73	3.88976
1252.85	3.94709
1252.98	4.00061
1253.11	4.05215
1253.23	4.10801
1253.36	4.16655
1253.49	4.23929
1253.61	4.30531
1253.74	4.34855
1253.86	4.37394
1253.99	4.38788
1254.12	4.40096
1254.24	4.41127
1254.37	4.41049
1254.5	4.40388
1254.62	4.37447
1254.75	4.32565
1254.88	4.26557
1255	4.19402
1255.13	4.11591
1255.25	4.0415
1255.38	3.98222
1255.51	3.93567
1255.63	3.89907
1255.76	3.84115
1255.89	3.77543
1256.01	3.69065
1256.14	3.59636
1256.26	3.48832
1256.39	3.36428
1256.52	3.22377
1256.64	3.05922
1256.77	2.87823
1256.89	2.68766
1257.02	2.49382
1257.15	2.29499
1257.27	2.09667
1257.4	1.90016
1257.53	1.70554
1257.65	1.50767
1257.78	1.3233
1257.9	1.13613
1258.03	0.948083
1258.16	0.789768
1258.28	0.667542
1258.41	0.583581
1258.53	0.524523
1258.66	0.517692
1258.79	0.561011
1258.91	0.647937
1259.04	0.774142
1259.16	0.922559
1259.29	1.0973
1259.42	1.29642
1259.54	1.53969
1259.67	1.8079
1259.79	2.08526
1259.92	2.37933
1260.05	2.69515
1260.17	3.02767
1260.3	3.36719
1260.42	3.71112
1260.55	4.03782
1260.67	4.3648
1260.8	4.69922
1260.93	5.0323
1261.05	5.35081
1261.18	5.65221
1261.3	5.93782
1261.43	6.21618
1261.56	6.46202
1261.68	6.69204
1261.81	6.89561
1261.93	7.06666
1262.06	7.20794
1262.18	7.31445
1262.31	7.37924
1262.44	7.39384
1262.56	7.36587
1262.69	7.29846
1262.81	7.19121
1262.94	7.07065
1263.06	6.92486
1263.19	6.74153
1263.32	6.5279
1263.44	6.29198
1263.57	6.04469
1263.69	5.79423
1263.82	5.55947
1263.94	5.33433
1264.07	5.1212
1264.2	4.93134
1264.32	4.76983
1264.45	4.62656
1264.57	4.51045
1264.7	4.44503
1264.82	4.43706
1264.95	4.47138
1265.07	4.54673
1265.2	4.6574
1265.33	4.79905
1265.45	4.96643
1265.58	5.14877
1265.7	5.34774
1265.83	5.55307
1265.95	5.7687
1266.08	5.98804
1266.2	6.20637
1266.33	6.4028
1266.45	6.57715
1266.58	6.72118
1266.71	6.84489
1266.83	6.92996
1266.96	6.98421
1267.08	7.00346
1267.21	6.97969
1267.33	6.91503
1267.46	6.81371
1267.58	6.67697
1267.71	6.50817
1267.83	6.31642
1267.96	6.09663
1268.08	5.83935
1268.21	5.55047
1268.33	5.22952
1268.46	4.89795
1268.59	4.55136
1268.71	4.18452
1268.84	3.81825
1268.96	3.47447
1269.09	3.1548
1269.21	2.86775
1269.34	2.61698
1269.46	2.43743
1269.59	2.3119
1269.71	2.23703
1269.84	2.22
1269.96	2.24543
1270.09	2.31428
1270.21	2.424
1270.34	2.60686
1270.46	2.83868
1270.59	3.12599
1270.71	3.46565
1270.84	3.85011
1270.96	4.27443
1271.09	4.72512
1271.21	5.1763
1271.34	5.6278
1271.46	6.09136
1271.59	6.54869
1271.71	6.97387
1271.84	7.35297
1271.96	7.69637
1272.09	8.01085
1272.21	8.27587
1272.34	8.48319
1272.46	8.66152
1272.59	8.79078
1272.71	8.87662
1272.84	8.93832
1272.96	8.96381
1273.09	8.9476
1273.21	8.89784
1273.34	8.83018
1273.46	8.74039
1273.59	8.6231
1273.71	8.48983
1273.84	8.34894
1273.96	8.19804
1274.08	8.05274
1274.2	7.88968
1274.33	7.73472
1274.46	7.5933
1274.58	7.46928
1274.71	7.35099
1274.83	7.23429
1274.96	7.13183
1275.08	7.03292
1275.21	6.92824
1275.33	6.83
1275.46	6.75526
1275.59	6.69814
1275.71	6.64558
1275.84	6.59536
1275.96	6.541
1276.09	6.49649
1276.21	6.46496
1276.34	6.4234
1276.46	6.37934
1276.59	6.32795
1276.72	6.2832
1276.84	6.23444
1276.97	6.18293
1277.09	6.11186
1277.22	6.03272
1277.34	5.94469
1277.47	5.84885
1277.59	5.73332
1277.72	5.61533
1277.84	5.48603
1277.97	5.35268
1278.09	5.21971
1278.22	5.09369
1278.35	4.97785
1278.47	4.87588
1278.6	4.79006
1278.72	4.70013
1278.85	4.59296
1278.97	4.48262
1279.1	4.36888
1279.22	4.25977
1279.35	4.12575
1279.47	3.97287
1279.6	3.80054
1279.72	3.62128
1279.85	3.43679
1279.97	3.25281
1280.1	3.06902
1280.22	2.89544
1280.35	2.71287
1280.48	2.52854
1280.6	2.3396
1280.72	2.12808
1280.85	1.8961
1280.98	1.6437
1281.1	1.39348
1281.23	1.12447
1281.35	0.849621
1281.48	0.57048
1281.6	0.304437
1281.73	0.0617053
1281.85	-0.167042
1281.98	-0.381493
1282.1	-0.579456
1282.23	-0.755251
1282.35	-0.905868
1282.48	-1.03347
1282.6	-1.13917
1282.73	-1.21464
1282.85	-1.26249
1282.98	-1.2971
1283.1	-1.29949
1283.23	-1.27911
1283.35	-1.25293
1283.48	-1.1919
1283.6	-1.09147
1283.73	-0.973716
1283.85	-0.842426
1283.98	-0.684099
1284.1	-0.49462
1284.23	-0.289667
1284.35	-0.0875947
1284.48	0.122282
1284.6	0.347631
1284.73	0.574943
1284.85	0.799785
1284.98	1.02362
1285.1	1.25206
1285.22	1.49142
1285.35	1.73164
1285.47	1.96899
1285.6	2.19638
1285.72	2.41889
1285.85	2.61623
1285.97	2.79798
1286.1	2.96968
1286.22	3.13086
1286.35	3.27872
1286.47	3.40705
1286.6	3.50728
1286.72	3.57983
1286.85	3.63284
1286.97	3.65849
1287.1	3.64635
1287.22	3.6169
1287.35	3.59001
1287.47	3.56797
1287.59	3.54266
1287.72	3.50423
1287.84	3.43982
1287.97	3.3692
1288.09	3.30739
1288.22	3.25404
1288.34	3.19195
1288.47	3.12446
1288.59	3.05989
1288.72	3.02284
1288.84	3.0005
1288.96	2.98752
1289.09	2.99836
1289.21	3.03722
1289.34	3.1033
1289.46	3.17688
1289.59	3.26657
1289.71	3.38992
1289.84	3.54344
1289.96	3.70618
1290.09	3.8592
1290.21	4.00793
1290.33	4.14454
1290.46	4.27564
1290.58	4.40117
1290.71	4.53537
1290.83	4.67485
1290.96	4.80838
1291.08	4.93837
1291.2	5.0589
1291.33	5.17905
1291.45	5.28308
1291.58	5.36424
1291.7	5.4186
1291.83	5.44999
1291.95	5.44878
1292.08	5.4401
1292.2	5.4292
1292.32	5.41543
1292.45	5.39319
1292.57	5.35653
1292.7	5.30899
1292.82	5.24939
1292.95	5.19075
1293.07	5.14761
1293.19	5.10741
1293.32	5.06661
1293.44	5.03932
1293.57	5.03079
1293.69	5.03469
1293.81	5.0555
1293.94	5.07922
1294.06	5.11872
1294.19	5.18965
1294.31	5.281
1294.44	5.39141
1294.56	5.51924
1294.68	5.66646
1294.81	5.83536
1294.93	6.00253
1295.06	6.15226
1295.18	6.28826
1295.3	6.40458
1295.43	6.49495
1295.55	6.55507
1295.68	6.57943
1295.8	6.56962
1295.92	6.52623
1296.05	6.43953
1296.17	6.33466
1296.3	6.19392
1296.42	6.02495
1296.54	5.82812
1296.67	5.6157
1296.79	5.37891
1296.92	5.12583
1297.04	4.87695
1297.16	4.62395
1297.29	4.36346
1297.41	4.08894
1297.54	3.8039
1297.66	3.5236
1297.78	3.25466
1297.91	3.01893
1298.03	2.81189
1298.16	2.60951
1298.28	2.43184
1298.4	2.27816
1298.53	2.16298
1298.65	2.0919
1298.77	2.07092
1298.9	2.09171
1299.02	2.12536
1299.15	2.1847
1299.27	2.28948
1299.39	2.43942
1299.52	2.61288
1299.64	2.79253
1299.76	3.00468
1299.89	3.23261
1299.97	3.37916
1300.09	3.62065
1300.22	3.88116
1300.34	4.1575
1300.46	4.43106
1300.59	4.67792
1300.71	4.89087
1300.84	5.06235
1300.96	5.2046
1301.09	5.31242
1301.21	5.39151
1301.34	5.4554
1301.46	5.47159
1301.58	5.44533
1301.71	5.38711
1301.83	5.29203
1301.96	5.16488
1302.08	4.98779
1302.21	4.76322
1302.33	4.50544
1302.45	4.2125
1302.58	3.89896
1302.7	3.58815
1302.83	3.27262
1302.95	2.96516
1303.08	2.66079
1303.2	2.37011
1303.32	2.09603
1303.45	1.8355
1303.57	1.59968
1303.7	1.39141
1303.82	1.2081
1303.94	1.05923
1304.07	0.953069
1304.19	0.88136
1304.32	0.833309
1304.44	0.820292
1304.57	0.840547
1304.69	0.895024
1304.81	0.983634
1304.94	1.11348
1305.06	1.30081
1305.19	1.53672
1305.31	1.8146
1305.43	2.11144
1305.56	2.42402
1305.68	2.74453
1305.81	3.0696
1305.93	3.39815
1306.05	3.71544
1306.18	4.01564
1306.3	4.29757
1306.43	4.56003
1306.55	4.79434
1306.67	5.01472
1306.8	5.21769
1306.92	5.37593
1307.05	5.5045
1307.17	5.60102
1307.29	5.66472
1307.42	5.69623
1307.54	5.71082
1307.67	5.71359
1307.79	5.70211
1307.91	5.67571
1308.04	5.62265
1308.16	5.55277
1308.29	5.4662
1308.41	5.35948
1308.53	5.24664
1308.66	5.10679
1308.78	4.94223
1308.9	4.78753
1309.03	4.63772
1309.15	4.49668
1309.28	4.34693
1309.4	4.19109
1309.52	4.02075
1309.65	3.8349
1309.77	3.65379
1309.9	3.4797
1310.02	3.3244
1310.14	3.17648
1310.27	3.0176
1310.39	2.87217
1310.51	2.72934
1310.64	2.60097
1310.76	2.47937
1310.88	2.37207
1311.01	2.26933
1311.13	2.18377
1311.26	2.09523
1311.38	2.01022
1311.5	1.93003
1311.63	1.8674
1311.75	1.79833
1311.87	1.74214
1312	1.70284
1312.12	1.66154
1312.24	1.65266
1312.37	1.66804
1312.49	1.69792
1312.61	1.7353
1312.74	1.77258
1312.86	1.80972
1312.99	1.852
1313.11	1.89527
1313.23	1.95018
1313.36	2.01351
1313.48	2.09577
1313.6	2.20584
1313.73	2.321
1313.85	2.44034
1313.97	2.55849
1314.1	2.66332
1314.22	2.75557
1314.34	2.83546
1314.47	2.90821
1314.59	2.96759
1314.71	3.01035
1314.84	3.02374
1314.96	3.00156
1315.08	2.96693
1315.21	2.90745
1315.33	2.81427
1315.45	2.7032
1315.58	2.58864
1315.7	2.47503
1315.82	2.35922
1315.95	2.23762
1316.07	2.10325
1316.19	1.96523
1316.32	1.81851
1316.44	1.66558
1316.56	1.51088
1316.69	1.35218
1316.81	1.20179
1316.93	1.07431
1317.06	0.956793
1317.18	0.84266
1317.3	0.742275
1317.43	0.64938
1317.55	0.566747
1317.67	0.501606
1317.79	0.428331
1317.92	0.35437
1318.04	0.285406
1318.16	0.244531
1318.29	0.241082
1318.41	0.271273
1318.53	0.328227
1318.66	0.404716
1318.78	0.508466
1318.9	0.632909
1319.03	0.785138
1319.15	0.967065
1319.27	1.17147
1319.4	1.39996
1319.52	1.67645
1319.64	1.97292
1319.76	2.28785
1319.89	2.61085
1320.01	2.92368
1320.13	3.22723
1320.26	3.53713
1320.38	3.85624
1320.5	4.17207
1320.63	4.50517
1320.75	4.81491
1320.87	5.09863
1320.99	5.36118
1321.12	5.5977
1321.24	5.80547
1321.36	5.98446
1321.48	6.12617
1321.61	6.24153
1321.73	6.34771
1321.85	6.41644
1321.98	6.45736
1322.1	6.46606
1322.22	6.43593
1322.35	6.35988
1322.47	6.26188
1322.59	6.14269
1322.71	6.00283
1322.84	5.8652
1322.96	5.7159
1323.08	5.55346
1323.2	5.3763
1323.33	5.17307
1323.45	4.95762
1323.57	4.74139
1323.7	4.53286
1323.82	4.3354
1323.94	4.1483
1324.06	3.99771
1324.19	3.88618
1324.31	3.80173
1324.43	3.73832
1324.55	3.70272
1324.68	3.70813
1324.8	3.74759
1324.92	3.8221
1325.04	3.92827
1325.14	4.01844
1325.27	4.14943
1325.39	4.29242
1325.51	4.44288
1325.64	4.61364
1325.76	4.77728
1325.88	4.92598
1326.01	5.06825
1326.13	5.19932
1326.25	5.32622
1326.38	5.44535
1326.5	5.53889
1326.62	5.60177
1326.75	5.6365
1326.87	5.63618
1326.99	5.603
1327.12	5.54706
1327.24	5.45674
1327.36	5.34677
1327.49	5.2242
1327.61	5.08104
1327.73	4.90133
1327.86	4.70627
1327.98	4.5142
1328.1	4.31185
1328.22	4.08601
1328.35	3.81101
1328.47	3.5266
1328.59	3.2372
1328.72	2.95788
1328.84	2.68028
1328.96	2.40061
1329.09	2.13839
1329.21	1.8851
1329.33	1.64352
1329.46	1.42546
1329.58	1.219
1329.7	1.01837
1329.82	0.842852
1329.95	0.693682
1330.07	0.576717
1330.19	0.469608
1330.32	0.391994
1330.44	0.330119
1330.56	0.267819
1330.69	0.235796
1330.81	0.241668
1330.93	0.286185
1331.05	0.360185
1331.18	0.466445
1331.3	0.572526
1331.42	0.693219
1331.55	0.83834
1331.67	1.00335
1331.79	1.17998
1331.91	1.36156
1332.04	1.55176
1332.16	1.76917
1332.28	2.01492
1332.41	2.26991
1332.53	2.54099
1332.65	2.81352
1332.77	3.07486
1332.9	3.32659
1333.02	3.5715
1333.14	3.81796
1333.27	4.05812
1333.39	4.2906
1333.51	4.50512
1333.63	4.70475
1333.76	4.88368
1333.88	5.01949
1334	5.1272
1334.13	5.21052
1334.25	5.27137
1334.37	5.29491
1334.49	5.27678
1334.62	5.23108
1334.74	5.16243
1334.86	5.07491
1334.98	4.95962
1335.11	4.85021
1335.23	4.75909
1335.35	4.67126
1335.47	4.59312
1335.6	4.51798
1335.72	4.44806
1335.84	4.40891
1335.96	4.40018
1336.09	4.40051
1336.21	4.42169
1336.33	4.45849
1336.45	4.51558
1336.58	4.58685
1336.7	4.67519
1336.82	4.78695
1336.95	4.91766
1337.07	5.05812
1337.19	5.21484
1337.31	5.37878
1337.43	5.55431
1337.56	5.73787
1337.68	5.91717
1337.8	6.07995
1337.92	6.24159
1338.05	6.40534
1338.17	6.55334
1338.29	6.65009
1338.41	6.71991
1338.54	6.76243
1338.66	6.75936
1338.78	6.70811
1338.9	6.6003
1339.03	6.46887
1339.15	6.27963
1339.27	6.04089
1339.39	5.75916
1339.52	5.45845
1339.64	5.14589
1339.76	4.80998
1339.88	4.45412
1340	4.10799
1340.13	3.75177
1340.25	3.39449
1340.37	3.04642
1340.49	2.70398
1340.62	2.38352
1340.74	2.08682
1340.86	1.83107
1340.98	1.60342
1341.1	1.42511
1341.23	1.30683
1341.35	1.23288
1341.47	1.20991
1341.59	1.22811
1341.71	1.27391
1341.84	1.33957
1341.96	1.4264
1342.08	1.53831
1342.2	1.66957
1342.33	1.80267
1342.45	1.94117
1342.57	2.1038
1342.69	2.29673
1342.81	2.50275
1342.94	2.71949
1343.06	2.94745
1343.18	3.18276
1343.3	3.40464
1343.42	3.63495
1343.55	3.86461
1343.67	4.09458
1343.79	4.31851
1343.91	4.54858
1344.03	4.77724
1344.16	5.00338
1344.28	5.2303
1344.4	5.45193
1344.52	5.68133
1344.64	5.927
1344.77	6.16809
1344.89	6.40199
1345.01	6.62473
1345.13	6.84522
1345.25	7.06953
1345.37	7.29028
1345.5	7.48486
1345.62	7.69297
1345.74	7.89957
1345.86	8.08812
1345.98	8.26886
1346.11	8.43032
1346.23	8.57939
1346.35	8.71534
1346.47	8.83214
1346.59	8.91022
1346.71	8.98063
1346.84	9.02402
1346.96	9.04052
1347.08	9.007
1347.2	8.9301
1347.32	8.80589
1347.45	8.63568
1347.57	8.42466
1347.69	8.17276
1347.81	7.89105
1347.93	7.59053
1348.05	7.26186
1348.18	6.90863
1348.3	6.55111
1348.42	6.20965
1348.54	5.8835
1348.66	5.55561
1348.78	5.22779
1348.9	4.93559
1349.03	4.67491
1349.15	4.45938
1349.27	4.28712
1349.39	4.16166
1349.51	4.09029
1349.63	4.03991
1349.76	4.03305
1349.88	4.0823
1350	4.18611
1350.12	4.32417
1350.24	4.49468
1350.36	4.69526
1350.48	4.9485
1350.61	5.21296
1350.61	5.20527
1350.73	5.45161
1350.85	5.70208
1350.98	5.95411
1351.1	6.20597
1351.22	6.45117
1351.34	6.68144
1351.47	6.90754
1351.59	7.11329
1351.71	7.2924
1351.83	7.4591
1351.95	7.60551
1352.08	7.70741
1352.2	7.76473
1352.32	7.76609
1352.44	7.72545
1352.56	7.64371
1352.69	7.50471
1352.81	7.31805
1352.93	7.09174
1353.05	6.83607
1353.17	6.53961
1353.3	6.23184
1353.42	5.92254
1353.54	5.61692
1353.66	5.30767
1353.78	5.02534
1353.91	4.75767
1354.03	4.5167
1354.15	4.30698
1354.27	4.1298
1354.39	3.97123
1354.52	3.84096
1354.64	3.75679
1354.76	3.71363
1354.88	3.71851
1355	3.7723
1355.13	3.84067
1355.25	3.94999
1355.37	4.08653
1355.49	4.25223
1355.61	4.44734
1355.73	4.65765
1355.86	4.8657
1355.98	5.08848
1356.1	5.31553
1356.22	5.54354
1356.34	5.7633
1356.47	5.96601
1356.59	6.15176
1356.71	6.31565
1356.83	6.47131
1356.95	6.62098
1357.07	6.76678
1357.2	6.88453
1357.32	6.9838
1357.44	7.05046
1357.56	7.0887
1357.68	7.0956
1357.8	7.06945
1357.93	7.00972
1358.05	6.92588
1358.17	6.82324
1358.29	6.69609
1358.41	6.54099
1358.53	6.36274
1358.66	6.17017
1358.78	5.96558
1358.9	5.72733
1359.02	5.46203
1359.14	5.19092
1359.26	4.91447
1359.39	4.6314
1359.51	4.36727
1359.63	4.11614
1359.75	3.88218
1359.87	3.66783
1359.99	3.46661
1360.11	3.29299
1360.24	3.14676
1360.36	3.02507
1360.48	2.92221
1360.6	2.85456
1360.72	2.84215
1360.84	2.8705
1360.96	2.91949
1361.09	3.00323
1361.21	3.13317
1361.33	3.29379
1361.45	3.47307
1361.57	3.67463
1361.69	3.8961
1361.81	4.11861
1361.94	4.34739
1362.06	4.57721
1362.18	4.82553
1362.3	5.10429
1362.42	5.38807
1362.54	5.66165
1362.66	5.9362
1362.78	6.20347
1362.91	6.46664
1363.03	6.71464
1363.15	6.93706
1363.27	7.13695
1363.39	7.31494
1363.51	7.48275
1363.63	7.60651
1363.76	7.71764
1363.88	7.79872
1364	7.84289
1364.12	7.8613
1364.24	7.87026
1364.36	7.87286
1364.48	7.87065
1364.6	7.85397
1364.72	7.83355
1364.85	7.79768
1364.97	7.77299
1365.09	7.76595
1365.21	7.77273
1365.33	7.79813
1365.45	7.82125
1365.57	7.83224
1365.69	7.86385
1365.81	7.89931
1365.94	7.93627
1366.06	7.97296
1366.18	7.99773
1366.3	7.99329
1366.42	7.97522
1366.54	7.93923
1366.66	7.86972
1366.78	7.74975
1366.9	7.60113
1367.02	7.42026
1367.15	7.19569
1367.27	6.94543
1367.39	6.66599
1367.51	6.33378
1367.63	5.96586
1367.75	5.5739
1367.87	5.16593
1367.99	4.74054
1368.11	4.31228
1368.23	3.87958
1368.35	3.4596
1368.48	3.06794
1368.6	2.71235
1368.72	2.38754
1368.84	2.10065
1368.96	1.87551
1369.08	1.71556
1369.2	1.62085
1369.32	1.57771
1369.44	1.5843
1369.56	1.67999
1369.68	1.85696
1369.8	2.11107
1369.92	2.44651
1370.05	2.84293
1370.17	3.29092
1370.29	3.80017
1370.41	4.35161
1370.53	4.91487
1370.65	5.48176
1370.77	6.04864
1370.89	6.60035
1371.01	7.14401
1371.13	7.66266
1371.25	8.12483
1371.37	8.55224
1371.49	8.94317
1371.61	9.27502
1371.73	9.52034
1371.86	9.68077
1371.98	9.76821
1372.1	9.77712
1372.22	9.67985
1372.34	9.48002
1372.46	9.20357
1372.58	8.87314
1372.7	8.48727
1372.82	8.02862
1372.94	7.51481
1373.06	6.95786
1373.18	6.35952
1373.3	5.73429
1373.42	5.09945
1373.54	4.48699
1373.66	3.90995
1373.78	3.38178
1373.9	2.90504
1374.02	2.45541
1374.15	2.07313
1374.27	1.74496
1374.39	1.46804
1374.51	1.26695
1374.55	1.20764
1374.68	1.13044
1374.8	1.12047
1374.92	1.18461
1375.04	1.30865
1375.16	1.47264
1375.28	1.69511
1375.4	1.95503
1375.52	2.24482
1375.65	2.54351
1375.77	2.83527
1375.89	3.13642
1376.01	3.4554
1376.13	3.77313
1376.25	4.08308
1376.37	4.38491
1376.49	4.6668
1376.61	4.91431
1376.73	5.13802
1376.86	5.33006
1376.98	5.47633
1377.1	5.58344
1377.22	5.67486
1377.34	5.72455
1377.46	5.73084
1377.58	5.70141
1377.7	5.62492
1377.82	5.49078
1377.94	5.32367
1378.06	5.13051
1378.19	4.91257
1378.31	4.67415
1378.43	4.42441
1378.55	4.16785
1378.67	3.91611
1378.79	3.67223
1378.91	3.41118
1379.03	3.14164
1379.15	2.87637
1379.27	2.64941
1379.39	2.43769
1379.52	2.23948
1379.64	2.05821
1379.76	1.91914
1379.88	1.79298
1380	1.69206
1380.12	1.61403
1380.24	1.56573
1380.36	1.53792
1380.48	1.54784
1380.6	1.59494
1380.72	1.65638
1380.84	1.7269
1380.96	1.82763
1381.08	1.94956
1381.21	2.08448
1381.33	2.23703
1381.45	2.38327
1381.57	2.53697
1381.69	2.70319
1381.81	2.87553
1381.93	3.04419
1382.05	3.20919
1382.17	3.37567
1382.29	3.54936
1382.41	3.72304
1382.53	3.88321
1382.65	4.0515
1382.77	4.23206
1382.89	4.41352
1383.01	4.59159
1383.14	4.75927
1383.26	4.91395
1383.38	5.04156
1383.5	5.13634
1383.62	5.20347
1383.74	5.24814
1383.86	5.2852
1383.98	5.30058
1384.1	5.28814
1384.22	5.2378
1384.34	5.15353
1384.46	5.05104
1384.58	4.917
1384.7	4.75637
1384.82	4.59946
1384.94	4.46299
1385.06	4.32864
1385.18	4.21262
1385.3	4.13155
1385.42	4.05686
1385.54	3.98655
1385.66	3.94239
1385.78	3.91127
1385.91	3.87517
1386.03	3.82956
1386.15	3.7731
1386.27	3.72004
1386.39	3.66274
1386.51	3.60706
1386.63	3.56266
1386.75	3.5132
1386.87	3.45673
1386.99	3.39751
1387.11	3.33972
1387.23	3.27758
1387.35	3.20437
1387.47	3.12145
1387.59	3.03967
1387.71	2.94439
1387.83	2.84959
1387.95	2.7547
1388.07	2.6457
1388.19	2.52853
1388.31	2.40995
1388.43	2.28848
1388.55	2.16173
1388.67	2.04701
1388.79	1.94869
1388.91	1.85993
1389.03	1.79333
1389.15	1.72338
1389.27	1.63656
1389.39	1.55015
1389.51	1.46408
1389.63	1.39252
1389.75	1.32268
1389.87	1.26841
1389.99	1.23504
1390.11	1.21376
1390.23	1.19278
1390.35	1.18463
1390.47	1.19993
1390.59	1.23457
1390.71	1.28224
1390.83	1.35093
1390.95	1.43257
1391.07	1.52563
1391.19	1.64853
1391.31	1.79548
1391.43	1.95913
1391.55	2.12898
1391.67	2.29281
1391.79	2.45557
1391.91	2.62783
1392.03	2.79126
1392.15	2.95904
1392.27	3.11799
1392.39	3.26549
1392.51	3.3999
1392.63	3.52895
1392.75	3.64535
1392.87	3.75611
1392.99	3.88023
1393.11	3.99345
1393.23	4.08688
1393.35	4.18442
1393.47	4.28038
1393.59	4.3798
1393.71	4.49297
1393.83	4.60789
1393.94	4.72921
1394.06	4.86111
1394.18	5.00903
1394.3	5.15063
1394.42	5.29095
1394.54	5.4328
1394.66	5.57289
1394.78	5.70416
1394.9	5.81542
1395.02	5.91168
1395.14	5.9982
1395.26	6.075
1395.38	6.12443
1395.5	6.16453
1395.62	6.18598
1395.74	6.18678
1395.86	6.17485
1395.98	6.15848
1396.1	6.13008
1396.22	6.06685
1396.34	5.98094
1396.46	5.87291
1396.58	5.74374
1396.7	5.5982
1396.82	5.4512
1396.93	5.30442
1397.05	5.14057
1397.17	4.98166
1397.29	4.82899
1397.41	4.67342
1397.53	4.49517
1397.65	4.2941
1397.77	4.0786
1397.89	3.85928
1398.01	3.63981
1398.13	3.43751
1398.25	3.26341
1398.37	3.09312
1398.49	2.94456
1398.61	2.81252
1398.73	2.70025
1398.85	2.59311
1398.96	2.51692
1399.08	2.48386
1399.2	2.47591
1399.32	2.49891
1399.44	2.52294
1399.56	2.55148
1399.68	2.58975
1399.8	2.62643
1399.92	2.66796
1400.04	2.70794
1400.16	2.74565
1400.28	2.76948
1400.4	2.78574
1400.52	2.80606
1400.64	2.83351
1400.76	2.85989
1400.88	2.86587
1401	2.85569
1401.12	2.83005
1401.24	2.78667
1401.36	2.72573
1401.48	2.6479
1401.6	2.54501
1401.72	2.44245
1401.84	2.32737
1401.96	2.18713
1402.08	2.05222
1402.2	1.91369
1402.32	1.76761
1402.44	1.6337
1402.56	1.50657
1402.67	1.39425
1402.79	1.3073
1402.91	1.23897
1403.03	1.19422
1403.15	1.20117
1403.27	1.24628
1403.39	1.29257
1403.51	1.34385
1403.63	1.40762
1403.75	1.4767
1403.87	1.56988
1403.99	1.68605
1404.11	1.79643
1404.23	1.90029
1404.35	2.01463
1404.47	2.12097
1404.59	2.19205
1404.71	2.2592
1404.83	2.32084
1404.95	2.36037
1405.07	2.38104
1405.19	2.36845
1405.31	2.33019
1405.43	2.26612
1405.55	2.17486
1405.67	2.04343
1405.79	1.86973
1405.91	1.65313
1406.03	1.41355
1406.15	1.14745
1406.26	0.859607
1406.38	0.566873
1406.5	0.260011
1406.62	-0.0587931
1406.74	-0.375326
1406.86	-0.68643
1406.98	-0.965106
1407.1	-1.20237
1407.22	-1.39325
1407.34	-1.53877
1407.46	-1.61761
1407.58	-1.65335
1407.7	-1.64906
1407.82	-1.6228
1407.94	-1.56986
1408.06	-1.47921
1408.18	-1.362
1408.3	-1.21385
1408.42	-1.01393
1408.53	-0.763851
1408.65	-0.481671
1408.77	-0.149899
1408.89	0.206511
1409.01	0.59009
1409.13	0.982084
1409.25	1.40831
1409.37	1.87606
1409.49	2.33902
1409.61	2.80805
1409.73	3.27629
1409.85	3.72304
1409.97	4.14903
1410.09	4.5321
1410.2	4.86764
1410.32	5.16482
1410.44	5.42589
1410.56	5.64837
1410.68	5.85386
1410.8	6.02624
1410.92	6.16563
1411.04	6.26585
1411.16	6.33094
1411.28	6.36024
1411.4	6.36075
1411.52	6.32239
1411.64	6.258
1411.75	6.1643
1411.87	6.06269
1411.99	5.97506
1412.11	5.88591
1412.23	5.78093
1412.35	5.68412
1412.47	5.57099
1412.59	5.43398
1412.71	5.2964
1412.83	5.15078
1412.94	5.00718
1413.06	4.87146
1413.18	4.74035
1413.3	4.63746
1413.42	4.57266
1413.54	4.50766
1413.66	4.43938
1413.78	4.37401
1413.9	4.307
1414.02	4.2455
1414.14	4.19467
1414.25	4.15743
1414.37	4.12917
1414.49	4.10743
1414.61	4.10597
1414.73	4.09829
1414.85	4.09243
1414.97	4.11311
1415.09	4.14451
1415.21	4.18109
1415.32	4.23293
1415.44	4.29672
1415.56	4.3899
1415.68	4.49857
1415.8	4.61687
1415.92	4.74155
1416.04	4.86421
1416.16	4.98176
1416.27	5.10274
1416.39	5.21726
1416.51	5.33792
1416.63	5.46135
1416.75	5.5655
1416.87	5.65441
1416.99	5.74642
1417.11	5.83855
1417.22	5.93617
1417.34	6.03839
1417.46	6.15064
1417.58	6.27762
1417.7	6.42629
1417.82	6.58018
1417.94	6.74321
1418.05	6.89601
1418.17	7.04515
1418.29	7.18237
1418.41	7.28377
1418.53	7.35359
1418.65	7.4107
1418.77	7.46358
1418.89	7.49191
1419	7.49014
1419.12	7.44332
1419.24	7.37981
1419.36	7.2976
1419.48	7.2086
1419.6	7.10863
1419.72	6.99597
1419.83	6.88315
1419.95	6.77477
1420.07	6.6478
1420.19	6.51721
1420.31	6.37166
1420.43	6.23919
1420.54	6.12058
1420.66	6.02561
1420.78	5.95669
1420.9	5.91481
1421.02	5.87472
1421.14	5.86351
1421.26	5.88031
1421.37	5.91026
1421.49	5.94842
1421.61	6.00737
1421.73	6.07097
1421.85	6.15339
1421.97	6.24247
1422.08	6.35399
1422.2	6.4923
1422.32	6.65536
1422.44	6.83437
1422.56	7.02255
1422.67	7.20006
1422.79	7.35984
1422.91	7.51789
1423.03	7.66459
1423.15	7.79437
1423.27	7.9052
1423.39	7.99549
1423.5	8.0724
1423.62	8.11876
1423.74	8.13197
1423.74	8.13588
1423.86	8.10882
1423.98	8.03846
1424.1	7.92675
1424.22	7.77257
1424.34	7.5867
1424.46	7.35653
1424.58	7.08535
1424.69	6.78235
1424.81	6.43797
1424.93	6.07345
1425.05	5.69234
1425.17	5.29546
1425.29	4.89542
1425.41	4.50403
1425.53	4.12641
1425.65	3.78085
1425.76	3.46411
1425.88	3.19655
1426	2.98855
1426.12	2.82531
1426.24	2.70566
1426.36	2.64035
1426.48	2.62478
1426.6	2.65987
1426.71	2.7459
1426.83	2.87643
1426.95	3.06469
1427.07	3.30398
1427.19	3.57398
1427.31	3.88257
1427.43	4.22401
1427.54	4.59131
1427.66	4.97492
1427.78	5.38241
1427.9	5.80296
1428.02	6.2412
1428.14	6.67472
1428.26	7.10114
1428.38	7.50828
1428.49	7.88223
1428.61	8.22698
1428.73	8.54738
1428.85	8.81981
1428.97	9.04053
1429.09	9.20231
1429.21	9.30873
1429.32	9.37249
1429.44	9.38384
1429.56	9.34431
1429.68	9.24291
1429.8	9.10257
1429.92	8.92373
1430.04	8.70809
1430.15	8.43503
1430.27	8.1268
1430.39	7.78044
1430.51	7.41141
1430.63	7.02871
1430.75	6.66588
1430.86	6.30849
1430.98	5.95831
1431.1	5.62082
1431.22	5.33432
1431.34	5.08202
1431.46	4.85213
1431.57	4.65221
1431.69	4.49266
1431.81	4.36019
1431.93	4.26845
1432.05	4.21459
1432.17	4.19743
1432.28	4.21834
1432.4	4.28223
1432.52	4.37662
1432.64	4.49132
1432.76	4.63124
1432.88	4.79455
1432.99	4.97627
1433.11	5.17071
1433.23	5.35982
1433.35	5.53915
1433.47	5.69909
1433.59	5.83878
1433.7	5.95432
1433.82	6.05545
1433.94	6.12341
1434.06	6.17305
1434.18	6.20917
1434.29	6.2262
1434.41	6.22728
1434.53	6.208
1434.65	6.1577
1434.77	6.07721
1434.89	5.9699
1435	5.84309
1435.12	5.71055
1435.24	5.56703
1435.36	5.39646
1435.48	5.20969
1435.59	5.00596
1435.71	4.78668
1435.83	4.57173
1435.95	4.364
1436.07	4.18369
1436.18	4.0271
1436.3	3.8755
1436.42	3.72954
1436.54	3.59175
1436.66	3.45168
1436.77	3.31669
1436.89	3.20325
1437.01	3.11022
1437.13	3.04391
1437.25	2.99711
1437.36	2.96917
1437.48	2.97869
1437.6	3.00227
1437.72	3.0307
1437.84	3.06684
1437.95	3.11562
1438.07	3.16008
1438.19	3.20831
1438.31	3.24122
1438.43	3.26764
1438.54	3.30309
1438.66	3.34342
1438.78	3.39027
1438.9	3.43343
1439.01	3.4572
1439.13	3.45925
1439.25	3.47551
1439.37	3.49226
1439.49	3.50887
1439.6	3.52166
1439.72	3.53347
1439.84	3.54987
1439.96	3.57641
1440.07	3.60286
1440.19	3.61933
1440.31	3.61462
1440.43	3.6064
1440.54	3.57507
1440.66	3.53824
1440.78	3.50846
1440.9	3.48845
1441.02	3.4481
1441.13	3.39768
1441.25	3.34731
1441.37	3.29918
1441.49	3.22869
1441.6	3.14096
1441.72	3.03686
1441.84	2.92394
1441.96	2.80721
1442.07	2.70275
1442.19	2.60656
1442.31	2.50567
1442.43	2.4086
1442.54	2.32732
1442.66	2.24868
1442.78	2.17789
1442.9	2.12924
1443.01	2.10816
1443.13	2.11289
1443.25	2.13701
1443.37	2.16678
1443.48	2.19401
1443.6	2.21279
1443.72	2.23946
1443.84	2.28202
1443.95	2.32136
1444.07	2.34927
1444.19	2.37972
1444.31	2.41221
1444.42	2.43357
1444.54	2.45624
1444.66	2.47141
1444.78	2.46779
1444.89	2.45058
1445.01	2.43692
1445.13	2.42555
1445.24	2.40768
1445.36	2.37571
1445.48	2.31312
1445.6	2.2344
1445.71	2.13669
1445.83	2.02182
1445.95	1.89761
1446.07	1.78007
1446.18	1.67697
1446.3	1.58886
1446.42	1.50574
1446.53	1.43371
1446.65	1.36784
1446.77	1.30727
1446.89	1.27185
1447	1.26842
1447.12	1.28925
1447.24	1.3293
1447.36	1.39427
1447.42	1.42821
1447.53	1.54825
1447.65	1.70444
1447.77	1.90495
1447.89	2.13495
1448	2.38092
1448.12	2.62681
1448.24	2.88043
1448.36	3.13009
1448.48	3.39102
1448.59	3.66524
1448.71	3.94444
1448.83	4.19722
1448.95	4.42418
1449.06	4.61772
1449.18	4.79002
1449.3	4.94125
1449.42	5.0532
1449.54	5.11969
1449.65	5.13937
1449.77	5.11509
1449.89	5.05513
1450.01	4.94322
1450.13	4.79705
1450.24	4.62773
1450.36	4.44075
1450.48	4.23699
1450.6	4.02178
1450.71	3.81781
1450.83	3.63019
1450.95	3.45222
1451.07	3.2753
1451.18	3.11012
1451.3	2.94987
1451.42	2.79807
1451.54	2.65421
1451.65	2.52526
1451.77	2.4074
1451.89	2.31235
1452.01	2.25782
1452.12	2.24651
1452.24	2.27248
1452.36	2.32938
1452.48	2.43262
1452.6	2.55389
1452.71	2.6904
1452.83	2.85842
1452.95	3.05819
1453.07	3.28362
1453.18	3.52653
1453.3	3.76417
1453.42	3.99061
1453.54	4.19383
1453.65	4.38864
1453.77	4.58568
1453.89	4.76266
1454.01	4.89896
1454.12	4.99183
1454.24	5.05565
1454.36	5.08985
1454.47	5.09634
1454.59	5.09258
1454.71	5.07227
1454.83	5.03972
1454.94	5.00562
1455.06	4.97242
1455.18	4.93276
1455.3	4.89079
1455.41	4.85031
1455.53	4.81095
1455.65	4.78011
1455.77	4.75227
1455.88	4.71905
1456	4.67692
1456.12	4.62916
1456.23	4.58081
1456.35	4.52717
1456.47	4.4696
1456.59	4.41623
1456.7	4.37002
1456.82	4.33165
1456.94	4.30944
1457.06	4.29406
1457.17	4.25398
1457.29	4.1945
1457.41	4.12904
1457.52	4.05127
1457.64	3.98056
1457.76	3.92019
1457.88	3.8681
1457.99	3.80414
1458.11	3.71653
1458.23	3.61468
1458.34	3.51703
1458.46	3.42299
1458.58	3.33506
1458.69	3.25816
1458.81	3.19109
1458.93	3.11509
1459.05	3.05553
1459.16	2.99951
1459.28	2.96306
1459.4	2.94039
1459.51	2.93347
1459.63	2.91285
1459.75	2.87907
1459.87	2.84502
1459.98	2.81865
1460.1	2.79098
1460.22	2.78033
1460.33	2.78589
1460.45	2.80229
1460.57	2.83402
1460.68	2.89879
1460.8	2.998
1460.92	3.12206
1461.04	3.25155
1461.15	3.37429
1461.27	3.49088
1461.39	3.58913
1461.5	3.67947
1461.62	3.75028
1461.74	3.78738
1461.85	3.78775
1461.97	3.76346
1462.09	3.71986
1462.2	3.63683
1462.32	3.52058
1462.44	3.3726
1462.55	3.2109
1462.67	3.02593
1462.79	2.83847
1462.9	2.668
1463.02	2.50448
1463.14	2.36093
1463.25	2.2431
1463.37	2.14519
1463.49	2.07809
1463.6	2.03699
1463.72	2.05399
1463.84	2.11753
1463.95	2.20079
1464.07	2.30441
1464.19	2.42276
1464.3	2.56827
1464.42	2.7307
1464.54	2.90213
1464.65	3.08077
1464.77	3.26388
1464.89	3.45264
1465	3.62471
1465.12	3.78511
1465.24	3.93501
1465.35	4.07639
1465.47	4.19358
1465.59	4.29158
1465.7	4.36879
1465.82	4.42462
1465.94	4.44479
1466.05	4.42155
1466.17	4.35238
1466.29	4.24175
1466.4	4.08386
1466.52	3.89801
1466.64	3.68778
1466.75	3.45369
1466.87	3.19217
1466.98	2.91763
1467.1	2.62552
1467.22	2.29605
1467.33	1.96592
1467.45	1.63585
1467.57	1.30239
1467.68	0.990221
1467.8	0.700246
1467.92	0.429472
1468.03	0.173282
1468.15	-0.0684841
1468.26	-0.25725
1468.38	-0.394286
1468.5	-0.480187
1468.61	-0.513938
1468.73	-0.509069
1468.85	-0.467596
1468.96	-0.398001
1469.08	-0.296949
1469.2	-0.169498
1469.31	-0.00387527
1469.43	0.179896
1469.54	0.379217
1469.66	0.569121
1469.78	0.760144
1469.89	0.948168
1470.01	1.12008
1470.13	1.25575
1470.24	1.34982
1470.36	1.40128
1470.47	1.42142
1470.59	1.42462
1470.71	1.41941
1470.82	1.40244
1470.94	1.36209
1471.05	1.28729
1471.17	1.19189
1471.29	1.0859
1471.4	0.966329
1471.49	0.871561
1471.61	0.741686
1471.73	0.608549
1471.84	0.491733
1471.96	0.394414
1472.08	0.302894
1472.19	0.205955
1472.31	0.122482
1472.43	0.0448458
1472.54	-0.0234073
1472.66	-0.0897136
1472.78	-0.131049
1472.89	-0.162302
1473.01	-0.182901
1473.13	-0.188468
1473.24	-0.178209
1473.36	-0.150755
1473.48	-0.106269
1473.59	-0.0402396
1473.71	0.0573745
1473.83	0.165017
1473.94	0.27998
1474.06	0.404888
1474.18	0.537754
1474.29	0.680923
1474.41	0.827576
1474.53	0.972112
1474.64	1.12131
1474.76	1.2797
1474.88	1.44122
1475	1.58934
1475.11	1.73686
1475.23	1.87549
1475.34	2.00399
1475.46	2.10979
1475.58	2.20353
1475.69	2.29312
1475.81	2.38143
1475.93	2.46334
1476.04	2.53482
1476.16	2.59271
1476.28	2.62277
1476.39	2.63444
1476.51	2.64495
1476.63	2.63895
1476.74	2.60445
1476.86	2.5365
1476.98	2.45342
1477.09	2.34232
1477.21	2.2095
1477.33	2.07128
1477.44	1.91399
1477.56	1.74288
1477.68	1.56633
1477.79	1.37163
1477.91	1.15497
1478.02	0.919649
1478.14	0.682849
1478.26	0.471889
1478.37	0.264836
1478.49	0.0914689
1478.61	-0.0536217
1478.72	-0.20549
1478.84	-0.350832
1478.95	-0.493308
1479.07	-0.632526
1479.19	-0.742181
1479.3	-0.818009
1479.42	-0.874658
1479.54	-0.890527
1479.65	-0.858011
1479.77	-0.779824
1479.89	-0.675682
1480	-0.557805
1480.12	-0.437431
1480.23	-0.313621
1480.35	-0.173852
1480.47	-0.00511557
1480.58	0.183528
1480.7	0.395401
1480.82	0.614572
1480.93	0.827665
1481.05	1.03841
1481.16	1.26055
1481.28	1.47728
1481.4	1.68053
1481.51	1.86114
1481.63	2.03123
1481.74	2.17915
1481.86	2.31108
1481.98	2.41549
1482.09	2.48501
1482.21	2.52271
1482.33	2.53307
1482.44	2.50671
1482.56	2.45034
1482.67	2.36308
1482.79	2.25212
1482.9	2.09486
1483.02	1.92491
1483.14	1.73022
1483.25	1.52921
1483.37	1.33046
1483.49	1.12541
1483.6	0.926168
1483.72	0.717642
1483.83	0.507003
1483.95	0.302176
1484.06	0.10652
1484.18	-0.0742467
1484.3	-0.232647
1484.41	-0.368753
1484.53	-0.470677
1484.64	-0.534401
1484.76	-0.570711
1484.88	-0.585435
1484.99	-0.578003
1485.11	-0.544855
1485.22	-0.496881
1485.34	-0.427844
1485.46	-0.350876
1485.57	-0.263129
1485.69	-0.145005
1485.8	-0.00117904
1485.92	0.168426
1486.03	0.36339
1486.15	0.566102
1486.27	0.770443
1486.38	0.998451
1486.5	1.24435
1486.61	1.47663
1486.73	1.68597
1486.84	1.87345
1486.96	2.05078
1487.08	2.20667
1487.19	2.34126
1487.31	2.45025
1487.42	2.5288
1487.54	2.56874
1487.65	2.56872
1487.77	2.51936
1487.89	2.42651
1488	2.29153
1488.12	2.14075
1488.23	1.97684
1488.35	1.79377
1488.46	1.6365
1488.58	1.47549
1488.69	1.2914
1488.81	1.09904
1488.93	0.899641
1489.04	0.700622
1489.16	0.519642
1489.27	0.355807
1489.39	0.209567
1489.5	0.121386
1489.62	0.0874363
1489.73	0.0697026
1489.85	0.0582866
1489.97	0.063539
1490.08	0.0924583
1490.2	0.145316
1490.31	0.221326
1490.43	0.31043
1490.54	0.401099
1490.66	0.501684
1490.77	0.605067
1490.89	0.716894
1491	0.851902
1491.12	1.00734
1491.24	1.17144
1491.35	1.34022
1491.47	1.526
1491.58	1.70945
1491.7	1.88957
1491.81	2.07276
1491.93	2.2568
1492.04	2.44374
1492.16	2.62643
1492.27	2.8057
1492.39	2.97933
1492.5	3.14401
1492.62	3.29865
1492.73	3.44695
1492.85	3.59747
1492.96	3.74187
1493.08	3.88429
1493.2	4.02949
1493.31	4.17731
1493.43	4.32812
1493.54	4.49493
1493.66	4.66678
1493.77	4.8536
1493.89	5.05971
1494	5.27666
1494.12	5.4881
1494.23	5.69159
1494.35	5.87195
1494.46	6.03562
1494.58	6.15457
1494.69	6.23641
1494.81	6.29605
1494.92	6.33264
1495.04	6.35824
1495.15	6.38294
1495.27	6.3821
1495.38	6.3344
1495.5	6.2438
1495.61	6.11194
1495.73	5.93214
1495.84	5.70672
1495.96	5.43671
1496.07	5.12493
1496.19	4.78148
1496.3	4.40608
1496.31	4.36846
1496.43	3.97023
1496.54	3.56407
1496.66	3.15167
1496.77	2.73551
1496.89	2.32197
1497.01	1.91164
1497.12	1.51071
1497.24	1.12896
1497.35	0.785109
1497.47	0.48184
1497.59	0.228089
1497.7	0.028281
1497.82	-0.112109
1497.93	-0.209541
1498.05	-0.258212
1498.16	-0.266243
1498.28	-0.23225
1498.39	-0.146848
1498.51	-0.0254758
1498.63	0.11292
1498.74	0.238514
1498.86	0.308786
1498.97	0.304126
1499.09	0.210014
1499.2	0.0523516
1499.32	-0.130263
1499.43	-0.345982
1499.55	-0.51282
1499.67	-0.512378
1499.78	-0.319517
1499.9	0.00793352
1499.95	0.170724
1499.99	0.208122
