1060.01	-3.10787
1060.14	-0.161379
1060.28	0.872831
1060.41	0.849681
1060.55	0.336207
1060.68	-0.29908
1060.82	-0.868825
1060.95	-1.26306
1061.09	-1.45382
1061.22	-1.43837
1061.36	-1.27242
1061.49	-1.00175
1061.63	-0.681095
1061.76	-0.335
1061.9	0.00384311
1062.03	0.320819
1062.17	0.61756
1062.3	0.901452
1062.44	1.1739
1062.57	1.42888
1062.71	1.66556
1062.84	1.87265
1062.98	2.05083
1063.11	2.18643
1063.25	2.28628
1063.38	2.35155
1063.52	2.40131
1063.65	2.44517
1063.79	2.49935
1063.92	2.54639
1064.06	2.5929
1064.19	2.63688
1064.33	2.67486
1064.46	2.70442
1064.6	2.72498
1064.73	2.73201
1064.87	2.72112
1065	2.69243
1065.14	2.64667
1065.27	2.58744
1065.41	2.52188
1065.54	2.4534
1065.68	2.37622
1065.81	2.29353
1065.95	2.0563
1066.08	1.94218
1066.22	1.88211
1066.35	1.82494
1066.49	1.75363
1066.62	1.66061
1066.76	1.55839
1066.89	1.4522
1067.02	1.35256
1067.16	1.25783
1067.29	1.16892
1067.43	1.07566
1067.56	0.990499
1067.7	0.918563
1067.83	0.866466
1067.97	0.841502
1068.1	0.842718
1068.24	0.878824
1068.37	0.9448
1068.51	1.04699
1068.64	1.19222
1068.78	1.37035
1068.91	1.57452
1069.05	1.80041
1069.18	2.03822
1069.31	2.2904
1069.45	2.55275
1069.58	2.81385
1069.72	3.06828
1069.85	3.31327
1069.99	3.54731
1070.12	3.76803
1070.26	3.96829
1070.39	4.15637
1070.52	4.33456
1070.66	4.51224
1070.79	4.68196
1070.93	4.85376
1071.06	5.01316
1071.2	5.15692
1071.33	5.28
1071.47	5.37183
1071.6	5.4371
1071.73	5.49095
1071.87	5.52642
1072	5.52027
1072.14	5.48279
1072.27	5.40617
1072.41	5.29186
1072.54	5.16697
1072.68	5.0344
1072.81	4.90799
1072.94	4.78177
1073.08	4.67471
1073.21	4.58295
1073.35	4.50966
1073.48	4.45826
1073.61	4.39648
1073.75	4.33531
1073.88	4.27013
1074.02	4.20491
1074.15	4.14671
1074.29	4.09438
1074.42	4.05219
1074.55	4.0139
1074.69	4.00012
1074.82	4.00855
1074.96	4.03934
1075.09	4.08165
1075.23	4.1308
1075.36	4.1821
1075.49	4.25047
1075.63	4.31045
1075.76	4.36486
1075.9	4.41498
1076.03	4.45631
1076.16	4.4796
1076.3	4.48604
1076.43	4.48799
1076.57	4.48859
1076.7	4.48441
1076.83	4.48555
1076.97	4.49706
1077.1	4.51127
1077.24	4.52211
1077.37	4.54068
1077.5	4.56391
1077.64	4.6005
1077.77	4.6302
1077.91	4.65999
1078.04	4.7026
1078.17	4.73112
1078.31	4.75279
1078.44	4.75747
1078.58	4.74979
1078.71	4.74131
1078.84	4.73211
1078.98	4.70533
1079.11	4.66871
1079.24	4.61257
1079.38	4.54456
1079.51	4.46329
1079.65	4.36557
1079.78	4.27223
1079.91	4.17024
1080.05	4.07101
1080.18	3.98751
1080.32	3.90545
1080.45	3.82849
1080.58	3.76373
1080.72	3.6983
1080.85	3.63233
1080.98	3.56028
1081.12	3.48191
1081.25	3.39752
1081.39	3.29496
1081.52	3.18344
1081.65	3.05066
1081.79	2.90687
1081.92	2.77515
1082.05	2.65878
1082.19	2.57328
1082.32	2.51007
1082.45	2.48755
1082.59	2.4869
1082.72	2.51515
1082.85	2.56198
1082.99	2.63506
1083.12	2.74472
1083.26	2.9
1083.39	3.07166
1083.52	3.2417
1083.66	3.42076
1083.79	3.60606
1083.92	3.78392
1084.06	3.96523
1084.19	4.1499
1084.32	4.33505
1084.46	4.51119
1084.59	4.69248
1084.72	4.85721
1084.86	4.99864
1084.99	5.12318
1085.12	5.19579
1085.26	5.24553
1085.39	5.26145
1085.52	5.24507
1085.66	5.20558
1085.79	5.13895
1085.92	5.04176
1086.06	4.91842
1086.19	4.78652
1086.32	4.64939
1086.46	4.5064
1086.59	4.35998
1086.72	4.21357
1086.86	4.06333
1086.99	3.91175
1087.12	3.74895
1087.26	3.6009
1087.39	3.46716
1087.52	3.33865
1087.66	3.21505
1087.79	3.10602
1087.92	3.02153
1088.06	2.95322
1088.19	2.89952
1088.32	2.86294
1088.46	2.84746
1088.59	2.84294
1088.72	2.84806
1088.79	2.83903
1088.92	2.87534
1089.06	2.92993
1089.19	2.99075
1089.33	3.06956
1089.46	3.16599
1089.59	3.24888
1089.73	3.3215
1089.86	3.38138
1090	3.42839
1090.13	3.47668
1090.26	3.511
1090.4	3.51807
1090.53	3.49736
1090.67	3.43361
1090.8	3.33897
1090.93	3.21063
1091.07	3.05109
1091.2	2.8792
1091.33	2.68811
1091.47	2.48414
1091.6	2.2741
1091.73	2.05218
1091.87	1.84223
1092	1.65965
1092.14	1.47927
1092.27	1.32256
1092.4	1.19201
1092.54	1.08857
1092.67	1.00476
1092.8	0.942072
1092.94	0.897124
1093.07	0.857477
1093.21	0.850283
1093.34	0.875987
1093.47	0.933369
1093.61	1.01598
1093.74	1.11541
1093.87	1.23351
1094.01	1.35352
1094.14	1.47136
1094.27	1.58376
1094.41	1.71935
1094.54	1.8708
1094.67	2.01224
1094.81	2.13631
1094.94	2.25113
1095.07	2.36641
1095.21	2.4842
1095.34	2.5779
1095.47	2.66662
1095.61	2.75749
1095.74	2.84558
1095.87	2.92009
1096.01	2.97784
1096.14	3.0082
1096.28	3.02319
1096.41	3.02485
1096.54	3.00167
1096.68	2.97283
1096.81	2.91752
1096.94	2.84152
1097.08	2.75055
1097.21	2.64855
1097.34	2.53183
1097.47	2.4144
1097.61	2.29443
1097.74	2.18846
1097.88	2.08551
1098.01	1.98515
1098.14	1.88379
1098.27	1.77336
1098.41	1.66866
1098.54	1.56857
1098.67	1.48053
1098.81	1.39794
1098.94	1.30718
1099.07	1.21275
1099.21	1.12253
1099.34	1.02856
1099.47	0.931688
1099.61	0.837351
1099.74	0.742225
1099.87	0.648851
1100.01	0.543038
1100.14	0.428971
1100.27	0.314514
1100.4	0.206514
1100.54	0.10242
1100.67	0.00631839
1100.8	-0.0716687
1100.94	-0.1319
1101.07	-0.186622
1101.2	-0.228883
1101.34	-0.250225
1101.47	-0.252267
1101.6	-0.241289
1101.73	-0.223618
1101.87	-0.196387
1102	-0.156175
1102.13	-0.108595
1102.27	-0.035316
1102.4	0.0600139
1102.53	0.178629
1102.67	0.32907
1102.8	0.506608
1102.93	0.706538
1103.06	0.925684
1103.2	1.15497
1103.33	1.40834
1103.46	1.6845
1103.6	1.97362
1103.73	2.28323
1103.86	2.60071
1103.99	2.91919
1104.13	3.24019
1104.26	3.57434
1104.39	3.90106
1104.53	4.22345
1104.66	4.55815
1104.79	4.88912
1104.92	5.21698
1105.06	5.54087
1105.19	5.84452
1105.32	6.12772
1105.45	6.37374
1105.59	6.57691
1105.72	6.75038
1105.85	6.89806
1105.98	6.99787
1106.12	7.04295
1106.25	7.03827
1106.38	6.99478
1106.52	6.91531
1106.65	6.80027
1106.78	6.64936
1106.91	6.48409
1107.05	6.31312
1107.18	6.13011
1107.31	5.92881
1107.44	5.71204
1107.58	5.48545
1107.71	5.26068
1107.84	5.03117
1107.97	4.79875
1108.11	4.55615
1108.24	4.29708
1108.37	4.03195
1108.5	3.76518
1108.64	3.50947
1108.77	3.24959
1108.9	2.99544
1109.03	2.74992
1109.17	2.52718
1109.3	2.3075
1109.43	2.09559
1109.56	1.89984
1109.7	1.72067
1109.83	1.56928
1109.96	1.43558
1110.09	1.32319
1110.22	1.23134
1110.36	1.14477
1110.49	1.06532
1110.62	0.985054
1110.75	0.897316
1110.89	0.821206
1111.02	0.738819
1111.15	0.646042
1111.28	0.545407
1111.42	0.419093
1111.55	0.278198
1111.68	0.126902
1111.81	-0.028565
1111.94	-0.189813
1112.08	-0.335715
1112.21	-0.458476
1112.34	-0.555387
1112.47	-0.639083
1112.6	-0.69463
1112.74	-0.719603
1112.87	-0.72848
1113	-0.732975
1113.13	-0.708194
1113.27	-0.663223
1113.4	-0.613112
1113.53	-0.542561
1113.66	-0.436646
1113.79	-0.305909
1113.93	-0.148281
1114.06	0.031802
1114.19	0.23891
1114.32	0.459621
1114.45	0.683703
1114.59	0.902623
1114.72	1.11556
1114.85	1.33034
1114.98	1.53586
1115.11	1.72211
1115.25	1.8776
1115.38	1.99749
1115.51	2.09395
1115.64	2.17819
1115.77	2.23482
1115.91	2.27442
1116.03	2.30146
1116.16	2.31343
1116.3	2.33097
1116.43	2.35056
1116.56	2.35911
1116.7	2.3652
1116.83	2.36231
1116.96	2.36071
1117.09	2.36352
1117.23	2.36823
1117.36	2.37401
1117.49	2.38875
1117.62	2.40723
1117.76	2.42964
1117.89	2.45993
1118.02	2.50373
1118.15	2.56825
1118.29	2.66188
1118.42	2.78767
1118.55	2.94107
1118.68	3.12052
1118.82	3.31551
1118.95	3.52195
1119.08	3.73594
1119.21	3.95913
1119.35	4.18607
1119.48	4.40653
1119.61	4.61672
1119.74	4.82114
1119.88	5.0281
1120.01	5.21558
1120.14	5.35354
1120.27	5.45132
1120.41	5.51152
1120.54	5.52664
1120.67	5.49013
1120.8	5.41698
1120.94	5.30904
1121.07	5.15628
1121.2	4.96585
1121.33	4.75426
1121.46	4.51631
1121.6	4.25696
1121.73	3.97598
1121.86	3.66338
1121.99	3.32203
1122.13	2.97395
1122.26	2.62168
1122.39	2.26006
1122.52	1.89628
1122.66	1.54427
1122.79	1.17838
1122.92	0.814169
1123.05	0.46541
1123.18	0.13133
1123.32	-0.164399
1123.45	-0.412297
1123.58	-0.61048
1123.71	-0.754614
1123.84	-0.868143
1123.98	-0.931308
1124.11	-0.945182
1124.24	-0.914851
1124.37	-0.845073
1124.5	-0.72671
1124.64	-0.585733
1124.77	-0.418521
1124.9	-0.199583
1125.03	0.056546
1125.16	0.330303
1125.3	0.623419
1125.43	0.931288
1125.56	1.26623
1125.69	1.62481
1125.82	1.98236
1125.96	2.32884
1126.09	2.65887
1126.22	2.97377
1126.35	3.27085
1126.48	3.53403
1126.62	3.75299
1126.75	3.92591
1126.88	4.07524
1127.01	4.21862
1127.14	4.34172
1127.28	4.44199
1127.41	4.52166
1127.54	4.57953
1127.67	4.6228
1127.8	4.64246
1127.94	4.63749
1128.07	4.60673
1128.2	4.54275
1128.33	4.4589
1128.46	4.36226
1128.59	4.25427
1128.73	4.13774
1128.86	4.01505
1128.99	3.86828
1129.12	3.71668
1129.25	3.58133
1129.38	3.4551
1129.52	3.34402
1129.65	3.25696
1129.78	3.19216
1129.91	3.14543
1130.04	3.1144
1130.17	3.09563
1130.31	3.08529
1130.44	3.07631
1130.57	3.07198
1130.7	3.07025
1130.83	3.06872
1130.96	3.06771
1131.1	3.07328
1131.23	3.08685
1131.36	3.07473
1131.49	3.0278
1131.62	2.96826
1131.75	2.89659
1131.89	2.81086
1132.02	2.71598
1132.15	2.60462
1132.28	2.47258
1132.41	2.32371
1132.54	2.17667
1132.67	2.04858
1132.81	1.93034
1132.94	1.82482
1133.07	1.72367
1133.2	1.62444
1133.33	1.54995
1133.46	1.50061
1133.59	1.46878
1133.73	1.46575
1133.86	1.4993
1133.99	1.5558
1134.12	1.59625
1134.25	1.65585
1134.38	1.74072
1134.51	1.83514
1134.64	1.94872
1134.78	2.06643
1134.91	2.19337
1135.04	2.32251
1135.17	2.43016
1135.3	2.53456
1135.43	2.63565
1135.56	2.72576
1135.69	2.78359
1135.83	2.82276
1135.96	2.83651
1136.09	2.83284
1136.22	2.81665
1136.35	2.77447
1136.48	2.70126
1136.61	2.60117
1136.74	2.48701
1136.88	2.37059
1137.01	2.258
1137.14	2.12684
1137.27	1.98603
1137.4	1.84352
1137.53	1.69227
1137.66	1.53826
1137.79	1.37265
1137.92	1.20069
1138.06	1.03697
1138.19	0.909716
1138.32	0.821552
1138.45	0.76421
1138.58	0.736898
1138.71	0.743678
1138.84	0.776556
1138.97	0.843468
1139.1	0.949235
1139.23	1.08806
1139.37	1.24718
1139.5	1.43371
1139.63	1.64042
1139.76	1.87836
1139.89	2.12321
1140.02	2.36827
1140.15	2.60443
1140.28	2.81973
1140.41	3.02782
1140.54	3.23239
1140.67	3.39428
1140.81	3.5318
1140.94	3.6423
1141.07	3.72562
1141.2	3.77816
1141.33	3.81777
1141.46	3.84799
1141.59	3.85635
1141.72	3.82765
1141.85	3.77348
1141.98	3.69292
1142.11	3.58619
1142.24	3.45519
1142.37	3.30419
1142.51	3.13208
1142.55	3.06637
1142.68	2.86041
1142.81	2.65362
1142.94	2.45039
1143.08	2.24465
1143.21	2.03313
1143.34	1.81381
1143.47	1.59604
1143.6	1.38014
1143.73	1.17997
1143.86	0.997803
1144	0.831205
1144.13	0.672705
1144.26	0.520071
1144.39	0.382806
1144.52	0.267711
1144.65	0.166216
1144.78	0.0852697
1144.92	0.0320643
1145.05	0.000816758
1145.18	-0.0311007
1145.31	-0.0714898
1145.44	-0.0857099
1145.57	-0.0907957
1145.7	-0.109606
1145.83	-0.124999
1145.97	-0.138773
1146.1	-0.147194
1146.23	-0.155158
1146.36	-0.176401
1146.49	-0.190133
1146.62	-0.197951
1146.75	-0.209772
1146.88	-0.228842
1147.02	-0.23717
1147.15	-0.241788
1147.28	-0.232658
1147.41	-0.215225
1147.54	-0.200212
1147.67	-0.189683
1147.8	-0.187011
1147.93	-0.182564
1148.06	-0.173861
1148.19	-0.152501
1148.33	-0.132698
1148.46	-0.0966057
1148.59	-0.0584803
1148.72	-0.023064
1148.85	0.0165431
1148.98	0.0503325
1149.11	0.0832685
1149.24	0.121425
1149.37	0.159028
1149.51	0.201594
1149.64	0.232274
1149.77	0.245968
1149.9	0.246919
1150.03	0.227301
1150.16	0.207009
1150.29	0.19165
1150.42	0.181366
1150.55	0.172307
1150.68	0.167261
1150.81	0.162019
1150.95	0.173835
1151.08	0.18242
1151.21	0.195268
1151.34	0.222124
1151.47	0.260937
1151.6	0.314817
1151.73	0.373889
1151.86	0.419056
1151.99	0.483776
1152.12	0.559271
1152.25	0.641237
1152.38	0.73338
1152.52	0.863238
1152.65	1.02332
1152.78	1.20961
1152.91	1.40854
1153.04	1.62866
1153.17	1.86954
1153.3	2.12609
1153.43	2.39228
1153.56	2.66619
1153.69	2.93502
1153.82	3.20598
1153.95	3.47425
1154.08	3.74359
1154.21	4.01225
1154.34	4.2662
1154.48	4.49343
1154.61	4.68234
1154.74	4.82668
1154.87	4.90307
1155	4.93889
1155.13	4.92771
1155.26	4.86843
1155.39	4.75485
1155.52	4.59584
1155.65	4.39074
1155.78	4.1516
1155.91	3.87677
1156.04	3.57226
1156.17	3.24233
1156.3	2.89879
1156.43	2.54246
1156.56	2.17937
1156.69	1.82497
1156.82	1.47047
1156.96	1.12505
1157.09	0.810066
1157.22	0.509771
1157.35	0.236117
1157.48	-0.00470214
1157.61	-0.225019
1157.74	-0.409484
1157.87	-0.556474
1158	-0.675642
1158.13	-0.751437
1158.26	-0.785421
1158.39	-0.774188
1158.52	-0.705717
1158.65	-0.601283
1158.78	-0.458115
1158.91	-0.279439
1159.04	-0.0822767
1159.17	0.136411
1159.3	0.362659
1159.43	0.603352
1159.56	0.839676
1159.69	1.07406
1159.82	1.2945
1159.95	1.50941
1160.08	1.71342
1160.21	1.89327
1160.34	2.04455
1160.47	2.16818
1160.6	2.25483
1160.73	2.31342
1160.86	2.31596
1160.99	2.27098
1161.12	2.18769
1161.25	2.05209
1161.38	1.8892
1161.51	1.70457
1161.64	1.49989
1161.77	1.28119
1161.9	1.05496
1162.03	0.827356
1162.16	0.607662
1162.29	0.386691
1162.42	0.1923
1162.55	0.0343223
1162.68	-0.0832793
1162.81	-0.168055
1162.94	-0.229864
1163.07	-0.248559
1163.2	-0.216131
1163.33	-0.155683
1163.46	-0.0736367
1163.59	0.0344446
1163.72	0.180099
1163.85	0.356222
1163.98	0.558244
1164.11	0.777583
1164.24	1.02152
1164.37	1.29196
1164.5	1.57506
1164.63	1.86959
1164.76	2.16492
1164.89	2.45632
1165.02	2.75154
1165.15	3.06199
1165.28	3.38893
1165.41	3.72137
1165.54	4.03444
1165.67	4.31931
1165.8	4.56264
1165.93	4.76748
1166.06	4.93793
1166.19	5.1037
1166.32	5.24416
1166.45	5.35983
1166.58	5.44983
1166.71	5.51534
1166.84	5.55367
1166.97	5.566
1167.1	5.54224
1167.23	5.48696
1167.36	5.41195
1167.49	5.3163
1167.62	5.20317
1167.75	5.07127
1167.88	4.92016
1168.01	4.76447
1168.14	4.60999
1168.27	4.45033
1168.39	4.28
1168.49	4.15683
1168.62	3.98811
1168.75	3.80981
1168.88	3.6281
1169.01	3.44443
1169.14	3.23964
1169.27	3.02669
1169.4	2.80372
1169.53	2.57805
1169.66	2.36407
1169.79	2.15138
1169.92	1.95811
1170.05	1.77625
1170.18	1.60062
1170.31	1.43597
1170.44	1.2689
1170.57	1.1162
1170.7	0.959756
1170.83	0.809197
1170.96	0.679139
1171.09	0.584334
1171.22	0.508196
1171.35	0.449819
1171.48	0.418292
1171.61	0.422549
1171.74	0.470528
1171.87	0.563662
1172	0.667487
1172.13	0.785132
1172.26	0.920957
1172.39	1.05949
1172.52	1.21947
1172.65	1.39088
1172.78	1.57256
1172.91	1.77684
1173.04	1.99339
1173.17	2.21669
1173.3	2.45075
1173.43	2.68957
1173.56	2.94305
1173.69	3.20793
1173.82	3.48178
1173.95	3.75691
1174.08	4.03311
1174.21	4.31632
1174.34	4.58725
1174.47	4.83144
1174.6	5.04209
1174.73	5.22907
1174.86	5.39562
1174.99	5.54366
1175.12	5.66941
1175.25	5.77813
1175.38	5.87301
1175.51	5.96193
1175.64	6.03483
1175.77	6.10202
1175.9	6.15389
1176.03	6.19399
1176.16	6.23479
1176.29	6.27381
1176.42	6.3045
1176.55	6.31122
1176.68	6.27985
1176.81	6.21535
1176.94	6.11778
1177.07	6.0088
1177.2	5.89513
1177.33	5.77248
1177.46	5.62471
1177.59	5.46416
1177.72	5.29729
1177.85	5.13025
1177.98	4.95814
1178.11	4.77285
1178.24	4.58729
1178.37	4.41586
1178.5	4.24552
1178.63	4.07649
1178.75	3.90868
1178.88	3.74657
1179.01	3.59068
1179.14	3.45847
1179.27	3.34714
1179.4	3.25791
1179.53	3.18682
1179.66	3.13564
1179.79	3.105
1179.92	3.08652
1180.05	3.07488
1180.18	3.06975
1180.31	3.06464
1180.44	3.06351
1180.57	3.07045
1180.7	3.07665
1180.83	3.09717
1180.96	3.12932
1181.09	3.17414
1181.22	3.22543
1181.35	3.27124
1181.48	3.31144
1181.6	3.33466
1181.73	3.3587
1181.86	3.35238
1181.99	3.33826
1182.12	3.32368
1182.25	3.31336
1182.38	3.2837
1182.51	3.2654
1182.64	3.27296
1182.77	3.30532
1182.9	3.35794
1183.03	3.40735
1183.16	3.43335
1183.29	3.45906
1183.41	3.49542
1183.54	3.52874
1183.67	3.5694
1183.8	3.60464
1183.93	3.64509
1184.06	3.69066
1184.19	3.73241
1184.32	3.78304
1184.45	3.83731
1184.58	3.88617
1184.71	3.94027
1184.84	3.99552
1184.97	4.054
1185.09	4.12245
1185.22	4.20393
1185.35	4.27541
1185.48	4.32273
1185.61	4.34983
1185.74	4.35219
1185.87	4.33427
1186	4.29086
1186.13	4.23696
1186.26	4.17052
1186.39	4.10088
1186.51	4.02134
1186.64	3.92834
1186.77	3.83162
1186.9	3.74352
1187.03	3.66216
1187.16	3.57685
1187.29	3.48653
1187.42	3.39135
1187.55	3.30478
1187.68	3.21926
1187.8	3.13073
1187.93	3.04854
1188.06	2.986
1188.19	2.94497
1188.32	2.91538
1188.45	2.89073
1188.58	2.8589
1188.71	2.8314
1188.84	2.82734
1188.96	2.83976
1189.09	2.85236
1189.22	2.87291
1189.35	2.91428
1189.48	2.95587
1189.61	2.97125
1189.74	2.98215
1189.87	2.98403
1189.99	2.98452
1190.12	2.97883
1190.25	2.96547
1190.38	2.94415
1190.51	2.92411
1190.64	2.88416
1190.77	2.81264
1190.9	2.70767
1191.02	2.56116
1191.15	2.38654
1191.28	2.21085
1191.41	2.0414
1191.54	1.86117
1191.67	1.68647
1191.8	1.52562
1191.92	1.40146
1192.05	1.30529
1192.18	1.2455
1192.31	1.21812
1192.44	1.21613
1192.57	1.22548
1192.7	1.25715
1192.83	1.31135
1192.95	1.3685
1193.08	1.45294
1193.21	1.55617
1193.34	1.68621
1193.47	1.83059
1193.6	2.0211
1193.72	2.23902
1193.85	2.46192
1193.98	2.67521
1194.11	2.88855
1194.24	3.09267
1194.37	3.29314
1194.5	3.49072
1194.62	3.67944
1194.75	3.87168
1194.88	4.05787
1195.01	4.23526
1195.14	4.39144
1195.27	4.52728
1195.4	4.65107
1195.52	4.75311
1195.54	4.77143
1195.67	4.83377
1195.8	4.86686
1195.93	4.86938
1196.06	4.8536
1196.19	4.80544
1196.32	4.70142
1196.45	4.555
1196.58	4.37129
1196.7	4.14444
1196.83	3.87979
1196.96	3.59123
1197.09	3.29426
1197.22	2.97917
1197.35	2.66605
1197.48	2.34176
1197.61	2.02032
1197.74	1.7175
1197.87	1.4337
1197.99	1.17209
1198.12	0.903172
1198.25	0.650268
1198.38	0.422433
1198.51	0.227505
1198.64	0.0584952
1198.77	-0.077571
1198.9	-0.172422
1199.03	-0.2142
1199.15	-0.228419
1199.28	-0.223699
1199.41	-0.196256
1199.54	-0.166399
1199.67	-0.112432
1199.8	-0.0175171
1199.93	0.091594
1200.06	0.224718
1200.19	0.386918
1200.31	0.562057
1200.44	0.738983
1200.57	0.919128
1200.7	1.12601
1200.83	1.3523
1200.96	1.61328
1201.09	1.88923
1201.22	2.16534
1201.34	2.45348
1201.47	2.75295
1201.6	3.0255
1201.73	3.26568
1201.86	3.46375
1201.99	3.61947
1202.12	3.75186
1202.24	3.86652
1202.37	3.952
1202.5	3.99295
1202.63	4.01292
1202.76	4.00681
1202.89	3.97381
1203.02	3.92364
1203.15	3.87145
1203.27	3.80714
1203.4	3.71962
1203.53	3.60854
1203.66	3.49672
1203.79	3.37535
1203.92	3.24768
1204.04	3.1365
1204.17	3.03469
1204.3	2.96171
1204.43	2.90988
1204.56	2.89133
1204.69	2.88859
1204.82	2.89878
1204.94	2.92459
1205.07	2.97297
1205.2	3.02376
1205.33	3.08089
1205.46	3.157
1205.59	3.25247
1205.71	3.36674
1205.84	3.48672
1205.97	3.60946
1206.1	3.72334
1206.23	3.84113
1206.36	3.96738
1206.48	4.08494
1206.61	4.1818
1206.74	4.26612
1206.87	4.34272
1207	4.39275
1207.13	4.42768
1207.25	4.42465
1207.38	4.38089
1207.51	4.30216
1207.64	4.1889
1207.77	4.03346
1207.9	3.83454
1208.02	3.59434
1208.15	3.31245
1208.28	2.99773
1208.41	2.67909
1208.54	2.33945
1208.67	1.99815
1208.79	1.64151
1208.92	1.29418
1209.05	0.941666
1209.18	0.583939
1209.31	0.247882
1209.43	-0.0700511
1209.56	-0.332957
1209.69	-0.54648
1209.82	-0.704604
1209.95	-0.811743
1210.07	-0.865113
1210.2	-0.873854
1210.33	-0.837774
1210.46	-0.751824
1210.59	-0.63282
1210.71	-0.468798
1210.84	-0.252688
1210.97	0.00385259
1211.1	0.315355
1211.23	0.663938
1211.35	1.03463
1211.48	1.4154
1211.61	1.81544
1211.74	2.22634
1211.87	2.63714
1211.99	3.04003
1212.12	3.41814
1212.25	3.77725
1212.38	4.11953
1212.51	4.43859
1212.63	4.70646
1212.76	4.91845
1212.89	5.06967
1213.02	5.17282
1213.14	5.24105
1213.27	5.27266
1213.4	5.25049
1213.53	5.17318
1213.66	5.04071
1213.78	4.84543
1213.91	4.60669
1214.04	4.34035
1214.17	4.05277
1214.29	3.73624
1214.42	3.38488
1214.55	3.01531
1214.68	2.6421
1214.81	2.26184
1214.93	1.88845
1215.06	1.52525
1215.19	1.178
1215.32	0.87163
1215.44	0.587775
1215.57	0.326482
1215.7	0.0765594
1215.83	-0.150123
1215.95	-0.34961
1216.08	-0.512185
1216.21	-0.647148
1216.34	-0.757257
1216.46	-0.833372
1216.59	-0.869371
1216.72	-0.872011
1216.85	-0.85755
1216.97	-0.822766
1217.1	-0.782223
1217.23	-0.721141
1217.36	-0.646043
1217.49	-0.570083
1217.61	-0.488754
1217.74	-0.403907
1217.87	-0.303372
1217.99	-0.218201
1218.12	-0.117214
1218.25	-0.0150414
1218.38	0.0948258
1218.5	0.199552
1218.63	0.291293
1218.76	0.37183
1218.89	0.441946
1219.01	0.508173
1219.14	0.56435
1219.27	0.627015
1219.4	0.690393
1219.52	0.750652
1219.65	0.820617
1219.78	0.881112
1219.91	0.935921
1220.03	0.961345
1220.16	0.992435
1220.29	1.02893
1220.41	1.05729
1220.54	1.10186
1220.67	1.14553
1220.8	1.19156
1220.92	1.2311
1221.05	1.26441
1221.18	1.29881
1221.3	1.32936
1221.34	1.32715
1221.46	1.34643
1221.59	1.368
1221.72	1.39952
1221.85	1.44432
1221.98	1.50644
1222.1	1.5811
1222.23	1.65742
1222.36	1.7436
1222.49	1.84613
1222.62	1.94565
1222.74	2.03405
1222.87	2.11294
1223	2.18927
1223.13	2.26242
1223.26	2.33912
1223.38	2.40718
1223.51	2.46276
1223.64	2.51162
1223.77	2.56959
1223.89	2.6471
1224.02	2.74859
1224.15	2.85707
1224.28	2.95009
1224.41	3.03246
1224.53	3.09327
1224.66	3.12743
1224.79	3.14961
1224.92	3.15018
1225.04	3.13791
1225.17	3.09567
1225.3	3.01068
1225.43	2.89652
1225.56	2.75747
1225.68	2.59242
1225.81	2.40215
1225.94	2.19204
1226.07	1.976
1226.19	1.75919
1226.32	1.5197
1226.45	1.25347
1226.58	0.967481
1226.7	0.67609
1226.83	0.376756
1226.96	0.0847862
1227.09	-0.20807
1227.21	-0.484972
1227.34	-0.745221
1227.47	-0.978145
1227.6	-1.17928
1227.72	-1.35939
1227.85	-1.50399
1227.98	-1.61333
1228.11	-1.68143
1228.23	-1.70973
1228.36	-1.70205
1228.49	-1.65122
1228.62	-1.55881
1228.74	-1.41655
1228.87	-1.24824
1229	-1.03166
1229.13	-0.784047
1229.25	-0.502533
1229.38	-0.204639
1229.51	0.103739
1229.64	0.419328
1229.76	0.742001
1229.89	1.06509
1230.02	1.3771
1230.15	1.68258
1230.27	1.98266
1230.4	2.27127
1230.53	2.55722
1230.66	2.82173
1230.78	3.05817
1230.91	3.26418
1231.04	3.45725
1231.17	3.60906
1231.29	3.71349
1231.42	3.7845
1231.55	3.82449
1231.67	3.83148
1231.8	3.79288
1231.93	3.70549
1232.06	3.58651
1232.18	3.43645
1232.31	3.25081
1232.44	3.05439
1232.56	2.83856
1232.69	2.61243
1232.82	2.37873
1232.95	2.1479
1233.07	1.92225
1233.2	1.70831
1233.33	1.51974
1233.45	1.35439
1233.58	1.22029
1233.71	1.11962
1233.84	1.04835
1233.96	0.995772
1234.09	0.958523
1234.22	0.941994
1234.34	0.94421
1234.47	0.979899
1234.6	1.05487
1234.72	1.1664
1234.85	1.31864
1234.98	1.51727
1235.11	1.73901
1235.23	1.97748
1235.36	2.24391
1235.49	2.51915
1235.61	2.80361
1235.74	3.09677
1235.87	3.39842
1235.99	3.71644
1236.12	4.01
1236.25	4.26726
1236.37	4.51235
1236.5	4.7305
1236.63	4.90014
1236.76	5.02826
1236.88	5.12671
1237.01	5.20193
1237.14	5.25579
1237.26	5.28021
1237.39	5.27438
1237.52	5.2412
1237.64	5.18464
1237.77	5.10485
1237.9	5.01323
1238.02	4.90474
1238.15	4.78748
1238.28	4.63992
1238.4	4.48433
1238.53	4.33572
1238.66	4.17713
1238.78	4.02609
1238.91	3.87014
1239.04	3.70805
1239.16	3.55452
1239.29	3.42316
1239.42	3.31358
1239.54	3.22772
1239.67	3.15558
1239.8	3.09228
1239.92	3.05316
1240.05	3.04291
1240.18	3.07285
1240.3	3.12548
1240.43	3.18572
1240.56	3.24937
1240.68	3.32527
1240.81	3.40303
1240.94	3.48143
1241.06	3.55896
1241.19	3.65139
1241.32	3.74032
1241.44	3.83546
1241.57	3.92129
1241.7	3.98438
1241.82	4.02797
1241.95	4.06291
1242.08	4.08029
1242.2	4.07407
1242.33	4.05602
1242.45	4.02214
1242.58	3.96941
1242.71	3.89381
1242.83	3.80465
1242.96	3.70378
1243.09	3.59947
1243.21	3.48013
1243.34	3.36963
1243.47	3.25217
1243.59	3.13646
1243.72	3.02072
1243.84	2.89546
1243.97	2.76943
1244.1	2.6588
1244.22	2.56733
1244.35	2.5023
1244.48	2.46696
1244.6	2.44602
1244.73	2.43368
1244.85	2.42753
1244.98	2.43806
1245.11	2.45886
1245.23	2.48233
1245.36	2.52291
1245.49	2.57514
1245.61	2.63102
1245.74	2.70071
1245.86	2.77979
1245.99	2.85573
1246.12	2.95034
1246.24	3.06904
1246.37	3.19948
1246.5	3.35136
1246.62	3.52491
1246.75	3.72978
1246.87	3.96026
1247	4.1882
1247.13	4.42629
1247.25	4.67022
1247.38	4.88927
1247.5	5.07724
1247.63	5.25408
1247.66	5.29331
1247.79	5.47444
1247.91	5.64357
1248.04	5.78716
1248.17	5.90096
1248.29	5.98507
1248.42	6.04903
1248.55	6.10282
1248.67	6.13478
1248.8	6.14895
1248.93	6.14362
1249.05	6.11316
1249.18	6.0817
1249.31	6.04832
1249.43	5.99092
1249.56	5.92541
1249.69	5.84186
1249.82	5.74861
1249.94	5.66245
1250.07	5.58295
1250.2	5.49285
1250.32	5.38819
1250.45	5.26712
1250.58	5.13448
1250.7	5.01291
1250.83	4.90976
1250.96	4.82747
1251.08	4.74553
1251.21	4.65971
1251.33	4.57468
1251.46	4.50223
1251.59	4.44312
1251.71	4.39548
1251.84	4.36656
1251.97	4.37298
1252.09	4.37549
1252.22	4.3885
1252.35	4.4029
1252.47	4.42528
1252.6	4.45721
1252.73	4.50344
1252.85	4.54582
1252.98	4.58152
1253.11	4.61487
1253.23	4.64468
1253.36	4.66028
1253.49	4.66498
1253.61	4.66212
1253.74	4.64566
1253.86	4.62088
1253.99	4.57634
1254.12	4.52907
1254.24	4.46722
1254.37	4.39884
1254.5	4.31637
1254.62	4.21987
1254.75	4.13457
1254.88	4.06653
1255	4.01236
1255.13	3.97499
1255.25	3.96168
1255.38	3.9735
1255.51	4.00812
1255.63	4.0647
1255.76	4.14507
1255.89	4.24071
1256.01	4.34985
1256.14	4.47612
1256.26	4.60787
1256.39	4.74573
1256.52	4.8798
1256.64	4.99835
1256.77	5.10816
1256.89	5.22025
1257.02	5.3268
1257.15	5.42209
1257.27	5.50892
1257.4	5.57823
1257.53	5.63084
1257.65	5.67414
1257.78	5.69404
1257.9	5.69805
1258.03	5.67707
1258.16	5.64397
1258.28	5.60856
1258.41	5.58142
1258.53	5.57656
1258.66	5.58326
1258.79	5.60264
1258.91	5.61563
1259.04	5.6256
1259.16	5.64632
1259.29	5.68668
1259.42	5.74462
1259.54	5.81294
1259.67	5.89656
1259.79	5.99555
1259.92	6.11757
1260.05	6.26571
1260.17	6.44952
1260.3	6.64464
1260.42	6.87585
1260.55	7.13091
1260.67	7.40405
1260.8	7.68388
1260.93	7.9596
1261.05	8.22529
1261.18	8.47531
1261.3	8.70819
1261.43	8.90945
1261.56	9.09258
1261.68	9.25115
1261.81	9.37531
1261.93	9.44537
1262.06	9.45958
1262.18	9.42317
1262.31	9.34131
1262.44	9.20848
1262.56	9.00644
1262.69	8.74619
1262.81	8.43103
1262.94	8.05337
1263.06	7.6366
1263.19	7.1889
1263.32	6.72146
1263.44	6.24663
1263.57	5.76926
1263.69	5.30081
1263.82	4.86262
1263.94	4.44033
1264.07	4.04219
1264.2	3.68013
1264.32	3.36432
1264.45	3.11024
1264.57	2.90828
1264.7	2.7622
1264.82	2.67086
1264.95	2.64011
1265.07	2.66773
1265.2	2.76147
1265.33	2.9084
1265.45	3.10829
1265.58	3.35957
1265.7	3.65737
1265.83	3.98773
1265.95	4.34211
1266.08	4.71293
1266.2	5.08407
1266.33	5.44201
1266.45	5.7869
1266.58	6.11454
1266.71	6.41064
1266.83	6.66973
1266.96	6.87963
1267.08	7.05248
1267.21	7.18593
1267.33	7.25945
1267.46	7.27872
1267.58	7.24666
1267.71	7.16982
1267.83	7.05442
1267.96	6.90603
1268.08	6.73166
1268.21	6.524
1268.33	6.29133
1268.46	6.04157
1268.59	5.77752
1268.71	5.51144
1268.84	5.2502
1268.96	4.99911
1269.09	4.76469
1269.21	4.56015
1269.34	4.39365
1269.46	4.25164
1269.59	4.13806
1269.71	4.03268
1269.84	3.9548
1269.96	3.90899
1270.09	3.89745
1270.21	3.90912
1270.34	3.93796
1270.46	3.98226
1270.59	4.06328
1270.71	4.17181
1270.84	4.3082
1270.96	4.48304
1271.09	4.66232
1271.21	4.8536
1271.34	5.04956
1271.46	5.23902
1271.59	5.40189
1271.71	5.55569
1271.84	5.68707
1271.96	5.80768
1272.09	5.90413
1272.21	5.96705
1272.34	6.01213
1272.46	6.04167
1272.59	6.05607
1272.71	6.05322
1272.84	6.03804
1272.96	6.02082
1273.09	5.98875
1273.21	5.93295
1273.34	5.85302
1273.46	5.75711
1273.59	5.63748
1273.71	5.5029
1273.84	5.37273
1273.96	5.25593
1274.08	5.16668
1274.2	5.09712
1274.33	5.0626
1274.46	5.06724
1274.58	5.09666
1274.71	5.14086
1274.83	5.20962
1274.96	5.28746
1275.08	5.37261
1275.21	5.45957
1275.33	5.54376
1275.46	5.63268
1275.59	5.72145
1275.71	5.80495
1275.84	5.88521
1275.96	5.96395
1276.09	6.02185
1276.21	6.0694
1276.34	6.1017
1276.46	6.12512
1276.59	6.12258
1276.72	6.09407
1276.84	6.05141
1276.97	6.00058
1277.09	5.95044
1277.22	5.90591
1277.34	5.86367
1277.47	5.81172
1277.59	5.76698
1277.72	5.72886
1277.84	5.71179
1277.97	5.69889
1278.09	5.67222
1278.22	5.64345
1278.35	5.59916
1278.47	5.54046
1278.6	5.47421
1278.72	5.41221
1278.85	5.36453
1278.97	5.31621
1279.1	5.27684
1279.22	5.25324
1279.35	5.25457
1279.47	5.28482
1279.6	5.33069
1279.72	5.39191
1279.85	5.49076
1279.97	5.61972
1280.1	5.76495
1280.22	5.92583
1280.35	6.0965
1280.48	6.26023
1280.6	6.41831
1280.72	6.56626
1280.85	6.71743
1280.98	6.86165
1281.1	6.99118
1281.23	7.10489
1281.35	7.22076
1281.48	7.32939
1281.6	7.43655
1281.73	7.54713
1281.85	7.6334
1281.98	7.70032
1282.1	7.75345
1282.23	7.77977
1282.35	7.77329
1282.48	7.75303
1282.6	7.71011
1282.73	7.66295
1282.85	7.59604
1282.98	7.5111
1283.1	7.43048
1283.23	7.35793
1283.35	7.28763
1283.48	7.22715
1283.6	7.17695
1283.73	7.1363
1283.85	7.08218
1283.98	7.02733
1284.1	6.97427
1284.23	6.90607
1284.35	6.82123
1284.48	6.74191
1284.6	6.67339
1284.73	6.60707
1284.85	6.53658
1284.98	6.47029
1285.1	6.42075
1285.22	6.37417
1285.35	6.3327
1285.47	6.29338
1285.6	6.2439
1285.72	6.18212
1285.85	6.11069
1285.97	6.04812
1286.1	6.01119
1286.22	5.99802
1286.35	6.00699
1286.47	6.04025
1286.6	6.10024
1286.72	6.18221
1286.85	6.26445
1286.97	6.35752
1287.1	6.43959
1287.22	6.51754
1287.35	6.58692
1287.47	6.65715
1287.59	6.73376
1287.72	6.8185
1287.84	6.91251
1287.97	7.02055
1288.09	7.13149
1288.22	7.2484
1288.34	7.39603
1288.47	7.5536
1288.59	7.72243
1288.72	7.90061
1288.84	8.07428
1288.96	8.25435
1289.09	8.41026
1289.21	8.54634
1289.34	8.67848
1289.46	8.81552
1289.59	8.94607
1289.71	9.03141
1289.84	9.10823
1289.96	9.18014
1290.09	9.23963
1290.21	9.28738
1290.33	9.31175
1290.46	9.31267
1290.58	9.30389
1290.71	9.27493
1290.83	9.23033
1290.96	9.16968
1291.08	9.07989
1291.2	8.95992
1291.33	8.80958
1291.45	8.63007
1291.58	8.4422
1291.7	8.23675
1291.83	7.99567
1291.95	7.72304
1292.08	7.4482
1292.2	7.17035
1292.32	6.89409
1292.45	6.62356
1292.57	6.34113
1292.7	6.0613
1292.82	5.77726
1292.95	5.48484
1293.07	5.19014
1293.19	4.90399
1293.32	4.62335
1293.44	4.35554
1293.57	4.10223
1293.69	3.87654
1293.81	3.67723
1293.94	3.49742
1294.06	3.33469
1294.19	3.20074
1294.31	3.08426
1294.44	2.97298
1294.56	2.86513
1294.68	2.78635
1294.81	2.73626
1294.93	2.7116
1295.06	2.71929
1295.18	2.75543
1295.3	2.80166
1295.43	2.86227
1295.55	2.93533
1295.68	3.02203
1295.8	3.12524
1295.92	3.23263
1296.05	3.33837
1296.17	3.42879
1296.3	3.50085
1296.42	3.56306
1296.54	3.61413
1296.67	3.66827
1296.79	3.7335
1296.92	3.8092
1297.04	3.90288
1297.16	4.01356
1297.29	4.13576
1297.41	4.2522
1297.54	4.35758
1297.66	4.46296
1297.78	4.5515
1297.91	4.63772
1298.03	4.71016
1298.16	4.76105
1298.28	4.80333
1298.4	4.83022
1298.53	4.84351
1298.65	4.83748
1298.77	4.80693
1298.9	4.75582
1299.02	4.69619
1299.15	4.60952
1299.27	4.50381
1299.39	4.38432
1299.52	4.22655
1299.64	4.05318
1299.76	3.85444
1299.89	3.65519
1299.97	3.53079
1300.09	3.33033
1300.22	3.11366
1300.34	2.88069
1300.46	2.68303
1300.59	2.50256
1300.71	2.33065
1300.84	2.16777
1300.96	2.00499
1301.09	1.8541
1301.21	1.72146
1301.34	1.61011
1301.46	1.52441
1301.58	1.4589
1301.71	1.41155
1301.83	1.38024
1301.96	1.37029
1302.08	1.3784
1302.21	1.42912
1302.33	1.50658
1302.45	1.59856
1302.58	1.72005
1302.7	1.8804
1302.83	2.07824
1302.95	2.30624
1303.08	2.55896
1303.2	2.82256
1303.32	3.10485
1303.45	3.38806
1303.57	3.65951
1303.7	3.92674
1303.82	4.1819
1303.94	4.41513
1304.07	4.62961
1304.19	4.81893
1304.32	4.98538
1304.44	5.11686
1304.57	5.21707
1304.69	5.27954
1304.81	5.29325
1304.94	5.25673
1305.06	5.16968
1305.19	5.05078
1305.31	4.92079
1305.43	4.77255
1305.56	4.60665
1305.68	4.42485
1305.81	4.22683
1305.93	4.01593
1306.05	3.82098
1306.18	3.62362
1306.3	3.42347
1306.43	3.23131
1306.55	3.05142
1306.67	2.88471
1306.8	2.74046
1306.92	2.61289
1307.05	2.50107
1307.17	2.39962
1307.29	2.31482
1307.42	2.25994
1307.54	2.22778
1307.67	2.22171
1307.79	2.22481
1307.91	2.23342
1308.04	2.24348
1308.16	2.27494
1308.29	2.32381
1308.41	2.37621
1308.53	2.44079
1308.66	2.50605
1308.78	2.57938
1308.9	2.66007
1309.03	2.7354
1309.15	2.81577
1309.28	2.89044
1309.4	2.9648
1309.52	3.03062
1309.65	3.08948
1309.77	3.12608
1309.9	3.13916
1310.02	3.1151
1310.14	3.04094
1310.27	2.94597
1310.39	2.80946
1310.51	2.63918
1310.64	2.43449
1310.76	2.20252
1310.88	1.95718
1311.01	1.70401
1311.13	1.45002
1311.26	1.19038
1311.38	0.933778
1311.5	0.685106
1311.63	0.441085
1311.75	0.22692
1311.87	0.0422847
1312	-0.108143
1312.12	-0.237247
1312.24	-0.356406
1312.37	-0.461543
1312.49	-0.552715
1312.61	-0.621284
1312.74	-0.667906
1312.86	-0.679026
1312.99	-0.666136
1313.11	-0.633415
1313.23	-0.577306
1313.36	-0.500084
1313.48	-0.401176
1313.6	-0.286159
1313.73	-0.162843
1313.85	-0.0241925
1313.97	0.134521
1314.1	0.305488
1314.22	0.482162
1314.34	0.662546
1314.47	0.83786
1314.59	0.994091
1314.71	1.14
1314.84	1.26438
1314.96	1.37901
1315.08	1.48202
1315.21	1.57362
1315.33	1.64758
1315.45	1.69876
1315.58	1.73953
1315.7	1.76897
1315.82	1.79119
1315.95	1.80381
1316.07	1.80301
1316.19	1.78346
1316.32	1.75928
1316.44	1.72671
1316.56	1.69462
1316.69	1.66659
1316.81	1.61425
1316.93	1.55585
1317.06	1.51231
1317.18	1.49727
1317.3	1.51919
1317.43	1.57279
1317.55	1.64992
1317.67	1.74778
1317.79	1.863
1317.92	2.00124
1318.04	2.17098
1318.16	2.36331
1318.29	2.57247
1318.41	2.77617
1318.53	2.97697
1318.66	3.17425
1318.78	3.36494
1318.9	3.53596
1319.03	3.68448
1319.15	3.81027
1319.27	3.90669
1319.4	3.98355
1319.52	4.0341
1319.64	4.06475
1319.76	4.07569
1319.89	4.06244
1320.01	4.03304
1320.13	3.98547
1320.26	3.92313
1320.38	3.85654
1320.5	3.78137
1320.63	3.68666
1320.75	3.57964
1320.87	3.46807
1320.99	3.33251
1321.12	3.19436
1321.24	3.06222
1321.36	2.92519
1321.48	2.80358
1321.61	2.68518
1321.73	2.565
1321.85	2.4621
1321.98	2.36797
1322.1	2.28965
1322.22	2.2368
1322.35	2.22678
1322.47	2.24735
1322.59	2.28927
1322.71	2.32964
1322.84	2.37856
1322.96	2.45891
1323.08	2.55344
1323.2	2.65337
1323.33	2.75803
1323.45	2.86311
1323.57	2.96562
1323.7	3.05557
1323.82	3.13751
1323.94	3.19781
1324.06	3.2398
1324.19	3.25889
1324.31	3.24449
1324.43	3.21758
1324.55	3.18638
1324.68	3.15167
1324.8	3.10603
1324.92	3.03173
1325.04	2.9266
1325.14	2.83117
1325.27	2.70265
1325.39	2.55252
1325.51	2.3986
1325.64	2.25012
1325.76	2.12651
1325.88	2.03086
1326.01	1.96512
1326.13	1.92792
1326.25	1.91819
1326.38	1.93121
1326.5	1.96731
1326.62	2.02622
1326.75	2.10385
1326.87	2.21564
1326.99	2.34716
1327.12	2.4912
1327.24	2.634
1327.36	2.76641
1327.49	2.91084
1327.61	3.06206
1327.73	3.21999
1327.86	3.37318
1327.98	3.51405
1328.1	3.64661
1328.22	3.76801
1328.35	3.86862
1328.47	3.97118
1328.59	4.06712
1328.72	4.16069
1328.84	4.23038
1328.96	4.27189
1329.09	4.29278
1329.21	4.28975
1329.33	4.25934
1329.46	4.21025
1329.58	4.13473
1329.7	4.04512
1329.82	3.93901
1329.95	3.83674
1330.07	3.73315
1330.19	3.62565
1330.32	3.51455
1330.44	3.40847
1330.56	3.32238
1330.69	3.2605
1330.81	3.22104
1330.93	3.21015
1331.05	3.2144
1331.18	3.23962
1331.3	3.28851
1331.42	3.35987
1331.55	3.45135
1331.67	3.56954
1331.79	3.7068
1331.91	3.84751
1332.04	4.00232
1332.16	4.159
1332.28	4.30331
1332.41	4.44589
1332.53	4.56494
1332.65	4.68721
1332.77	4.80746
1332.9	4.91223
1333.02	4.99142
1333.14	5.04897
1333.27	5.07766
1333.39	5.09716
1333.51	5.10914
1333.63	5.09669
1333.76	5.05825
1333.88	4.99124
1334	4.89311
1334.13	4.7758
1334.25	4.63565
1334.37	4.48378
1334.49	4.30578
1334.62	4.1039
1334.74	3.88098
1334.86	3.62984
1334.98	3.37438
1335.11	3.12289
1335.23	2.86501
1335.35	2.58891
1335.47	2.28294
1335.6	1.97095
1335.72	1.66348
1335.84	1.35339
1335.96	1.03054
1336.09	0.713488
1336.21	0.412444
1336.33	0.146274
1336.45	-0.0843637
1336.58	-0.284392
1336.7	-0.477617
1336.82	-0.646086
1336.95	-0.7803
1337.07	-0.888174
1337.19	-0.968804
1337.31	-1.01226
1337.43	-1.01015
1337.56	-0.982428
1337.68	-0.936727
1337.8	-0.874644
1337.92	-0.782188
1338.05	-0.665874
1338.17	-0.538243
1338.29	-0.407085
1338.41	-0.28068
1338.54	-0.142513
1338.66	0.0213435
1338.78	0.207536
1338.9	0.408624
1339.03	0.644135
1339.15	0.892363
1339.27	1.1652
1339.39	1.43101
1339.52	1.70381
1339.64	1.97258
1339.76	2.23349
1339.88	2.48226
1340	2.71514
1340.13	2.91821
1340.25	3.1039
1340.37	3.24984
1340.49	3.37127
1340.62	3.45217
1340.74	3.49302
1340.86	3.49391
1340.98	3.46209
1341.1	3.39753
1341.23	3.30356
1341.35	3.17356
1341.47	3.01504
1341.59	2.82927
1341.71	2.63199
1341.84	2.42123
1341.96	2.21663
1342.08	2.02435
1342.2	1.84026
1342.33	1.66814
1342.45	1.50969
1342.57	1.37855
1342.69	1.26887
1342.81	1.18854
1342.94	1.13128
1343.06	1.09463
1343.18	1.0944
1343.3	1.11007
1343.42	1.13844
1343.55	1.19722
1343.67	1.28451
1343.79	1.39011
1343.91	1.53001
1344.03	1.71188
1344.16	1.92859
1344.28	2.16206
1344.4	2.39513
1344.52	2.63476
1344.64	2.90403
1344.77	3.19802
1344.89	3.52399
1345.01	3.8709
1345.13	4.2239
1345.25	4.58425
1345.37	4.93511
1345.5	5.2815
1345.62	5.61189
1345.74	5.90703
1345.86	6.16707
1345.98	6.39532
1346.11	6.59726
1346.23	6.76381
1346.35	6.88
1346.47	6.94746
1346.59	6.96227
1346.71	6.93548
1346.84	6.87947
1346.96	6.78705
1347.08	6.63468
1347.2	6.42835
1347.32	6.21237
1347.45	5.99666
1347.57	5.75306
1347.69	5.50951
1347.81	5.28058
1347.93	5.05972
1348.05	4.8389
1348.18	4.63881
1348.3	4.4652
1348.42	4.32151
1348.54	4.19343
1348.66	4.07321
1348.78	3.95023
1348.9	3.81986
1349.03	3.70499
1349.15	3.62253
1349.27	3.56098
1349.39	3.51893
1349.51	3.49313
1349.63	3.48967
1349.76	3.50372
1349.88	3.52187
1350	3.55755
1350.12	3.59835
1350.24	3.64977
1350.36	3.71266
1350.48	3.79333
1350.61	3.88398
1350.61	3.87684
1350.73	3.9744
1350.85	4.08339
1350.98	4.18587
1351.1	4.28288
1351.22	4.37674
1351.34	4.47778
1351.47	4.56985
1351.59	4.66359
1351.71	4.75774
1351.83	4.84325
1351.95	4.91758
1352.08	4.9893
1352.2	5.0512
1352.32	5.12022
1352.44	5.18026
1352.56	5.23295
1352.69	5.28539
1352.81	5.34774
1352.93	5.42701
1353.05	5.51715
1353.17	5.62605
1353.3	5.72905
1353.42	5.83826
1353.54	5.94489
1353.66	6.03825
1353.78	6.12547
1353.91	6.21283
1354.03	6.28247
1354.15	6.34401
1354.27	6.41619
1354.39	6.47952
1354.52	6.50551
1354.64	6.47664
1354.76	6.39649
1354.88	6.27956
1355	6.15247
1355.13	6.00464
1355.25	5.8516
1355.37	5.69355
1355.49	5.51664
1355.61	5.33473
1355.73	5.13812
1355.86	4.93237
1355.98	4.74974
1356.1	4.57616
1356.22	4.41813
1356.34	4.27928
1356.47	4.15892
1356.59	4.0558
1356.71	3.9649
1356.83	3.88325
1356.95	3.81635
1357.07	3.76956
1357.2	3.73405
1357.32	3.69786
1357.44	3.6495
1357.56	3.61383
1357.68	3.59288
1357.8	3.57379
1357.93	3.53827
1358.05	3.50109
1358.17	3.45652
1358.29	3.38896
1358.41	3.30793
1358.53	3.22696
1358.66	3.13161
1358.78	3.02676
1358.9	2.90352
1359.02	2.75407
1359.14	2.57632
1359.26	2.37929
1359.39	2.1826
1359.51	1.98598
1359.63	1.77411
1359.75	1.55698
1359.87	1.32989
1359.99	1.1028
1360.11	0.874247
1360.24	0.659029
1360.36	0.461424
1360.48	0.28706
1360.6	0.140629
1360.72	0.0396474
1360.84	-0.0169673
1360.96	-0.0391514
1361.09	-0.0366484
1361.21	-0.0116304
1361.33	0.0390644
1361.45	0.0965604
1361.57	0.177152
1361.69	0.291609
1361.81	0.431273
1361.94	0.593589
1362.06	0.786325
1362.18	1.00702
1362.3	1.23792
1362.42	1.47903
1362.54	1.73139
1362.66	1.98881
1362.78	2.2449
1362.91	2.4855
1363.03	2.70704
1363.15	2.9101
1363.27	3.10334
1363.39	3.27178
1363.51	3.41386
1363.63	3.53559
1363.76	3.6351
1363.88	3.71739
1364	3.77048
1364.12	3.80923
1364.24	3.84225
1364.36	3.8728
1364.48	3.90037
1364.6	3.94429
1364.72	4.00232
1364.85	4.05093
1364.97	4.09651
1365.09	4.13486
1365.21	4.16933
1365.33	4.19342
1365.45	4.22119
1365.57	4.24697
1365.69	4.2863
1365.81	4.31658
1365.94	4.34812
1366.06	4.38626
1366.18	4.41789
1366.3	4.44942
1366.42	4.48819
1366.54	4.52681
1366.66	4.55617
1366.78	4.57639
1366.9	4.58639
1367.02	4.59259
1367.15	4.57598
1367.27	4.54415
1367.39	4.49875
1367.51	4.44299
1367.63	4.37359
1367.75	4.29872
1367.87	4.21579
1367.99	4.13642
1368.11	4.04509
1368.23	3.95785
1368.35	3.86608
1368.48	3.76255
1368.6	3.65677
1368.72	3.55472
1368.84	3.46302
1368.96	3.38311
1369.08	3.30771
1369.2	3.24328
1369.32	3.18221
1369.44	3.12181
1369.56	3.08389
1369.68	3.07646
1369.8	3.08736
1369.92	3.10787
1370.05	3.12762
1370.17	3.15202
1370.29	3.16437
1370.41	3.17698
1370.53	3.19889
1370.65	3.24157
1370.77	3.29714
1370.89	3.37513
1371.01	3.47514
1371.13	3.60693
1371.25	3.7385
1371.37	3.8741
1371.49	4.00963
1371.61	4.14219
1371.73	4.27303
1371.86	4.39673
1371.98	4.52357
1372.1	4.65316
1372.22	4.76727
1372.34	4.86971
1372.46	4.96872
1372.58	5.06422
1372.7	5.13211
1372.82	5.18449
1372.94	5.22102
1373.06	5.24719
1373.18	5.25286
1373.3	5.22016
1373.42	5.15134
1373.54	5.05299
1373.66	4.93171
1373.78	4.76098
1373.9	4.55221
1374.02	4.30861
1374.15	4.04153
1374.27	3.74683
1374.39	3.42757
1374.51	3.09565
1374.55	2.95522
1374.68	2.60604
1374.8	2.25966
1374.92	1.91956
1375.04	1.58374
1375.16	1.25184
1375.28	0.935885
1375.4	0.628148
1375.52	0.34302
1375.65	0.0839225
1375.77	-0.130963
1375.89	-0.289553
1376.01	-0.394824
1376.13	-0.462998
1376.25	-0.464922
1376.37	-0.411106
1376.49	-0.309699
1376.61	-0.148888
1376.73	0.0628874
1376.86	0.324217
1376.98	0.623134
1377.1	0.964647
1377.22	1.34905
1377.34	1.77823
1377.46	2.21935
1377.58	2.67259
1377.7	3.12901
1377.82	3.57928
1377.94	4.00981
1378.06	4.4174
1378.19	4.79867
1378.31	5.13207
1378.43	5.40712
1378.55	5.6266
1378.67	5.77688
1378.79	5.85241
1378.91	5.85919
1379.03	5.8131
1379.15	5.70365
1379.27	5.53302
1379.39	5.29234
1379.52	4.98659
1379.64	4.62111
1379.76	4.21798
1379.88	3.82144
1380	3.39942
1380.12	2.96502
1380.24	2.5287
1380.36	2.08967
1380.48	1.65266
1380.6	1.21005
1380.72	0.791199
1380.84	0.409535
1380.96	0.0685885
1381.08	-0.234935
1381.21	-0.485677
1381.33	-0.683384
1381.45	-0.820162
1381.57	-0.917661
1381.69	-0.958341
1381.81	-0.947793
1381.93	-0.889695
1382.05	-0.777692
1382.17	-0.630292
1382.29	-0.451667
1382.41	-0.245933
1382.53	-0.0170618
1382.65	0.235377
1382.77	0.513241
1382.89	0.795754
1383.01	1.07428
1383.14	1.35706
1383.26	1.61638
1383.38	1.86776
1383.5	2.09642
1383.62	2.30168
1383.74	2.4888
1383.86	2.65696
1383.98	2.80209
1384.1	2.89174
1384.22	2.95554
1384.34	2.98682
1384.46	2.99087
1384.58	2.96569
1384.7	2.91856
1384.82	2.86385
1384.94	2.79272
1385.06	2.71912
1385.18	2.64738
1385.3	2.56445
1385.42	2.48127
1385.54	2.40526
1385.66	2.33097
1385.78	2.25343
1385.91	2.18598
1386.03	2.12321
1386.15	2.07234
1386.27	2.0439
1386.39	2.03394
1386.51	2.03428
1386.63	2.0526
1386.75	2.08191
1386.87	2.1211
1386.99	2.17146
1387.11	2.21936
1387.23	2.27331
1387.35	2.33955
1387.47	2.43084
1387.59	2.55118
1387.71	2.68934
1387.83	2.84004
1387.95	3.01314
1388.07	3.20045
1388.19	3.38766
1388.31	3.57751
1388.43	3.77911
1388.55	3.98118
1388.67	4.16751
1388.79	4.33474
1388.91	4.4791
1389.03	4.60298
1389.15	4.70414
1389.27	4.77424
1389.39	4.82712
1389.51	4.84958
1389.63	4.83824
1389.75	4.79577
1389.87	4.73441
1389.99	4.65083
1390.11	4.55435
1390.23	4.44632
1390.35	4.31435
1390.47	4.17531
1390.59	4.03294
1390.71	3.87054
1390.83	3.69732
1390.95	3.50442
1391.07	3.30305
1391.19	3.09741
1391.31	2.88274
1391.43	2.65418
1391.55	2.42647
1391.67	2.20779
1391.79	1.99025
1391.91	1.78725
1392.03	1.58675
1392.15	1.41601
1392.27	1.2675
1392.39	1.13554
1392.51	1.0132
1392.63	0.916977
1392.75	0.855741
1392.87	0.85032
1392.99	0.873804
1393.11	0.931942
1393.23	1.01167
1393.35	1.12629
1393.47	1.26647
1393.59	1.42344
1393.71	1.62011
1393.83	1.8613
1393.94	2.13361
1394.06	2.43632
1394.18	2.75463
1394.3	3.07307
1394.42	3.39526
1394.54	3.72158
1394.66	4.03534
1394.78	4.33074
1394.9	4.61362
1395.02	4.88657
1395.14	5.14615
1395.26	5.36656
1395.38	5.57126
1395.5	5.75914
1395.62	5.92731
1395.74	6.09507
1395.86	6.24079
1395.98	6.35067
1396.1	6.4228
1396.22	6.46305
1396.34	6.46446
1396.46	6.43356
1396.58	6.38108
1396.7	6.30015
1396.82	6.19195
1396.93	6.05397
1397.05	5.88491
1397.17	5.68933
1397.29	5.4686
1397.41	5.21751
1397.53	4.93837
1397.65	4.65096
1397.77	4.36052
1397.89	4.05923
1398.01	3.75798
1398.13	3.46088
1398.25	3.18132
1398.37	2.92438
1398.49	2.68797
1398.61	2.4856
1398.73	2.31798
1398.85	2.19557
1398.96	2.11798
1399.08	2.08162
1399.2	2.07657
1399.32	2.11637
1399.44	2.19845
1399.56	2.30359
1399.68	2.44119
1399.8	2.60141
1399.92	2.77628
1400.04	2.98268
1400.16	3.19928
1400.28	3.39841
1400.4	3.59896
1400.52	3.79132
1400.64	3.96603
1400.76	4.12327
1400.88	4.25527
1401	4.3551
1401.12	4.44561
1401.24	4.51366
1401.36	4.55613
1401.48	4.57603
1401.6	4.56465
1401.72	4.52113
1401.84	4.45976
1401.96	4.36644
1402.08	4.23868
1402.2	4.09808
1402.32	3.91457
1402.44	3.73043
1402.56	3.51994
1402.67	3.30325
1402.79	3.09147
1402.91	2.88589
1403.03	2.69644
1403.15	2.5285
1403.27	2.34552
1403.39	2.16038
1403.51	1.98067
1403.63	1.82045
1403.75	1.68181
1403.87	1.57363
1403.99	1.51074
1404.11	1.48172
1404.23	1.46998
1404.35	1.49331
1404.47	1.53288
1404.59	1.58661
1404.71	1.65473
1404.83	1.729
1404.95	1.81743
1405.07	1.90766
1405.19	1.98429
1405.31	2.04302
1405.43	2.08017
1405.55	2.08528
1405.67	2.08555
1405.79	2.07949
1405.91	2.06305
1406.03	2.04188
1406.15	1.99031
1406.26	1.90534
1406.38	1.79793
1406.5	1.67286
1406.62	1.51215
1406.74	1.32532
1406.86	1.11772
1406.98	0.893636
1407.1	0.665339
1407.22	0.42737
1407.34	0.179747
1407.46	-0.0550017
1407.58	-0.271445
1407.7	-0.458751
1407.82	-0.624468
1407.94	-0.753702
1408.06	-0.862794
1408.18	-0.942961
1408.3	-0.990897
1408.42	-1.02488
1408.53	-1.02984
1408.65	-1.00632
1408.77	-0.970563
1408.89	-0.919922
1409.01	-0.843343
1409.13	-0.733255
1409.25	-0.597607
1409.37	-0.442826
1409.49	-0.277554
1409.61	-0.0725731
1409.73	0.163294
1409.85	0.413017
1409.97	0.689076
1410.09	0.97612
1410.2	1.27279
1410.32	1.59582
1410.44	1.91761
1410.56	2.23442
1410.68	2.56343
1410.8	2.8825
1410.92	3.19022
1411.04	3.47643
1411.16	3.74754
1411.28	3.99864
1411.4	4.24744
1411.52	4.48571
1411.64	4.70301
1411.75	4.90985
1411.87	5.0909
1411.99	5.25583
1412.11	5.40412
1412.23	5.51253
1412.35	5.58119
1412.47	5.62663
1412.59	5.63054
1412.71	5.62334
1412.83	5.60613
1412.94	5.59191
1413.06	5.57577
1413.18	5.54605
1413.3	5.51281
1413.42	5.4677
1413.54	5.39027
1413.66	5.29838
1413.78	5.19892
1413.9	5.106
1414.02	5.01802
1414.14	4.9442
1414.25	4.87139
1414.37	4.78761
1414.49	4.71231
1414.61	4.67261
1414.73	4.64259
1414.85	4.62601
1414.97	4.61519
1415.09	4.64282
1415.21	4.7006
1415.32	4.75743
1415.44	4.8007
1415.56	4.838
1415.68	4.88236
1415.8	4.93429
1415.92	5.00046
1416.04	5.0578
1416.16	5.1136
1416.27	5.17011
1416.39	5.2176
1416.51	5.26002
1416.63	5.30705
1416.75	5.34324
1416.87	5.3513
1416.99	5.34128
1417.11	5.30823
1417.22	5.25406
1417.34	5.18548
1417.46	5.08968
1417.58	4.97805
1417.7	4.86333
1417.82	4.75853
1417.94	4.67011
1418.05	4.56906
1418.17	4.4581
1418.29	4.33846
1418.41	4.24024
1418.53	4.15844
1418.65	4.06843
1418.77	3.98047
1418.89	3.90861
1419	3.85066
1419.12	3.813
1419.24	3.78826
1419.36	3.77192
1419.48	3.76452
1419.6	3.77243
1419.72	3.79364
1419.83	3.83714
1419.95	3.88567
1420.07	3.94009
1420.19	3.98352
1420.31	4.01694
1420.43	4.03861
1420.54	4.05735
1420.66	4.06623
1420.78	4.06275
1420.9	4.04564
1421.02	3.99856
1421.14	3.94345
1421.26	3.86333
1421.37	3.76831
1421.49	3.64398
1421.61	3.51173
1421.73	3.37446
1421.85	3.23189
1421.97	3.08351
1422.08	2.91222
1422.2	2.73512
1422.32	2.54884
1422.44	2.34239
1422.56	2.12015
1422.67	1.90713
1422.79	1.70081
1422.91	1.51481
1423.03	1.34491
1423.15	1.1823
1423.27	1.04101
1423.39	0.915934
1423.5	0.816129
1423.62	0.7394
1423.74	0.676378
1423.74	0.670267
1423.86	0.642886
1423.98	0.646217
1424.1	0.662641
1424.22	0.693875
1424.34	0.721124
1424.46	0.754486
1424.58	0.808798
1424.69	0.888035
1424.81	0.970491
1424.93	1.06596
1425.05	1.18011
1425.17	1.32554
1425.29	1.47005
1425.41	1.59846
1425.53	1.71023
1425.65	1.82174
1425.76	1.94811
1425.88	2.07334
1426	2.18593
1426.12	2.28048
1426.24	2.37332
1426.36	2.47552
1426.48	2.58287
1426.6	2.69286
1426.71	2.81264
1426.83	2.91278
1426.95	2.9976
1427.07	3.07789
1427.19	3.14616
1427.31	3.20569
1427.43	3.2697
1427.54	3.327
1427.66	3.38703
1427.78	3.45984
1427.9	3.5429
1428.02	3.63203
1428.14	3.69099
1428.26	3.7372
1428.38	3.77367
1428.49	3.82212
1428.61	3.85428
1428.73	3.84883
1428.85	3.82278
1428.97	3.77673
1429.09	3.72921
1429.21	3.67284
1429.32	3.60567
1429.44	3.52185
1429.56	3.43528
1429.68	3.34386
1429.8	3.24399
1429.92	3.13969
1430.04	3.03167
1430.15	2.92587
1430.27	2.81524
1430.39	2.71036
1430.51	2.58338
1430.63	2.46176
1430.75	2.33945
1430.86	2.21111
1430.98	2.0911
1431.1	1.95597
1431.22	1.83566
1431.34	1.71565
1431.46	1.6021
1431.57	1.47794
1431.69	1.35857
1431.81	1.23851
1431.93	1.11886
1432.05	0.999574
1432.17	0.872595
1432.28	0.762018
1432.4	0.67
1432.52	0.602006
1432.64	0.551698
1432.76	0.527151
1432.88	0.524803
1432.99	0.530365
1433.11	0.544056
1433.23	0.566847
1433.35	0.615155
1433.47	0.673887
1433.59	0.750686
1433.7	0.843912
1433.82	0.937459
1433.94	1.04104
1434.06	1.14552
1434.18	1.26487
1434.29	1.38482
1434.41	1.50357
1434.53	1.61696
1434.65	1.73887
1434.77	1.86881
1434.89	2.01521
1435	2.18362
1435.12	2.37651
1435.24	2.59061
1435.36	2.82227
1435.48	3.05652
1435.59	3.27958
1435.71	3.4946
1435.83	3.71018
1435.95	3.9284
1436.07	4.12813
1436.18	4.30144
1436.3	4.45907
1436.42	4.59926
1436.54	4.74904
1436.66	4.87892
1436.77	4.99144
1436.89	5.075
1437.01	5.11662
1437.13	5.12542
1437.25	5.10505
1437.36	5.04547
1437.48	4.94304
1437.6	4.81264
1437.72	4.63528
1437.84	4.4328
1437.95	4.22273
1438.07	3.98722
1438.19	3.73763
1438.31	3.45133
1438.43	3.14227
1438.54	2.82125
1438.66	2.5029
1438.78	2.15577
1438.9	1.77788
1439.01	1.39228
1439.13	1.02295
1439.25	0.682273
1439.37	0.360208
1439.49	0.0529333
1439.6	-0.252103
1439.72	-0.522255
1439.84	-0.767463
1439.96	-0.972847
1440.07	-1.1387
1440.19	-1.26706
1440.31	-1.35307
1440.43	-1.39543
1440.54	-1.39149
1440.66	-1.36757
1440.78	-1.2865
1440.9	-1.1624
1441.02	-0.982261
1441.13	-0.743079
1441.25	-0.467972
1441.37	-0.126776
1441.49	0.248435
1441.6	0.632099
1441.72	1.01212
1441.84	1.39072
1441.96	1.75119
1442.07	2.09145
1442.19	2.39115
1442.31	2.65259
1442.43	2.91763
1442.54	3.16333
1442.66	3.3826
1442.78	3.55978
1442.9	3.70092
1443.01	3.80451
1443.13	3.86956
1443.25	3.90277
1443.37	3.90754
1443.48	3.88743
1443.6	3.84122
1443.72	3.77707
1443.84	3.69381
1443.95	3.57359
1444.07	3.42906
1444.19	3.2692
1444.31	3.10588
1444.42	2.92531
1444.54	2.7309
1444.66	2.54499
1444.78	2.36211
1444.89	2.18688
1445.01	2.02839
1445.13	1.90494
1445.24	1.8084
1445.36	1.73672
1445.48	1.68818
1445.6	1.66105
1445.71	1.65197
1445.83	1.67071
1445.95	1.73289
1446.07	1.82321
1446.18	1.92703
1446.3	2.03525
1446.42	2.15756
1446.53	2.27552
1446.65	2.41037
1446.77	2.52177
1446.89	2.6272
1447	2.72456
1447.12	2.81664
1447.24	2.90124
1447.36	2.9726
1447.42	2.99736
1447.53	3.03282
1447.65	3.06866
1447.77	3.08874
1447.89	3.12592
1448	3.17198
1448.12	3.20292
1448.24	3.22744
1448.36	3.23076
1448.48	3.22
1448.59	3.21075
1448.71	3.20907
1448.83	3.19214
1448.95	3.1675
1449.06	3.15938
1449.18	3.16634
1449.3	3.18539
1449.42	3.19583
1449.54	3.2005
1449.65	3.19995
1449.77	3.21201
1449.89	3.22413
1450.01	3.23441
1450.13	3.23012
1450.24	3.21364
1450.36	3.19122
1450.48	3.15184
1450.6	3.1009
1450.71	3.00849
1450.83	2.90364
1450.95	2.78941
1451.07	2.6811
1451.18	2.56409
1451.3	2.44746
1451.42	2.34299
1451.54	2.21877
1451.65	2.08932
1451.77	1.95845
1451.89	1.82665
1452.01	1.68467
1452.12	1.53304
1452.24	1.36894
1452.36	1.22717
1452.48	1.122
1452.6	1.03908
1452.71	0.959958
1452.83	0.888108
1452.95	0.822554
1453.07	0.76314
1453.18	0.706302
1453.3	0.64495
1453.42	0.581548
1453.54	0.528357
1453.65	0.481467
1453.77	0.44175
1453.89	0.408615
1454.01	0.358536
1454.12	0.310197
1454.24	0.26664
1454.36	0.228462
1454.47	0.192775
1454.59	0.157327
1454.71	0.140004
1454.83	0.125666
1454.94	0.110721
1455.06	0.104556
1455.18	0.111593
1455.3	0.110055
1455.41	0.0998385
1455.53	0.0870579
1455.65	0.0721431
1455.77	0.0563414
1455.88	0.0538268
1456	0.0917671
1456.12	0.157138
1456.23	0.249372
1456.35	0.353706
1456.47	0.463614
1456.59	0.56587
1456.7	0.672572
1456.82	0.765652
1456.94	0.864892
1457.06	0.970632
1457.17	1.07556
1457.29	1.17319
1457.41	1.25362
1457.52	1.3177
1457.64	1.36966
1457.76	1.42868
1457.88	1.46426
1457.99	1.49413
1458.11	1.49615
1458.23	1.45979
1458.34	1.39713
1458.46	1.30762
1458.58	1.18703
1458.69	1.04737
1458.81	0.899518
1458.93	0.736195
1459.05	0.574491
1459.16	0.418246
1459.28	0.246251
1459.4	0.0818969
1459.51	-0.0839692
1459.63	-0.23342
1459.75	-0.37047
1459.87	-0.480244
1459.98	-0.555028
1460.1	-0.595767
1460.22	-0.584589
1460.33	-0.5152
1460.45	-0.397955
1460.57	-0.24165
1460.68	-0.0246172
1460.8	0.226313
1460.92	0.523006
1461.04	0.86526
1461.15	1.2395
1461.27	1.6367
1461.39	2.05133
1461.5	2.47944
1461.62	2.90255
1461.74	3.32235
1461.85	3.71218
1461.97	4.06679
1462.09	4.38812
1462.2	4.66914
1462.32	4.91787
1462.44	5.13065
1462.55	5.3095
1462.67	5.44267
1462.79	5.54547
1462.9	5.62047
1463.02	5.66059
1463.14	5.66636
1463.25	5.63591
1463.37	5.56851
1463.49	5.46272
1463.6	5.33929
1463.72	5.18862
1463.84	5.0268
1463.95	4.84453
1464.07	4.62822
1464.19	4.39426
1464.3	4.13879
1464.42	3.87387
1464.54	3.59408
1464.65	3.30639
1464.77	3.03346
1464.89	2.76287
1465	2.50046
1465.12	2.26876
1465.24	2.05552
1465.35	1.8563
1465.47	1.66905
1465.59	1.49391
1465.7	1.32653
1465.82	1.16168
1465.94	1.03009
1466.05	0.955075
1466.17	0.924806
1466.29	0.928972
1466.4	0.94925
1466.52	0.992228
1466.64	1.06266
1466.75	1.15564
1466.87	1.2728
1466.98	1.41992
1467.1	1.59843
1467.22	1.80199
1467.33	2.01909
1467.45	2.26132
1467.57	2.52211
1467.68	2.79997
1467.8	3.08555
1467.92	3.35712
1468.03	3.61732
1468.15	3.8585
1468.26	4.08505
1468.38	4.29413
1468.5	4.47475
1468.61	4.6161
1468.73	4.73165
1468.85	4.82016
1468.96	4.88453
1469.08	4.92036
1469.2	4.91242
1469.31	4.85897
1469.43	4.76569
1469.54	4.62434
1469.66	4.44175
1469.78	4.2225
1469.89	3.97285
1470.01	3.69835
1470.13	3.40437
1470.24	3.10214
1470.36	2.78004
1470.47	2.42838
1470.59	2.06562
1470.71	1.70703
1470.82	1.3486
1470.94	0.989425
1471.05	0.656711
1471.17	0.347867
1471.29	0.060603
1471.4	-0.199392
1471.49	-0.377361
1471.61	-0.551017
1471.73	-0.689541
1471.84	-0.78846
1471.96	-0.832728
1472.08	-0.821
1472.19	-0.767279
1472.31	-0.679725
1472.43	-0.574
1472.54	-0.444501
1472.66	-0.2894
1472.78	-0.110644
1472.89	0.0827359
1473.01	0.276442
1473.13	0.469402
1473.24	0.666246
1473.36	0.859402
1473.48	1.06268
1473.59	1.27568
1473.71	1.49732
1473.83	1.72792
1473.94	1.94684
1474.06	2.14232
1474.18	2.31744
1474.29	2.46809
1474.41	2.59522
1474.53	2.69342
1474.64	2.7741
1474.76	2.83782
1474.88	2.88218
1475	2.92286
1475.11	2.96751
1475.23	2.99974
1475.34	3.02199
1475.46	3.0255
1475.58	3.02054
1475.69	2.99503
1475.81	2.94625
1475.93	2.89914
1476.04	2.86099
1476.16	2.8098
1476.28	2.73554
1476.39	2.63387
1476.51	2.5146
1476.63	2.37702
1476.74	2.22181
1476.86	2.06832
1476.98	1.90081
1477.09	1.72569
1477.21	1.5363
1477.33	1.34384
1477.44	1.1731
1477.56	1.00986
1477.68	0.853311
1477.79	0.709012
1477.91	0.584358
1478.02	0.48487
1478.14	0.412852
1478.26	0.36395
1478.37	0.331239
1478.49	0.319017
1478.61	0.324468
1478.72	0.35322
1478.84	0.403776
1478.95	0.471926
1479.07	0.547634
1479.19	0.62634
1479.3	0.710673
1479.42	0.788119
1479.54	0.858361
1479.65	0.919342
1479.77	0.988718
1479.89	1.05758
1480	1.13409
1480.12	1.21055
1480.23	1.27089
1480.35	1.30418
1480.47	1.31198
1480.58	1.30211
1480.7	1.27458
1480.82	1.24197
1480.93	1.20452
1481.05	1.16257
1481.16	1.09489
1481.28	1.00083
1481.4	0.891151
1481.51	0.777175
1481.63	0.663763
1481.74	0.539467
1481.86	0.433977
1481.98	0.348127
1482.09	0.290752
1482.21	0.241816
1482.33	0.192484
1482.44	0.136138
1482.56	0.083303
1482.67	0.0303698
1482.79	-0.0244596
1482.9	-0.0883232
1483.02	-0.167367
1483.14	-0.246065
1483.25	-0.310901
1483.37	-0.351859
1483.49	-0.359673
1483.6	-0.347818
1483.72	-0.294606
1483.83	-0.215311
1483.95	-0.124032
1484.06	-0.0230629
1484.18	0.0893992
1484.3	0.208204
1484.41	0.348352
1484.53	0.510141
1484.64	0.691683
1484.76	0.873192
1484.88	1.06032
1484.99	1.25525
1485.11	1.45363
1485.22	1.64623
1485.34	1.8353
1485.46	2.02654
1485.57	2.22585
1485.69	2.41961
1485.8	2.61472
1485.92	2.81165
1486.03	3.00943
1486.15	3.1925
1486.27	3.37153
1486.38	3.54707
1486.5	3.72259
1486.61	3.89987
1486.73	4.0862
1486.84	4.27757
1486.96	4.45092
1487.08	4.59708
1487.19	4.72691
1487.31	4.84974
1487.42	4.95061
1487.54	5.01452
1487.65	5.05095
1487.77	5.06744
1487.89	5.07842
1488	5.07795
1488.12	5.06138
1488.23	5.02775
1488.35	4.98208
1488.46	4.92427
1488.58	4.85637
1488.69	4.78259
1488.81	4.70777
1488.93	4.63475
1489.04	4.56897
1489.16	4.51247
1489.27	4.47078
1489.39	4.44186
1489.5	4.43005
1489.62	4.4465
1489.73	4.5148
1489.85	4.62591
1489.97	4.77123
1490.08	4.9309
1490.2	5.10504
1490.31	5.29954
1490.43	5.49596
1490.54	5.69573
1490.66	5.90135
1490.77	6.11839
1490.89	6.32959
1491	6.52206
1491.12	6.68661
1491.24	6.83018
1491.35	6.95375
1491.47	7.07423
1491.58	7.17458
1491.7	7.25843
1491.81	7.33617
1491.93	7.40185
1492.04	7.45136
1492.16	7.48072
1492.27	7.49594
1492.39	7.49323
1492.5	7.47095
1492.62	7.43788
1492.73	7.39123
1492.85	7.33721
1492.96	7.27444
1493.08	7.21227
1493.2	7.15235
1493.31	7.09362
1493.43	7.03301
1493.54	6.97606
1493.66	6.94301
1493.77	6.91424
1493.89	6.89202
1494	6.87549
1494.12	6.86864
1494.23	6.87982
1494.35	6.94523
1494.46	7.03989
1494.58	7.15546
1494.69	7.2763
1494.81	7.42058
1494.92	7.56475
1495.04	7.68091
1495.15	7.7921
1495.27	7.89013
1495.38	8.06351
1495.5	8.23127
1495.61	8.38487
1495.73	8.51878
1495.84	8.62587
1495.96	8.70589
1496.07	8.75792
1496.19	8.7787
1496.3	8.76658
1496.31	8.75786
1496.43	8.70253
1496.54	8.60231
1496.66	8.45588
1496.77	8.27372
1496.89	8.0616
1497.01	7.80397
1497.12	7.51709
1497.24	7.23162
1497.35	6.95218
1497.47	6.67018
1497.59	6.38591
1497.7	6.08652
1497.82	5.78441
1497.93	5.483
1498.05	5.18605
1498.16	4.90151
1498.28	4.63855
1498.39	4.40591
1498.51	4.21727
1498.63	4.09023
1498.74	4.04396
1498.86	4.08589
1498.97	4.22409
1499.09	4.47441
1499.2	4.8551
1499.32	5.4111
1499.43	6.24583
1499.55	7.46054
1499.67	9.20765
1499.78	11.7539
1499.9	15.4557
1499.95	17.8498
1499.99	19.8065
