1060.01	-9.53133
1060.14	-4.17437
1060.28	-0.42088
1060.41	2.00775
1060.55	3.42612
1060.68	4.04164
1060.82	4.06604
1060.95	3.69216
1061.09	3.07694
1061.22	2.34498
1061.36	1.58362
1061.49	0.895361
1061.63	0.315366
1061.76	-0.124653
1061.9	-0.402171
1062.03	-0.520949
1062.17	-0.495388
1062.3	-0.344568
1062.44	-0.0842553
1062.57	0.268718
1062.71	0.680238
1062.84	1.12822
1062.98	1.60631
1063.11	2.11992
1063.25	2.62088
1063.38	3.10373
1063.52	3.57456
1063.65	3.99478
1063.79	4.35366
1063.92	4.64735
1064.06	4.88592
1064.19	5.0656
1064.33	5.189
1064.46	5.25685
1064.6	5.27463
1064.73	5.247
1064.87	5.17275
1065	5.05211
1065.14	4.89142
1065.27	4.69222
1065.41	4.45778
1065.54	4.1945
1065.68	3.9144
1065.81	3.62909
1065.95	3.28848
1066.08	2.92592
1066.22	2.60766
1066.35	2.32421
1066.49	2.05899
1066.62	1.81639
1066.76	1.59242
1066.89	1.37152
1067.02	1.18508
1067.16	1.04052
1067.29	0.929128
1067.43	0.843753
1067.56	0.786752
1067.7	0.732927
1067.83	0.693858
1067.97	0.662173
1068.1	0.646498
1068.24	0.638556
1068.37	0.630237
1068.51	0.624287
1068.64	0.624838
1068.78	0.630924
1068.91	0.636604
1069.05	0.642378
1069.18	0.651138
1069.31	0.657534
1069.45	0.666195
1069.58	0.682291
1069.72	0.699811
1069.85	0.716638
1069.99	0.741641
1070.12	0.781102
1070.26	0.835749
1070.39	0.891495
1070.52	0.954998
1070.66	1.03039
1070.79	1.10561
1070.93	1.17185
1071.06	1.23263
1071.2	1.29939
1071.33	1.37814
1071.47	1.46526
1071.6	1.55703
1071.73	1.65419
1071.87	1.74864
1072	1.84694
1072.14	1.93561
1072.27	2.02073
1072.41	2.1216
1072.54	2.2248
1072.68	2.33883
1072.81	2.44491
1072.94	2.54447
1073.08	2.65032
1073.21	2.74519
1073.35	2.84088
1073.48	2.93033
1073.61	3.02039
1073.75	3.10037
1073.88	3.17761
1074.02	3.2453
1074.15	3.30194
1074.29	3.36395
1074.42	3.41531
1074.55	3.44177
1074.69	3.43672
1074.82	3.43156
1074.96	3.40878
1075.09	3.36066
1075.23	3.31712
1075.36	3.27221
1075.49	3.22792
1075.63	3.17918
1075.76	3.14446
1075.9	3.11473
1076.03	3.09873
1076.16	3.08379
1076.3	3.05978
1076.43	3.0263
1076.57	2.99146
1076.7	2.93146
1076.83	2.84251
1076.97	2.73555
1077.1	2.62534
1077.24	2.52483
1077.37	2.42199
1077.5	2.32825
1077.64	2.24397
1077.77	2.17159
1077.91	2.0981
1078.04	2.04369
1078.17	2.00461
1078.31	1.97002
1078.44	1.94202
1078.58	1.93285
1078.71	1.9473
1078.84	1.99036
1078.98	2.05884
1079.11	2.14671
1079.24	2.25228
1079.38	2.38789
1079.51	2.55257
1079.65	2.74755
1079.78	2.95203
1079.91	3.16115
1080.05	3.38793
1080.18	3.63844
1080.32	3.88901
1080.45	4.13135
1080.58	4.36891
1080.72	4.59599
1080.85	4.8068
1080.98	5.0014
1081.12	5.18494
1081.25	5.33391
1081.39	5.4484
1081.52	5.53921
1081.65	5.60682
1081.79	5.63631
1081.92	5.61816
1082.05	5.57119
1082.19	5.4847
1082.32	5.34967
1082.45	5.17377
1082.59	4.97332
1082.72	4.77028
1082.85	4.55411
1082.99	4.31236
1083.12	4.04406
1083.26	3.75712
1083.39	3.45781
1083.52	3.15233
1083.66	2.84144
1083.79	2.53337
1083.92	2.24316
1084.06	1.96081
1084.19	1.69348
1084.32	1.4379
1084.46	1.21378
1084.59	1.02115
1084.72	0.857615
1084.86	0.737357
1084.99	0.634947
1085.12	0.575945
1085.26	0.545933
1085.39	0.552318
1085.52	0.573133
1085.66	0.605483
1085.79	0.656664
1085.92	0.727668
1086.06	0.795965
1086.19	0.864452
1086.32	0.952064
1086.46	1.02735
1086.59	1.08453
1086.72	1.13069
1086.86	1.14261
1086.99	1.13954
1087.12	1.11813
1087.26	1.08647
1087.39	1.03882
1087.52	0.984745
1087.66	0.909855
1087.79	0.812919
1087.92	0.696013
1088.06	0.561358
1088.19	0.392044
1088.32	0.208524
1088.46	0.0314655
1088.59	-0.134266
1088.72	-0.288915
1088.79	-0.362866
1088.92	-0.503248
1089.06	-0.620864
1089.19	-0.708434
1089.33	-0.786896
1089.46	-0.826831
1089.59	-0.854644
1089.73	-0.872397
1089.86	-0.869037
1090	-0.847927
1090.13	-0.797169
1090.26	-0.720721
1090.4	-0.617051
1090.53	-0.49708
1090.67	-0.363058
1090.8	-0.218401
1090.93	-0.0594347
1091.07	0.0971165
1091.2	0.239379
1091.33	0.372323
1091.47	0.519158
1091.6	0.658665
1091.73	0.772786
1091.87	0.86527
1092	0.941299
1092.14	1.00121
1092.27	1.04641
1092.4	1.07007
1092.54	1.08673
1092.67	1.076
1092.8	1.05994
1092.94	1.03663
1093.07	0.990541
1093.21	0.936722
1093.34	0.889999
1093.47	0.847263
1093.61	0.803311
1093.74	0.765846
1093.87	0.740585
1094.01	0.7518
1094.14	0.798753
1094.27	0.857819
1094.41	0.92378
1094.54	1.00652
1094.67	1.10176
1094.81	1.21513
1094.94	1.33957
1095.07	1.48734
1095.21	1.65256
1095.34	1.84396
1095.47	2.05024
1095.61	2.2894
1095.74	2.55364
1095.87	2.84135
1096.01	3.14833
1096.14	3.47011
1096.28	3.79924
1096.41	4.11488
1096.54	4.43925
1096.68	4.72918
1096.81	4.98234
1096.94	5.19504
1097.08	5.37219
1097.21	5.52559
1097.34	5.66177
1097.47	5.75618
1097.61	5.83543
1097.74	5.9004
1097.88	5.92064
1098.01	5.91117
1098.14	5.87188
1098.27	5.8003
1098.41	5.7221
1098.54	5.62803
1098.67	5.52486
1098.81	5.41227
1098.94	5.29508
1099.07	5.16293
1099.21	5.03039
1099.34	4.89467
1099.47	4.74721
1099.61	4.59008
1099.74	4.4499
1099.87	4.32962
1100.01	4.22125
1100.14	4.11912
1100.27	4.02581
1100.4	3.94057
1100.54	3.87309
1100.67	3.82244
1100.8	3.77742
1100.94	3.75052
1101.07	3.72488
1101.2	3.70346
1101.34	3.69271
1101.47	3.67567
1101.6	3.65717
1101.73	3.63474
1101.87	3.61879
1102	3.59837
1102.13	3.57255
1102.27	3.53794
1102.4	3.50757
1102.53	3.47359
1102.67	3.42916
1102.8	3.38978
1102.93	3.37429
1103.06	3.34732
1103.2	3.31938
1103.33	3.28198
1103.46	3.24233
1103.6	3.20219
1103.73	3.17005
1103.86	3.13518
1103.99	3.09534
1104.13	3.04808
1104.26	2.99766
1104.39	2.94372
1104.53	2.87595
1104.66	2.83381
1104.79	2.79944
1104.92	2.76564
1105.06	2.74631
1105.19	2.74573
1105.32	2.77575
1105.45	2.85985
1105.59	2.97612
1105.72	3.1189
1105.85	3.27417
1105.98	3.44085
1106.12	3.60871
1106.25	3.77625
1106.38	3.94307
1106.52	4.11753
1106.65	4.29464
1106.78	4.48625
1106.91	4.69261
1107.05	4.91655
1107.18	5.14215
1107.31	5.37548
1107.44	5.6239
1107.58	5.87452
1107.71	6.11676
1107.84	6.35752
1107.97	6.59011
1108.11	6.79385
1108.24	6.9727
1108.37	7.12337
1108.5	7.24014
1108.64	7.33916
1108.77	7.41398
1108.9	7.45825
1109.03	7.48689
1109.17	7.48868
1109.3	7.45799
1109.43	7.40059
1109.56	7.30473
1109.7	7.1782
1109.83	7.03858
1109.96	6.86518
1110.09	6.66057
1110.22	6.43292
1110.36	6.1935
1110.49	5.93652
1110.62	5.66707
1110.75	5.37301
1110.89	5.05499
1111.02	4.73854
1111.15	4.43522
1111.28	4.12584
1111.42	3.81122
1111.55	3.5018
1111.68	3.19926
1111.81	2.8985
1111.94	2.62701
1112.08	2.3798
1112.21	2.15933
1112.34	1.98534
1112.47	1.85291
1112.6	1.7527
1112.74	1.68407
1112.87	1.63984
1113	1.62973
1113.13	1.65998
1113.27	1.73574
1113.4	1.84623
1113.53	1.975
1113.66	2.11882
1113.79	2.28691
1113.93	2.47827
1114.06	2.68207
1114.19	2.90646
1114.32	3.15248
1114.45	3.39674
1114.59	3.64653
1114.72	3.89916
1114.85	4.16199
1114.98	4.43354
1115.11	4.72151
1115.25	5.01382
1115.38	5.30068
1115.51	5.57807
1115.64	5.83672
1115.77	6.08689
1115.91	6.31697
1116.03	6.52597
1116.16	6.70287
1116.3	6.84631
1116.43	6.96325
1116.56	7.05489
1116.7	7.13162
1116.83	7.19256
1116.96	7.23259
1117.09	7.25151
1117.23	7.23433
1117.36	7.18398
1117.49	7.10269
1117.62	6.99643
1117.76	6.86497
1117.89	6.70456
1118.02	6.53465
1118.15	6.35918
1118.29	6.17333
1118.42	5.97241
1118.55	5.75351
1118.68	5.54047
1118.82	5.3372
1118.95	5.13131
1119.08	4.93283
1119.21	4.75862
1119.35	4.60265
1119.48	4.46853
1119.61	4.35021
1119.74	4.23363
1119.88	4.12461
1120.01	4.05359
1120.14	4.00338
1120.27	3.97902
1120.41	3.98265
1120.54	4.01852
1120.67	4.07209
1120.8	4.12653
1120.94	4.18682
1121.07	4.26483
1121.2	4.35872
1121.33	4.44772
1121.46	4.5438
1121.6	4.65773
1121.73	4.78887
1121.86	4.92689
1121.99	5.06969
1122.13	5.21191
1122.26	5.36917
1122.39	5.55159
1122.52	5.75134
1122.66	5.95631
1122.79	6.15816
1122.92	6.35403
1123.05	6.54282
1123.18	6.72596
1123.32	6.90056
1123.45	7.06012
1123.58	7.20508
1123.71	7.3452
1123.84	7.46481
1123.98	7.56255
1124.11	7.64357
1124.24	7.70539
1124.37	7.75495
1124.5	7.80904
1124.64	7.86048
1124.77	7.89531
1124.9	7.89923
1125.03	7.88657
1125.16	7.85436
1125.3	7.81524
1125.43	7.76095
1125.56	7.69118
1125.69	7.6199
1125.82	7.53819
1125.96	7.44449
1126.09	7.35316
1126.22	7.26334
1126.35	7.17782
1126.48	7.11005
1126.62	7.05159
1126.75	6.99616
1126.88	6.9387
1127.01	6.89772
1127.14	6.87978
1127.28	6.87075
1127.41	6.8649
1127.54	6.86404
1127.67	6.87397
1127.8	6.88866
1127.94	6.90898
1128.07	6.93447
1128.2	6.95927
1128.33	6.99015
1128.46	7.01309
1128.59	7.02014
1128.73	7.01949
1128.86	7.01681
1128.99	6.99747
1129.12	6.96164
1129.25	6.91763
1129.38	6.87025
1129.52	6.81365
1129.65	6.73949
1129.78	6.63388
1129.91	6.49574
1130.04	6.34541
1130.17	6.17022
1130.31	5.95921
1130.44	5.71944
1130.57	5.46524
1130.7	5.20615
1130.83	4.94179
1130.96	4.66465
1131.1	4.36642
1131.23	4.07361
1131.36	3.81363
1131.49	3.56667
1131.62	3.34725
1131.75	3.16617
1131.89	3.02497
1132.02	2.90619
1132.15	2.81345
1132.28	2.76718
1132.41	2.76047
1132.54	2.788
1132.67	2.84463
1132.81	2.93804
1132.94	3.06284
1133.07	3.20468
1133.2	3.3562
1133.33	3.51328
1133.46	3.68547
1133.59	3.87332
1133.73	4.06649
1133.86	4.26476
1133.99	4.44663
1134.12	4.6009
1134.25	4.74666
1134.38	4.88933
1134.51	5.00776
1134.64	5.07961
1134.78	5.12808
1134.91	5.15546
1135.04	5.16469
1135.17	5.14385
1135.3	5.09936
1135.43	5.03727
1135.56	4.95917
1135.69	4.87565
1135.83	4.80301
1135.96	4.7257
1136.09	4.63804
1136.22	4.52834
1136.35	4.40565
1136.48	4.26641
1136.61	4.1337
1136.74	4.0156
1136.88	3.91
1137.01	3.82652
1137.14	3.76663
1137.27	3.72781
1137.4	3.71499
1137.53	3.72466
1137.66	3.76087
1137.79	3.83459
1137.92	3.93244
1138.06	4.04765
1138.19	4.18313
1138.32	4.34957
1138.45	4.53722
1138.58	4.74009
1138.71	4.96734
1138.84	5.21848
1138.97	5.48675
1139.1	5.77022
1139.23	6.07948
1139.37	6.41321
1139.5	6.74952
1139.63	7.07596
1139.76	7.38778
1139.89	7.6717
1140.02	7.9474
1140.15	8.20299
1140.28	8.43404
1140.41	8.64417
1140.54	8.83829
1140.67	9.00955
1140.81	9.16903
1140.94	9.29521
1141.07	9.37606
1141.2	9.42437
1141.33	9.44913
1141.46	9.43877
1141.59	9.38481
1141.72	9.29695
1141.85	9.18499
1141.98	9.05557
1142.11	8.91431
1142.24	8.74975
1142.37	8.55562
1142.51	8.34807
1142.55	8.29397
1142.68	8.0678
1142.81	7.84171
1142.94	7.60649
1143.08	7.35762
1143.21	7.08391
1143.34	6.81166
1143.47	6.5473
1143.6	6.27094
1143.73	6.00049
1143.86	5.7431
1144	5.51029
1144.13	5.28703
1144.26	5.06648
1144.39	4.8608
1144.52	4.67426
1144.65	4.50783
1144.78	4.35986
1144.92	4.22812
1145.05	4.12534
1145.18	4.0332
1145.31	3.95325
1145.44	3.89152
1145.57	3.83814
1145.7	3.77907
1145.83	3.71138
1145.97	3.65882
1146.1	3.60702
1146.23	3.5572
1146.36	3.50451
1146.49	3.45774
1146.62	3.42165
1146.75	3.39621
1146.88	3.38052
1147.02	3.38593
1147.15	3.39467
1147.28	3.39279
1147.41	3.37064
1147.54	3.33244
1147.67	3.28633
1147.8	3.2517
1147.93	3.22873
1148.06	3.21161
1148.19	3.2066
1148.33	3.20297
1148.46	3.20963
1148.59	3.2171
1148.72	3.23019
1148.85	3.248
1148.98	3.27631
1149.11	3.30374
1149.24	3.32556
1149.37	3.3331
1149.51	3.32513
1149.64	3.29055
1149.77	3.22845
1149.9	3.15987
1150.03	3.08177
1150.16	2.98879
1150.29	2.89747
1150.42	2.80628
1150.55	2.72761
1150.68	2.63661
1150.81	2.5405
1150.95	2.45946
1151.08	2.38883
1151.21	2.35283
1151.34	2.32844
1151.47	2.3323
1151.6	2.36523
1151.73	2.42662
1151.86	2.52917
1151.99	2.67173
1152.12	2.84599
1152.25	3.04648
1152.38	3.27412
1152.52	3.52135
1152.65	3.77257
1152.78	4.02335
1152.91	4.27186
1153.04	4.52237
1153.17	4.78697
1153.3	5.06118
1153.43	5.31805
1153.56	5.56349
1153.69	5.7995
1153.82	6.02159
1153.95	6.24977
1154.08	6.46907
1154.21	6.65649
1154.34	6.82903
1154.48	6.96906
1154.61	7.08079
1154.74	7.1526
1154.87	7.18435
1155	7.20208
1155.13	7.20048
1155.26	7.17739
1155.39	7.12108
1155.52	7.03413
1155.65	6.92772
1155.78	6.81245
1155.91	6.69154
1156.04	6.58094
1156.17	6.4854
1156.3	6.40863
1156.43	6.33144
1156.56	6.25854
1156.69	6.19803
1156.82	6.14755
1156.96	6.10891
1157.09	6.07744
1157.22	6.06248
1157.35	6.06758
1157.48	6.10619
1157.61	6.16276
1157.74	6.24396
1157.87	6.34732
1158	6.47294
1158.13	6.60542
1158.26	6.75127
1158.39	6.89559
1158.52	7.02664
1158.65	7.14413
1158.78	7.23867
1158.91	7.32303
1159.04	7.38874
1159.17	7.41054
1159.3	7.40335
1159.43	7.37496
1159.56	7.33537
1159.69	7.26601
1159.82	7.15928
1159.95	7.03928
1160.08	6.90899
1160.21	6.77549
1160.34	6.64368
1160.47	6.49832
1160.6	6.3293
1160.73	6.14997
1160.86	5.95779
1160.99	5.77026
1161.12	5.59605
1161.25	5.41362
1161.38	5.224
1161.51	5.04195
1161.64	4.86246
1161.77	4.69613
1161.9	4.51719
1162.03	4.33954
1162.16	4.18358
1162.29	4.02981
1162.42	3.88891
1162.55	3.75291
1162.68	3.6388
1162.81	3.5334
1162.94	3.44763
1163.07	3.39425
1163.2	3.37491
1163.33	3.38564
1163.46	3.42814
1163.59	3.48832
1163.72	3.56478
1163.85	3.66097
1163.98	3.76932
1164.11	3.8847
1164.24	4.01392
1164.37	4.15738
1164.5	4.30681
1164.63	4.46052
1164.76	4.61845
1164.89	4.782
1165.02	4.94886
1165.15	5.14334
1165.28	5.35064
1165.41	5.56031
1165.54	5.78528
1165.67	5.99258
1165.8	6.18146
1165.93	6.36122
1166.06	6.53511
1166.19	6.70112
1166.32	6.84272
1166.45	6.96413
1166.58	7.05656
1166.71	7.1197
1166.84	7.16538
1166.97	7.19726
1167.1	7.21247
1167.23	7.21937
1167.36	7.21883
1167.49	7.20528
1167.62	7.17291
1167.75	7.12721
1167.88	7.05582
1168.01	6.9527
1168.14	6.8349
1168.27	6.7063
1168.39	6.57022
1168.49	6.47743
1168.62	6.34184
1168.75	6.19511
1168.88	6.05309
1169.01	5.91508
1169.14	5.7691
1169.27	5.61653
1169.4	5.48209
1169.53	5.36753
1169.66	5.25792
1169.79	5.15906
1169.92	5.06643
1170.05	4.99548
1170.18	4.9267
1170.31	4.85873
1170.44	4.82186
1170.57	4.79547
1170.7	4.77975
1170.83	4.76446
1170.96	4.76111
1171.09	4.78007
1171.22	4.8049
1171.35	4.82573
1171.48	4.85748
1171.61	4.8686
1171.74	4.87529
1171.87	4.87157
1172	4.86418
1172.13	4.86033
1172.26	4.84412
1172.39	4.8129
1172.52	4.77656
1172.65	4.74073
1172.78	4.70239
1172.91	4.6541
1173.04	4.58557
1173.17	4.50898
1173.3	4.4236
1173.43	4.31675
1173.56	4.21396
1173.69	4.12439
1173.82	4.04108
1173.95	3.95711
1174.08	3.88863
1174.21	3.82549
1174.34	3.76971
1174.47	3.73023
1174.6	3.70904
1174.73	3.69354
1174.86	3.69596
1174.99	3.71998
1175.12	3.75677
1175.25	3.80599
1175.38	3.86046
1175.51	3.91369
1175.64	3.96385
1175.77	4.01841
1175.9	4.07095
1176.03	4.13756
1176.16	4.21228
1176.29	4.30206
1176.42	4.40348
1176.55	4.50953
1176.68	4.6208
1176.81	4.71384
1176.94	4.80033
1177.07	4.89093
1177.2	4.98403
1177.33	5.07739
1177.46	5.16091
1177.59	5.25072
1177.72	5.33395
1177.85	5.41008
1177.98	5.47075
1178.11	5.52498
1178.24	5.57829
1178.37	5.63935
1178.5	5.7055
1178.63	5.77129
1178.75	5.84179
1178.88	5.91425
1179.01	5.97421
1179.14	6.03993
1179.27	6.13035
1179.4	6.23941
1179.53	6.3634
1179.66	6.50745
1179.79	6.66397
1179.92	6.82628
1180.05	7.00628
1180.18	7.19133
1180.31	7.37015
1180.44	7.54964
1180.57	7.72955
1180.7	7.89063
1180.83	8.00762
1180.96	8.1041
1181.09	8.16249
1181.22	8.18837
1181.35	8.17826
1181.48	8.13687
1181.6	8.05823
1181.73	7.92984
1181.86	7.77755
1181.99	7.59244
1182.12	7.37796
1182.25	7.13403
1182.38	6.85913
1182.51	6.56219
1182.64	6.26059
1182.77	5.92801
1182.9	5.59731
1183.03	5.25368
1183.16	4.91911
1183.29	4.59493
1183.41	4.2827
1183.54	3.98445
1183.67	3.69655
1183.8	3.43543
1183.93	3.19541
1184.06	2.96604
1184.19	2.75313
1184.32	2.54325
1184.45	2.35113
1184.58	2.18143
1184.71	2.04727
1184.84	1.95156
1184.97	1.88883
1185.09	1.8593
1185.22	1.86238
1185.35	1.88909
1185.48	1.95622
1185.61	2.05
1185.74	2.15366
1185.87	2.27914
1186	2.44306
1186.13	2.64663
1186.26	2.87089
1186.39	3.10051
1186.51	3.31968
1186.64	3.5299
1186.77	3.74415
1186.9	3.96462
1187.03	4.18372
1187.16	4.40009
1187.29	4.59369
1187.42	4.76695
1187.55	4.93491
1187.68	5.07967
1187.8	5.18269
1187.93	5.24091
1188.06	5.26366
1188.19	5.25416
1188.32	5.22112
1188.45	5.15187
1188.58	5.05511
1188.71	4.94334
1188.84	4.79765
1188.96	4.61202
1189.09	4.39243
1189.22	4.15916
1189.35	3.9029
1189.48	3.61478
1189.61	3.28929
1189.74	2.93635
1189.87	2.56858
1189.99	2.16497
1190.12	1.73898
1190.25	1.30861
1190.38	0.882838
1190.51	0.456596
1190.64	0.0313497
1190.77	-0.39577
1190.9	-0.816484
1191.02	-1.21377
1191.15	-1.56539
1191.28	-1.86916
1191.41	-2.12655
1191.54	-2.34027
1191.67	-2.50219
1191.8	-2.61139
1191.92	-2.66239
1192.05	-2.64752
1192.18	-2.57988
1192.31	-2.45306
1192.44	-2.24721
1192.57	-1.97422
1192.7	-1.63414
1192.83	-1.23414
1192.95	-0.784571
1193.08	-0.316517
1193.21	0.174529
1193.34	0.693065
1193.47	1.22742
1193.6	1.75793
1193.72	2.27825
1193.85	2.78878
1193.98	3.30952
1194.11	3.82165
1194.24	4.321
1194.37	4.79382
1194.5	5.25552
1194.62	5.69714
1194.75	6.1011
1194.88	6.47828
1195.01	6.8199
1195.14	7.12024
1195.27	7.38177
1195.4	7.60019
1195.52	7.78461
1195.54	7.82114
1195.67	7.94491
1195.8	8.0338
1195.93	8.08896
1196.06	8.10754
1196.19	8.09453
1196.32	8.04858
1196.45	7.97049
1196.58	7.83667
1196.7	7.6691
1196.83	7.48921
1196.96	7.29329
1197.09	7.06276
1197.22	6.7912
1197.35	6.4922
1197.48	6.17668
1197.61	5.84757
1197.74	5.5326
1197.87	5.21167
1197.99	4.89371
1198.12	4.57576
1198.25	4.26754
1198.38	3.98509
1198.51	3.73758
1198.64	3.49357
1198.77	3.24921
1198.9	3.02105
1199.03	2.80612
1199.15	2.60404
1199.28	2.41768
1199.41	2.23542
1199.54	2.07654
1199.67	1.93713
1199.8	1.81115
1199.93	1.69673
1200.06	1.61644
1200.19	1.55143
1200.31	1.49271
1200.44	1.43501
1200.57	1.37321
1200.7	1.31767
1200.83	1.27553
1200.96	1.23741
1201.09	1.22748
1201.22	1.22251
1201.34	1.22482
1201.47	1.23131
1201.6	1.22746
1201.73	1.21103
1201.86	1.1817
1201.99	1.15222
1202.12	1.13501
1202.24	1.11507
1202.37	1.08652
1202.5	1.04052
1202.63	0.988463
1202.76	0.928099
1202.89	0.850652
1203.02	0.748748
1203.15	0.631401
1203.27	0.505049
1203.4	0.402347
1203.53	0.322536
1203.66	0.268925
1203.79	0.233849
1203.92	0.214752
1204.04	0.204456
1204.17	0.208787
1204.3	0.230493
1204.43	0.257769
1204.56	0.283026
1204.69	0.331306
1204.82	0.402269
1204.94	0.501946
1205.07	0.609719
1205.2	0.71024
1205.33	0.813619
1205.46	0.938071
1205.59	1.06477
1205.71	1.18635
1205.84	1.30669
1205.97	1.42208
1206.1	1.54116
1206.23	1.66243
1206.36	1.78134
1206.48	1.88898
1206.61	1.98408
1206.74	2.08436
1206.87	2.18819
1207	2.293
1207.13	2.39481
1207.25	2.50815
1207.38	2.63524
1207.51	2.77274
1207.64	2.92937
1207.77	3.1036
1207.9	3.28157
1208.02	3.44538
1208.15	3.59136
1208.28	3.72061
1208.41	3.83905
1208.54	3.94636
1208.67	4.03342
1208.79	4.10962
1208.92	4.14753
1209.05	4.17778
1209.18	4.18676
1209.31	4.17959
1209.43	4.15073
1209.56	4.10579
1209.69	4.02231
1209.82	3.91519
1209.95	3.79311
1210.07	3.64115
1210.2	3.46988
1210.33	3.27313
1210.46	3.06316
1210.59	2.84763
1210.71	2.63031
1210.84	2.4166
1210.97	2.20054
1211.1	2.0077
1211.23	1.82002
1211.35	1.64722
1211.48	1.49387
1211.61	1.35448
1211.74	1.23334
1211.87	1.15195
1211.99	1.09422
1212.12	1.08728
1212.25	1.1191
1212.38	1.20141
1212.51	1.33415
1212.63	1.50146
1212.76	1.69651
1212.89	1.91594
1213.02	2.16757
1213.14	2.44977
1213.27	2.75087
1213.4	3.06401
1213.53	3.37688
1213.66	3.69726
1213.78	4.01383
1213.91	4.31044
1214.04	4.57995
1214.17	4.81693
1214.29	5.01773
1214.42	5.20315
1214.55	5.36354
1214.68	5.48979
1214.81	5.57966
1214.93	5.62578
1215.06	5.63201
1215.19	5.60323
1215.32	5.54061
1215.44	5.44667
1215.57	5.34271
1215.7	5.23651
1215.83	5.11288
1215.95	4.98089
1216.08	4.84757
1216.21	4.7203
1216.34	4.61579
1216.46	4.53884
1216.59	4.47956
1216.72	4.44234
1216.85	4.4322
1216.97	4.4498
1217.1	4.50489
1217.23	4.58018
1217.36	4.6707
1217.49	4.78146
1217.61	4.91111
1217.74	5.05868
1217.87	5.20622
1217.99	5.35205
1218.12	5.4926
1218.25	5.62878
1218.38	5.75257
1218.5	5.86175
1218.63	5.95658
1218.76	6.02536
1218.89	6.07417
1219.01	6.08829
1219.14	6.06287
1219.27	5.98783
1219.4	5.88869
1219.52	5.77295
1219.65	5.62387
1219.78	5.45086
1219.91	5.25575
1220.03	5.06115
1220.16	4.84039
1220.29	4.60772
1220.41	4.37127
1220.54	4.13418
1220.67	3.88619
1220.8	3.64193
1220.92	3.41477
1221.05	3.20082
1221.18	3.01848
1221.3	2.87057
1221.34	2.84828
1221.46	2.74336
1221.59	2.67492
1221.72	2.63613
1221.85	2.62496
1221.98	2.64814
1222.1	2.69261
1222.23	2.76008
1222.36	2.8471
1222.49	2.95088
1222.62	3.06153
1222.74	3.18337
1222.87	3.30229
1223	3.45295
1223.13	3.61986
1223.26	3.80639
1223.38	3.99624
1223.51	4.17464
1223.64	4.33154
1223.77	4.46548
1223.89	4.56006
1224.02	4.61802
1224.15	4.64289
1224.28	4.63907
1224.41	4.60792
1224.53	4.55615
1224.66	4.48348
1224.79	4.38431
1224.92	4.2544
1225.04	4.10261
1225.17	3.93766
1225.3	3.76744
1225.43	3.58672
1225.56	3.39406
1225.68	3.19104
1225.81	2.98443
1225.94	2.79728
1226.07	2.63437
1226.19	2.48678
1226.32	2.3618
1226.45	2.26633
1226.58	2.17956
1226.7	2.1111
1226.83	2.07373
1226.96	2.03566
1227.09	2.0206
1227.21	2.0323
1227.34	2.05213
1227.47	2.07095
1227.6	2.09809
1227.72	2.13295
1227.85	2.16803
1227.98	2.19749
1228.11	2.21226
1228.23	2.23038
1228.36	2.25599
1228.49	2.28933
1228.62	2.34029
1228.74	2.39927
1228.87	2.47802
1229	2.55998
1229.13	2.63307
1229.25	2.69211
1229.38	2.74146
1229.51	2.77952
1229.64	2.82044
1229.76	2.85744
1229.89	2.87519
1230.02	2.88059
1230.15	2.87744
1230.27	2.88142
1230.4	2.87857
1230.53	2.85574
1230.66	2.81422
1230.78	2.76021
1230.91	2.70072
1231.04	2.62243
1231.17	2.52204
1231.29	2.399
1231.42	2.24014
1231.55	2.05004
1231.67	1.84381
1231.8	1.63557
1231.93	1.43766
1232.06	1.26999
1232.18	1.12094
1232.31	0.996527
1232.44	0.897328
1232.56	0.81955
1232.69	0.748956
1232.82	0.681298
1232.95	0.614076
1233.07	0.548466
1233.2	0.481976
1233.33	0.421801
1233.45	0.371518
1233.58	0.316951
1233.71	0.270238
1233.84	0.247674
1233.96	0.257743
1234.09	0.289145
1234.22	0.337744
1234.34	0.397698
1234.47	0.486942
1234.6	0.599307
1234.72	0.728011
1234.85	0.862977
1234.98	1.01618
1235.11	1.19917
1235.23	1.40899
1235.36	1.64056
1235.49	1.87953
1235.61	2.12735
1235.74	2.37255
1235.87	2.61528
1235.99	2.85974
1236.12	3.08905
1236.25	3.28774
1236.37	3.4554
1236.5	3.60372
1236.63	3.72151
1236.76	3.82642
1236.88	3.92749
1237.01	4.01957
1237.14	4.07851
1237.26	4.11891
1237.39	4.1474
1237.52	4.15697
1237.64	4.16385
1237.77	4.15273
1237.9	4.13549
1238.02	4.12786
1238.15	4.12739
1238.28	4.11868
1238.4	4.10806
1238.53	4.10539
1238.66	4.10458
1238.78	4.10754
1238.91	4.09625
1239.04	4.0712
1239.16	4.0474
1239.29	4.01316
1239.42	3.99371
1239.54	3.98648
1239.67	3.99302
1239.8	4.02205
1239.92	4.04338
1240.05	4.05574
1240.18	4.05435
1240.3	4.0408
1240.43	4.01293
1240.56	3.97881
1240.68	3.92715
1240.81	3.86667
1240.94	3.81783
1241.06	3.78972
1241.19	3.76999
1241.32	3.75072
1241.44	3.73878
1241.57	3.72775
1241.7	3.73634
1241.82	3.74732
1241.95	3.75138
1242.08	3.72872
1242.2	3.68583
1242.33	3.61554
1242.45	3.52121
1242.58	3.40267
1242.71	3.27773
1242.83	3.17093
1242.96	3.06984
1243.09	2.96529
1243.21	2.88394
1243.34	2.81961
1243.47	2.75223
1243.59	2.69186
1243.72	2.6435
1243.84	2.61
1243.97	2.5925
1244.1	2.5839
1244.22	2.60346
1244.35	2.6448
1244.48	2.70086
1244.6	2.78071
1244.73	2.87039
1244.85	2.96885
1244.98	3.07531
1245.11	3.18483
1245.23	3.30262
1245.36	3.44379
1245.49	3.57979
1245.61	3.7271
1245.74	3.88272
1245.86	4.04606
1245.99	4.2266
1246.12	4.41943
1246.24	4.61739
1246.37	4.81645
1246.5	5.02615
1246.62	5.2266
1246.75	5.41846
1246.87	5.59551
1247	5.73847
1247.13	5.85886
1247.25	5.97713
1247.38	6.10776
1247.5	6.23351
1247.63	6.36332
1247.66	6.41112
1247.79	6.53471
1247.91	6.63893
1248.04	6.74906
1248.17	6.86083
1248.29	6.95924
1248.42	7.05396
1248.55	7.12897
1248.67	7.20378
1248.8	7.27193
1248.93	7.32553
1249.05	7.37595
1249.18	7.42682
1249.31	7.48343
1249.43	7.53882
1249.56	7.58791
1249.69	7.60784
1249.82	7.60361
1249.94	7.5811
1250.07	7.5375
1250.2	7.49454
1250.32	7.42936
1250.45	7.36604
1250.58	7.29948
1250.7	7.21961
1250.83	7.12681
1250.96	7.01223
1251.08	6.8738
1251.21	6.70275
1251.33	6.50325
1251.46	6.27828
1251.59	6.03901
1251.71	5.80535
1251.84	5.58232
1251.97	5.35419
1252.09	5.13114
1252.22	4.92207
1252.35	4.72744
1252.47	4.56042
1252.6	4.40342
1252.73	4.27942
1252.85	4.17549
1252.98	4.09845
1253.11	4.04671
1253.23	4.02121
1253.36	4.02389
1253.49	4.07296
1253.61	4.15652
1253.74	4.24643
1253.86	4.35585
1253.99	4.48924
1254.12	4.62337
1254.24	4.75755
1254.37	4.91433
1254.5	5.07503
1254.62	5.23382
1254.75	5.389
1254.88	5.53748
1255	5.68656
1255.13	5.82216
1255.25	5.94523
1255.38	6.05021
1255.51	6.12851
1255.63	6.19199
1255.76	6.23683
1255.89	6.25436
1256.01	6.24396
1256.14	6.21066
1256.26	6.13836
1256.39	6.05012
1256.52	5.93627
1256.64	5.79798
1256.77	5.64718
1256.89	5.49224
1257.02	5.34165
1257.15	5.20281
1257.27	5.06004
1257.4	4.89867
1257.53	4.73289
1257.65	4.55822
1257.78	4.37314
1257.9	4.20361
1258.03	4.06246
1258.16	3.95825
1258.28	3.87702
1258.41	3.81874
1258.53	3.78805
1258.66	3.77225
1258.79	3.79107
1258.91	3.84365
1259.04	3.92408
1259.16	4.02065
1259.29	4.13294
1259.42	4.24254
1259.54	4.36256
1259.67	4.47189
1259.79	4.58228
1259.92	4.7076
1260.05	4.84894
1260.17	5.00089
1260.3	5.14783
1260.42	5.29667
1260.55	5.45249
1260.67	5.62147
1260.8	5.79551
1260.93	5.98032
1261.05	6.1737
1261.18	6.36322
1261.3	6.56716
1261.43	6.7811
1261.56	7.00249
1261.68	7.22532
1261.81	7.44541
1261.93	7.65454
1262.06	7.8501
1262.18	8.02927
1262.31	8.19082
1262.44	8.32976
1262.56	8.45379
1262.69	8.54632
1262.81	8.60479
1262.94	8.63261
1263.06	8.62759
1263.19	8.58319
1263.32	8.50442
1263.44	8.39788
1263.57	8.27439
1263.69	8.12238
1263.82	7.93588
1263.94	7.72496
1264.07	7.50739
1264.2	7.27722
1264.32	7.04162
1264.45	6.79595
1264.57	6.54934
1264.7	6.32473
1264.82	6.10123
1264.95	5.88328
1265.07	5.69388
1265.2	5.52213
1265.33	5.36264
1265.45	5.22363
1265.58	5.10289
1265.7	4.99502
1265.83	4.90177
1265.95	4.83142
1266.08	4.78633
1266.2	4.7626
1266.33	4.76141
1266.45	4.78733
1266.58	4.84626
1266.71	4.91835
1266.83	5.00527
1266.96	5.10864
1267.08	5.21391
1267.21	5.32308
1267.33	5.43371
1267.46	5.55106
1267.58	5.67332
1267.71	5.81093
1267.83	5.95995
1267.96	6.10647
1268.08	6.23202
1268.21	6.33677
1268.33	6.42884
1268.46	6.47962
1268.59	6.49663
1268.71	6.49661
1268.84	6.47468
1268.96	6.43722
1269.09	6.37759
1269.21	6.30488
1269.34	6.23467
1269.46	6.16362
1269.59	6.11383
1269.71	6.0691
1269.84	6.03347
1269.96	5.99334
1270.09	5.95273
1270.21	5.90197
1270.34	5.85035
1270.46	5.78628
1270.59	5.72479
1270.71	5.65801
1270.84	5.58736
1270.96	5.49934
1271.09	5.40174
1271.21	5.31311
1271.34	5.23289
1271.46	5.15171
1271.59	5.06402
1271.71	4.98248
1271.84	4.90026
1271.96	4.81287
1272.09	4.73158
1272.21	4.65853
1272.34	4.5871
1272.46	4.52987
1272.59	4.4857
1272.71	4.46348
1272.84	4.46795
1272.96	4.48431
1273.09	4.51828
1273.21	4.56276
1273.34	4.61733
1273.46	4.68586
1273.59	4.77713
1273.71	4.89513
1273.84	5.03195
1273.96	5.1881
1274.08	5.3617
1274.2	5.58385
1274.33	5.83187
1274.46	6.0899
1274.58	6.34426
1274.71	6.60207
1274.83	6.8484
1274.96	7.05676
1275.08	7.25066
1275.21	7.43832
1275.33	7.62002
1275.46	7.78738
1275.59	7.91235
1275.71	8.01035
1275.84	8.08149
1275.96	8.11547
1276.09	8.11474
1276.21	8.08643
1276.34	8.02008
1276.46	7.91266
1276.59	7.77649
1276.72	7.62313
1276.84	7.44201
1276.97	7.2424
1277.09	7.01989
1277.22	6.78543
1277.34	6.54552
1277.47	6.28504
1277.59	6.02094
1277.72	5.76105
1277.84	5.50425
1277.97	5.26612
1278.09	5.05057
1278.22	4.86647
1278.35	4.71006
1278.47	4.58573
1278.6	4.49039
1278.72	4.42985
1278.85	4.4071
1278.97	4.41858
1279.1	4.47286
1279.22	4.53514
1279.35	4.62103
1279.47	4.74169
1279.6	4.87067
1279.72	5.01692
1279.85	5.18482
1279.97	5.39034
1280.1	5.63211
1280.22	5.89496
1280.35	6.17891
1280.48	6.46258
1280.6	6.74493
1280.72	7.01456
1280.85	7.26826
1280.98	7.4845
1281.1	7.67406
1281.23	7.83381
1281.35	7.94891
1281.48	8.00949
1281.6	8.0201
1281.73	7.98118
1281.85	7.90012
1281.98	7.76995
1282.1	7.5809
1282.23	7.34283
1282.35	7.06826
1282.48	6.76174
1282.6	6.41285
1282.73	6.02462
1282.85	5.61429
1282.98	5.17928
1283.1	4.72505
1283.23	4.27709
1283.35	3.83654
1283.48	3.42135
1283.6	3.01628
1283.73	2.61504
1283.85	2.23065
1283.98	1.87538
1284.1	1.54909
1284.23	1.25979
1284.35	0.996884
1284.48	0.781827
1284.6	0.602629
1284.73	0.470879
1284.85	0.389475
1284.98	0.361405
1285.1	0.385486
1285.22	0.45125
1285.35	0.566613
1285.47	0.714987
1285.6	0.884813
1285.72	1.07336
1285.85	1.30786
1285.97	1.58628
1286.1	1.88256
1286.22	2.18571
1286.35	2.48711
1286.47	2.80648
1286.6	3.12785
1286.72	3.44906
1286.85	3.74843
1286.97	4.05309
1287.1	4.34448
1287.22	4.60989
1287.35	4.87016
1287.47	5.11233
1287.59	5.33495
1287.72	5.53419
1287.84	5.70257
1287.97	5.84621
1288.09	5.97127
1288.22	6.07483
1288.34	6.18278
1288.47	6.28223
1288.59	6.38576
1288.72	6.49721
1288.84	6.61039
1288.96	6.73823
1289.09	6.8583
1289.21	6.96311
1289.34	7.05144
1289.46	7.14337
1289.59	7.2236
1289.71	7.29041
1289.84	7.3424
1289.96	7.35937
1290.09	7.36168
1290.21	7.33877
1290.33	7.27363
1290.46	7.18456
1290.58	7.08249
1290.71	6.96646
1290.83	6.82884
1290.96	6.66674
1291.08	6.49054
1291.2	6.30461
1291.33	6.09875
1291.45	5.87559
1291.58	5.62399
1291.7	5.35558
1291.83	5.09212
1291.95	4.82939
1292.08	4.5518
1292.2	4.27189
1292.32	4.01025
1292.45	3.7654
1292.57	3.53184
1292.7	3.31452
1292.82	3.11399
1292.95	2.94552
1293.07	2.80929
1293.19	2.70094
1293.32	2.61205
1293.44	2.55284
1293.57	2.52454
1293.69	2.52613
1293.81	2.56001
1293.94	2.62142
1294.06	2.70894
1294.19	2.81023
1294.31	2.91404
1294.44	3.02369
1294.56	3.15373
1294.68	3.31669
1294.81	3.49253
1294.93	3.66954
1295.06	3.84816
1295.18	4.03594
1295.3	4.20346
1295.43	4.35879
1295.55	4.48845
1295.68	4.59776
1295.8	4.67711
1295.92	4.72523
1296.05	4.76259
1296.17	4.77596
1296.3	4.76114
1296.42	4.71576
1296.54	4.65865
1296.67	4.5866
1296.79	4.48209
1296.92	4.36215
1297.04	4.23763
1297.16	4.11377
1297.29	3.98018
1297.41	3.84163
1297.54	3.71254
1297.66	3.61204
1297.78	3.51256
1297.91	3.40933
1298.03	3.32452
1298.16	3.25066
1298.28	3.1851
1298.4	3.12232
1298.53	3.07121
1298.65	3.03314
1298.77	3.0104
1298.9	3.01039
1299.02	3.02761
1299.15	3.04422
1299.27	3.08093
1299.39	3.13631
1299.52	3.21877
1299.64	3.33456
1299.76	3.46091
1299.89	3.58909
1299.97	3.67363
1300.09	3.82678
1300.22	3.98271
1300.34	4.15194
1300.46	4.3265
1300.59	4.51303
1300.71	4.71192
1300.84	4.89556
1300.96	5.07381
1301.09	5.24978
1301.21	5.42165
1301.34	5.58755
1301.46	5.7461
1301.58	5.90223
1301.71	6.07067
1301.83	6.23826
1301.96	6.38312
1302.08	6.50575
1302.21	6.5945
1302.33	6.66749
1302.45	6.71374
1302.58	6.71544
1302.7	6.6618
1302.83	6.5823
1302.95	6.48248
1303.08	6.35805
1303.2	6.20294
1303.32	6.02463
1303.45	5.81955
1303.57	5.59833
1303.7	5.35497
1303.82	5.09583
1303.94	4.8215
1304.07	4.53879
1304.19	4.24354
1304.32	3.95021
1304.44	3.64865
1304.57	3.34421
1304.69	3.0388
1304.81	2.72518
1304.94	2.42047
1305.06	2.12768
1305.19	1.86655
1305.31	1.64236
1305.43	1.43503
1305.56	1.25276
1305.68	1.11354
1305.81	1.00032
1305.93	0.914944
1306.05	0.862056
1306.18	0.821885
1306.3	0.797634
1306.43	0.797163
1306.55	0.839494
1306.67	0.925426
1306.8	1.02974
1306.92	1.14167
1307.05	1.27425
1307.17	1.43923
1307.29	1.61444
1307.42	1.78387
1307.54	1.94914
1307.67	2.10477
1307.79	2.25407
1307.91	2.40093
1308.04	2.54286
1308.16	2.68867
1308.29	2.81719
1308.41	2.90879
1308.53	2.97963
1308.66	3.04968
1308.78	3.10948
1308.9	3.14715
1309.03	3.17245
1309.15	3.19861
1309.28	3.23136
1309.4	3.26923
1309.52	3.30913
1309.65	3.3347
1309.77	3.35283
1309.9	3.38042
1310.02	3.40919
1310.14	3.44535
1310.27	3.48566
1310.39	3.52982
1310.51	3.56733
1310.64	3.61276
1310.76	3.65785
1310.88	3.70541
1311.01	3.76276
1311.13	3.80652
1311.26	3.8447
1311.38	3.85451
1311.5	3.82321
1311.63	3.75146
1311.75	3.63715
1311.87	3.49991
1312	3.33835
1312.12	3.16047
1312.24	2.97526
1312.37	2.79388
1312.49	2.60079
1312.61	2.39695
1312.74	2.18928
1312.86	1.97411
1312.99	1.75582
1313.11	1.52729
1313.23	1.28272
1313.36	1.03209
1313.48	0.791667
1313.6	0.56012
1313.73	0.339211
1313.85	0.135171
1313.97	-0.0362339
1314.1	-0.178996
1314.22	-0.289068
1314.34	-0.371707
1314.47	-0.417269
1314.59	-0.430498
1314.71	-0.402224
1314.84	-0.344365
1314.96	-0.252889
1315.08	-0.12
1315.21	0.0559143
1315.33	0.268347
1315.45	0.535677
1315.58	0.855766
1315.7	1.20932
1315.82	1.59226
1315.95	2.01153
1316.07	2.45649
1316.19	2.91797
1316.32	3.38819
1316.44	3.85594
1316.56	4.31785
1316.69	4.74477
1316.81	5.12421
1316.93	5.46298
1317.06	5.77614
1317.18	6.05356
1317.3	6.27664
1317.43	6.43638
1317.55	6.54429
1317.67	6.62186
1317.79	6.64331
1317.92	6.60689
1318.04	6.5041
1318.16	6.33907
1318.29	6.13279
1318.41	5.88876
1318.53	5.60832
1318.66	5.30948
1318.78	4.9951
1318.9	4.64586
1319.03	4.27742
1319.15	3.91201
1319.27	3.55654
1319.4	3.19196
1319.52	2.82936
1319.64	2.4714
1319.76	2.13122
1319.89	1.81882
1320.01	1.53657
1320.13	1.28539
1320.26	1.06874
1320.38	0.882034
1320.5	0.727041
1320.63	0.58705
1320.75	0.47612
1320.87	0.40047
1320.99	0.372892
1321.12	0.382104
1321.24	0.440171
1321.36	0.534613
1321.48	0.681821
1321.61	0.875964
1321.73	1.07898
1321.85	1.30926
1321.98	1.53605
1322.1	1.77827
1322.22	2.01058
1322.35	2.24909
1322.47	2.4909
1322.59	2.72362
1322.71	2.95666
1322.84	3.17164
1322.96	3.3626
1323.08	3.52383
1323.2	3.6568
1323.33	3.76842
1323.45	3.86439
1323.57	3.94523
1323.7	4.01585
1323.82	4.06619
1323.94	4.09531
1324.06	4.11259
1324.19	4.12224
1324.31	4.12315
1324.43	4.12839
1324.55	4.13859
1324.68	4.14306
1324.8	4.14754
1324.92	4.14797
1325.04	4.14591
1325.14	4.14096
1325.27	4.12316
1325.39	4.08656
1325.51	4.02698
1325.64	3.95785
1325.76	3.87363
1325.88	3.7836
1326.01	3.70033
1326.13	3.60286
1326.25	3.47461
1326.38	3.34326
1326.5	3.22342
1326.62	3.10206
1326.75	2.96316
1326.87	2.82646
1326.99	2.71048
1327.12	2.59273
1327.24	2.47071
1327.36	2.36703
1327.49	2.28195
1327.61	2.2343
1327.73	2.2112
1327.86	2.21725
1327.98	2.24009
1328.1	2.30108
1328.22	2.39124
1328.35	2.4879
1328.47	2.60227
1328.59	2.71915
1328.72	2.84581
1328.84	2.98815
1328.96	3.13235
1329.09	3.2945
1329.21	3.48119
1329.33	3.67698
1329.46	3.87664
1329.58	4.08353
1329.7	4.29351
1329.82	4.496
1329.95	4.67576
1330.07	4.84139
1330.19	4.96538
1330.32	5.07112
1330.44	5.16279
1330.56	5.22771
1330.69	5.26955
1330.81	5.2725
1330.93	5.23688
1331.05	5.16215
1331.18	5.04226
1331.3	4.89315
1331.42	4.71039
1331.55	4.50735
1331.67	4.27946
1331.79	4.02909
1331.91	3.75932
1332.04	3.48489
1332.16	3.19701
1332.28	2.89492
1332.41	2.60442
1332.53	2.32822
1332.65	2.09946
1332.77	1.90549
1332.9	1.76448
1333.02	1.6603
1333.14	1.60202
1333.27	1.58406
1333.39	1.5947
1333.51	1.63213
1333.63	1.69125
1333.76	1.77332
1333.88	1.89439
1334	2.06005
1334.13	2.25216
1334.25	2.46782
1334.37	2.69236
1334.49	2.92983
1334.62	3.18571
1334.74	3.43632
1334.86	3.68587
1334.98	3.94809
1335.11	4.19822
1335.23	4.43541
1335.35	4.66112
1335.47	4.87064
1335.6	5.06392
1335.72	5.23625
1335.84	5.37921
1335.96	5.49325
1336.09	5.56749
1336.21	5.62938
1336.33	5.67201
1336.45	5.68686
1336.58	5.66864
1336.7	5.62464
1336.82	5.55092
1336.95	5.46146
1337.07	5.34444
1337.19	5.18819
1337.31	4.98572
1337.43	4.75514
1337.56	4.50004
1337.68	4.20321
1337.8	3.87653
1337.92	3.54029
1338.05	3.20103
1338.17	2.86161
1338.29	2.53528
1338.41	2.2145
1338.54	1.89119
1338.66	1.58942
1338.78	1.2812
1338.9	0.972012
1339.03	0.657007
1339.15	0.348297
1339.27	0.0526049
1339.39	-0.236024
1339.52	-0.511031
1339.64	-0.752971
1339.76	-0.970972
1339.88	-1.15134
1340	-1.28566
1340.13	-1.39399
1340.25	-1.46796
1340.37	-1.50453
1340.49	-1.51647
1340.62	-1.47797
1340.74	-1.38555
1340.86	-1.23204
1340.98	-1.02902
1341.1	-0.797939
1341.23	-0.521077
1341.35	-0.200572
1341.47	0.178707
1341.59	0.591232
1341.71	1.02887
1341.84	1.49016
1341.96	1.96122
1342.08	2.44012
1342.2	2.9157
1342.33	3.38933
1342.45	3.84889
1342.57	4.29529
1342.69	4.71794
1342.81	5.11277
1342.94	5.4908
1343.06	5.85127
1343.18	6.19906
1343.3	6.52404
1343.42	6.81942
1343.55	7.07044
1343.67	7.27949
1343.79	7.44029
1343.91	7.55401
1344.03	7.61485
1344.16	7.62826
1344.28	7.59563
1344.4	7.53473
1344.52	7.44118
1344.64	7.31308
1344.77	7.16482
1344.89	6.9878
1345.01	6.78607
1345.13	6.56043
1345.25	6.31999
1345.37	6.09966
1345.5	5.87737
1345.62	5.64305
1345.74	5.41443
1345.86	5.20445
1345.98	5.01415
1346.11	4.85084
1346.23	4.71084
1346.35	4.59215
1346.47	4.4899
1346.59	4.40718
1346.71	4.36188
1346.84	4.33654
1346.96	4.32888
1347.08	4.33999
1347.2	4.39312
1347.32	4.47148
1347.45	4.58302
1347.57	4.71694
1347.69	4.87439
1347.81	5.03485
1347.93	5.19035
1348.05	5.34075
1348.18	5.46529
1348.3	5.56237
1348.42	5.64727
1348.54	5.71041
1348.66	5.74271
1348.78	5.76274
1348.9	5.75505
1349.03	5.72436
1349.15	5.67878
1349.27	5.59525
1349.39	5.48302
1349.51	5.34519
1349.63	5.18547
1349.76	4.99989
1349.88	4.78901
1350	4.5529
1350.12	4.31061
1350.24	4.05513
1350.36	3.80433
1350.48	3.54353
1350.61	3.26681
1350.61	3.27126
1350.73	2.98419
1350.85	2.69509
1350.98	2.45235
1351.1	2.24371
1351.22	2.05814
1351.34	1.88705
1351.47	1.73771
1351.59	1.64256
1351.71	1.60685
1351.83	1.61688
1351.95	1.6444
1352.08	1.70532
1352.2	1.79364
1352.32	1.90269
1352.44	2.01898
1352.56	2.14416
1352.69	2.2786
1352.81	2.41623
1352.93	2.55081
1353.05	2.66924
1353.17	2.76951
1353.3	2.86532
1353.42	2.95718
1353.54	3.03852
1353.66	3.11351
1353.78	3.17765
1353.91	3.21037
1354.03	3.22394
1354.15	3.22983
1354.27	3.22039
1354.39	3.19184
1354.52	3.1515
1354.64	3.08107
1354.76	3.01208
1354.88	2.93802
1355	2.87224
1355.13	2.82592
1355.25	2.76544
1355.37	2.69193
1355.49	2.64219
1355.61	2.62261
1355.73	2.64111
1355.86	2.67419
1355.98	2.67663
1356.1	2.70279
1356.22	2.75724
1356.34	2.82125
1356.47	2.8974
1356.59	2.97535
1356.71	3.05496
1356.83	3.12586
1356.95	3.19174
1357.07	3.26738
1357.2	3.33656
1357.32	3.39205
1357.44	3.41088
1357.56	3.4251
1357.68	3.42552
1357.8	3.437
1357.93	3.4622
1358.05	3.50373
1358.17	3.54855
1358.29	3.59486
1358.41	3.65017
1358.53	3.69404
1358.66	3.72626
1358.78	3.7676
1358.9	3.81038
1359.02	3.84682
1359.14	3.88366
1359.26	3.91981
1359.39	3.96193
1359.51	4.03095
1359.63	4.10478
1359.75	4.18951
1359.87	4.28999
1359.99	4.39581
1360.11	4.50338
1360.24	4.61929
1360.36	4.73797
1360.48	4.86979
1360.6	5.00787
1360.72	5.14061
1360.84	5.25578
1360.96	5.35024
1361.09	5.42284
1361.21	5.47696
1361.33	5.50096
1361.45	5.51237
1361.57	5.49959
1361.69	5.46738
1361.81	5.41124
1361.94	5.34276
1362.06	5.27343
1362.18	5.19541
1362.3	5.09295
1362.42	4.98172
1362.54	4.87268
1362.66	4.7667
1362.78	4.67357
1362.91	4.57921
1363.03	4.50574
1363.15	4.45851
1363.27	4.43054
1363.39	4.42113
1363.51	4.42663
1363.63	4.45013
1363.76	4.49489
1363.88	4.56786
1364	4.65169
1364.12	4.75742
1364.24	4.86362
1364.36	4.97276
1364.48	5.11132
1364.6	5.2539
1364.72	5.38213
1364.85	5.50516
1364.97	5.60753
1365.09	5.66831
1365.21	5.71851
1365.33	5.74987
1365.45	5.7747
1365.57	5.78378
1365.69	5.75399
1365.81	5.70595
1365.94	5.66612
1366.06	5.62153
1366.18	5.57257
1366.3	5.50016
1366.42	5.4271
1366.54	5.37583
1366.66	5.31824
1366.78	5.23477
1366.9	5.14677
1367.02	5.05262
1367.15	4.9678
1367.27	4.88671
1367.39	4.81893
1367.51	4.77768
1367.63	4.74211
1367.75	4.71483
1367.87	4.67091
1367.99	4.63836
1368.11	4.62247
1368.23	4.64206
1368.35	4.69576
1368.48	4.77415
1368.6	4.87826
1368.72	4.99961
1368.84	5.14157
1368.96	5.28979
1369.08	5.45003
1369.2	5.63158
1369.32	5.80637
1369.44	5.9725
1369.56	6.12778
1369.68	6.27058
1369.8	6.40257
1369.92	6.53684
1370.05	6.63873
1370.17	6.71793
1370.29	6.77699
1370.41	6.81361
1370.53	6.83272
1370.65	6.84507
1370.77	6.8542
1370.89	6.86806
1371.01	6.88361
1371.13	6.89916
1371.25	6.90759
1371.37	6.89756
1371.49	6.8683
1371.61	6.83182
1371.73	6.7804
1371.86	6.71788
1371.98	6.64293
1372.1	6.57215
1372.22	6.49478
1372.34	6.4223
1372.46	6.34614
1372.58	6.24988
1372.7	6.13321
1372.82	6.00418
1372.94	5.84052
1373.06	5.66114
1373.18	5.46337
1373.3	5.2438
1373.42	5.03183
1373.54	4.82359
1373.66	4.61482
1373.78	4.41707
1373.9	4.22348
1374.02	4.03331
1374.15	3.8442
1374.27	3.66582
1374.39	3.4953
1374.51	3.34543
1374.55	3.28373
1374.68	3.16082
1374.8	3.0635
1374.92	2.96477
1375.04	2.88132
1375.16	2.8076
1375.28	2.7149
1375.4	2.60679
1375.52	2.51057
1375.65	2.42191
1375.77	2.33681
1375.89	2.24644
1376.01	2.14769
1376.13	2.05589
1376.25	1.98393
1376.37	1.9249
1376.49	1.86703
1376.61	1.82749
1376.73	1.82856
1376.86	1.84567
1376.98	1.86094
1377.1	1.88094
1377.22	1.91561
1377.34	1.94523
1377.46	1.97704
1377.58	2.00565
1377.7	2.02655
1377.82	2.04018
1377.94	2.02975
1378.06	2.0032
1378.19	1.9307
1378.31	1.84209
1378.43	1.74432
1378.55	1.6292
1378.67	1.50034
1378.79	1.35077
1378.91	1.19662
1379.03	1.02606
1379.15	0.853235
1379.27	0.674402
1379.39	0.492531
1379.52	0.3161
1379.64	0.137183
1379.76	-0.0267972
1379.88	-0.183697
1380	-0.348295
1380.12	-0.511639
1380.24	-0.670694
1380.36	-0.830416
1380.48	-0.972686
1380.6	-1.10808
1380.72	-1.23106
1380.84	-1.34138
1380.96	-1.42933
1381.08	-1.47774
1381.21	-1.49304
1381.33	-1.47341
1381.45	-1.4249
1381.57	-1.34083
1381.69	-1.2249
1381.81	-1.07516
1381.93	-0.894964
1382.05	-0.698456
1382.17	-0.48499
1382.29	-0.259893
1382.41	-0.00280053
1382.53	0.267321
1382.65	0.561049
1382.77	0.869086
1382.89	1.17949
1383.01	1.49255
1383.14	1.79078
1383.26	2.05712
1383.38	2.31327
1383.5	2.54188
1383.62	2.74228
1383.74	2.93193
1383.86	3.09562
1383.98	3.2216
1384.1	3.30538
1384.22	3.3401
1384.34	3.33686
1384.46	3.29315
1384.58	3.21137
1384.7	3.09068
1384.82	2.94375
1384.94	2.77743
1385.06	2.60704
1385.18	2.43138
1385.3	2.24969
1385.42	2.05677
1385.54	1.86305
1385.66	1.66196
1385.78	1.45847
1385.91	1.27389
1386.03	1.095
1386.15	0.920425
1386.27	0.753104
1386.39	0.593537
1386.51	0.456008
1386.63	0.334253
1386.75	0.227972
1386.87	0.138313
1386.99	0.0872932
1387.11	0.0777401
1387.23	0.087593
1387.35	0.131812
1387.47	0.204942
1387.59	0.304839
1387.71	0.428594
1387.83	0.59451
1387.95	0.786965
1388.07	0.988883
1388.19	1.18756
1388.31	1.37103
1388.43	1.55628
1388.55	1.7327
1388.67	1.91069
1388.79	2.07775
1388.91	2.23519
1389.03	2.38573
1389.15	2.51983
1389.27	2.6461
1389.39	2.75289
1389.51	2.8528
1389.63	2.93148
1389.75	2.99723
1389.87	3.07541
1389.99	3.15863
1390.11	3.24523
1390.23	3.31775
1390.35	3.37353
1390.47	3.41773
1390.59	3.45618
1390.71	3.48509
1390.83	3.51057
1390.95	3.51503
1391.07	3.5071
1391.19	3.48237
1391.31	3.45059
1391.43	3.41646
1391.55	3.37496
1391.67	3.34406
1391.79	3.32728
1391.91	3.33289
1392.03	3.34215
1392.15	3.35571
1392.27	3.37727
1392.39	3.40102
1392.51	3.42413
1392.63	3.44263
1392.75	3.47423
1392.87	3.49161
1392.99	3.50532
1393.11	3.51475
1393.23	3.50361
1393.35	3.48922
1393.47	3.44972
1393.59	3.41297
1393.71	3.39112
1393.83	3.36998
1393.94	3.35294
1394.06	3.3542
1394.18	3.35496
1394.3	3.35492
1394.42	3.3623
1394.54	3.37948
1394.66	3.41841
1394.78	3.45909
1394.9	3.50403
1395.02	3.56159
1395.14	3.6338
1395.26	3.72077
1395.38	3.82706
1395.5	3.95147
1395.62	4.08382
1395.74	4.21266
1395.86	4.36183
1395.98	4.50074
1396.1	4.63159
1396.22	4.75896
1396.34	4.86788
1396.46	4.95817
1396.58	5.03553
1396.7	5.09825
1396.82	5.15272
1396.93	5.20098
1397.05	5.24923
1397.17	5.28522
1397.29	5.29995
1397.41	5.29589
1397.53	5.27118
1397.65	5.25304
1397.77	5.22768
1397.89	5.20666
1398.01	5.19591
1398.13	5.20729
1398.25	5.22202
1398.37	5.23463
1398.49	5.23402
1398.61	5.2236
1398.73	5.22791
1398.85	5.23791
1398.96	5.24819
1399.08	5.26931
1399.2	5.30744
1399.32	5.33356
1399.44	5.35318
1399.56	5.36105
1399.68	5.35982
1399.8	5.34612
1399.92	5.31633
1400.04	5.2946
1400.16	5.29945
1400.28	5.30998
1400.4	5.34238
1400.52	5.39082
1400.64	5.43659
1400.76	5.4864
1400.88	5.53353
1401	5.57601
1401.12	5.61309
1401.24	5.63884
1401.36	5.65538
1401.48	5.64881
1401.6	5.62863
1401.72	5.58304
1401.84	5.52513
1401.96	5.45866
1402.08	5.36965
1402.2	5.24638
1402.32	5.08965
1402.44	4.91648
1402.56	4.73516
1402.67	4.54591
1402.79	4.35448
1402.91	4.16364
1403.03	3.98865
1403.15	3.78936
1403.27	3.58363
1403.39	3.37034
1403.51	3.14948
1403.63	2.94321
1403.75	2.73015
1403.87	2.53904
1403.99	2.3477
1404.11	2.14935
1404.23	1.94154
1404.35	1.72399
1404.47	1.49292
1404.59	1.26387
1404.71	1.03237
1404.83	0.803951
1404.95	0.589451
1405.07	0.372992
1405.19	0.180953
1405.31	0.0165687
1405.43	-0.133799
1405.55	-0.262107
1405.67	-0.354845
1405.79	-0.417405
1405.91	-0.44857
1406.03	-0.451747
1406.15	-0.418556
1406.26	-0.369725
1406.38	-0.301151
1406.5	-0.228982
1406.62	-0.151772
1406.74	-0.0626373
1406.86	0.0502424
1406.98	0.171095
1407.1	0.308679
1407.22	0.462053
1407.34	0.622472
1407.46	0.777672
1407.58	0.922851
1407.7	1.06533
1407.82	1.21138
1407.94	1.3611
1408.06	1.49389
1408.18	1.62148
1408.3	1.74945
1408.42	1.88635
1408.53	2.01552
1408.65	2.13558
1408.77	2.24075
1408.89	2.34263
1409.01	2.4571
1409.13	2.57759
1409.25	2.71778
1409.37	2.88187
1409.49	3.05357
1409.61	3.22042
1409.73	3.39593
1409.85	3.55461
1409.97	3.70783
1410.09	3.83819
1410.2	3.96204
1410.32	4.08125
1410.44	4.17957
1410.56	4.25759
1410.68	4.33194
1410.8	4.37681
1410.92	4.38759
1411.04	4.38044
1411.16	4.32603
1411.28	4.23737
1411.4	4.11916
1411.52	3.99435
1411.64	3.86023
1411.75	3.71388
1411.87	3.56196
1411.99	3.4019
1412.11	3.24135
1412.23	3.08115
1412.35	2.92121
1412.47	2.74071
1412.59	2.55458
1412.71	2.38206
1412.83	2.21787
1412.94	2.06629
1413.06	1.91813
1413.18	1.76838
1413.3	1.63662
1413.42	1.50776
1413.54	1.40461
1413.66	1.33644
1413.78	1.30074
1413.9	1.31438
1414.02	1.37866
1414.14	1.49317
1414.25	1.63563
1414.37	1.81557
1414.49	2.00863
1414.61	2.21594
1414.73	2.43627
1414.85	2.65516
1414.97	2.86755
1415.09	3.07041
1415.21	3.25762
1415.32	3.43027
1415.44	3.5961
1415.56	3.74843
1415.68	3.88621
1415.8	3.99965
1415.92	4.10458
1416.04	4.19573
1416.16	4.28232
1416.27	4.36525
1416.39	4.44571
1416.51	4.5175
1416.63	4.571
1416.75	4.5971
1416.87	4.61054
1416.99	4.63419
1417.11	4.6493
1417.22	4.6402
1417.34	4.62749
1417.46	4.60849
1417.58	4.58578
1417.7	4.55977
1417.82	4.52728
1417.94	4.50145
1418.05	4.47314
1418.17	4.44562
1418.29	4.41876
1418.41	4.39439
1418.53	4.36396
1418.65	4.31767
1418.77	4.26878
1418.89	4.18819
1419	4.08781
1419.12	3.9815
1419.24	3.85667
1419.36	3.72055
1419.48	3.59005
1419.6	3.44726
1419.72	3.29314
1419.83	3.1559
1419.95	3.02724
1420.07	2.90553
1420.19	2.81201
1420.31	2.73596
1420.43	2.68981
1420.54	2.65827
1420.66	2.63891
1420.78	2.64571
1420.9	2.67051
1421.02	2.70123
1421.14	2.74345
1421.26	2.78788
1421.37	2.80384
1421.49	2.81563
1421.61	2.8337
1421.73	2.86326
1421.85	2.88214
1421.97	2.88498
1422.08	2.86559
1422.2	2.85075
1422.32	2.83574
1422.44	2.83278
1422.56	2.8223
1422.67	2.80088
1422.79	2.80612
1422.91	2.82683
1423.03	2.82761
1423.15	2.79462
1423.27	2.70682
1423.39	2.58502
1423.5	2.44829
1423.62	2.27541
1423.74	2.06941
1423.74	2.07158
1423.86	1.83344
1423.98	1.59222
1424.1	1.36075
1424.22	1.13727
1424.34	0.925908
1424.46	0.72977
1424.58	0.545577
1424.69	0.384122
1424.81	0.244917
1424.93	0.114552
1425.05	-0.000987713
1425.17	-0.0986661
1425.29	-0.170273
1425.41	-0.217286
1425.53	-0.244494
1425.65	-0.250946
1425.76	-0.241316
1425.88	-0.218684
1426	-0.163548
1426.12	-0.0890317
1426.24	0.00805755
1426.36	0.135786
1426.48	0.285137
1426.6	0.445789
1426.71	0.611237
1426.83	0.778664
1426.95	0.959847
1427.07	1.16397
1427.19	1.35979
1427.31	1.54805
1427.43	1.74518
1427.54	1.93812
1427.66	2.13455
1427.78	2.33503
1427.9	2.53774
1428.02	2.76558
1428.14	3.01381
1428.26	3.29322
1428.38	3.58003
1428.49	3.86369
1428.61	4.14104
1428.73	4.40524
1428.85	4.66147
1428.97	4.89955
1429.09	5.11467
1429.21	5.30469
1429.32	5.45318
1429.44	5.57647
1429.56	5.66417
1429.68	5.68727
1429.8	5.65968
1429.92	5.60609
1430.04	5.50402
1430.15	5.37739
1430.27	5.22848
1430.39	5.04787
1430.51	4.83985
1430.63	4.6155
1430.75	4.38231
1430.86	4.14428
1430.98	3.89721
1431.1	3.65706
1431.22	3.42783
1431.34	3.20244
1431.46	2.99195
1431.57	2.80538
1431.69	2.63589
1431.81	2.4805
1431.93	2.33486
1432.05	2.18832
1432.17	2.04556
1432.28	1.93572
1432.4	1.8482
1432.52	1.78763
1432.64	1.75553
1432.76	1.77436
1432.88	1.85277
1432.99	1.95646
1433.11	2.07099
1433.23	2.18713
1433.35	2.31074
1433.47	2.4531
1433.59	2.59499
1433.7	2.71315
1433.82	2.82057
1433.94	2.91346
1434.06	2.97474
1434.18	3.01785
1434.29	3.04327
1434.41	3.05376
1434.53	3.04536
1434.65	3.01457
1434.77	2.96757
1434.89	2.8974
1435	2.80056
1435.12	2.67744
1435.24	2.53811
1435.36	2.38657
1435.48	2.22223
1435.59	2.04271
1435.71	1.85281
1435.83	1.66228
1435.95	1.47235
1436.07	1.31043
1436.18	1.17685
1436.3	1.07295
1436.42	1.00926
1436.54	0.988893
1436.66	0.993844
1436.77	1.02319
1436.89	1.07944
1437.01	1.15809
1437.13	1.25679
1437.25	1.36898
1437.36	1.47515
1437.48	1.56261
1437.6	1.63687
1437.72	1.6971
1437.84	1.7521
1437.95	1.79293
1438.07	1.80395
1438.19	1.81711
1438.31	1.82536
1438.43	1.82139
1438.54	1.80763
1438.66	1.80361
1438.78	1.78969
1438.9	1.75408
1439.01	1.71192
1439.13	1.67683
1439.25	1.63857
1439.37	1.61618
1439.49	1.60505
1439.6	1.60231
1439.72	1.59412
1439.84	1.57825
1439.96	1.56678
1440.07	1.56688
1440.19	1.56027
1440.31	1.58106
1440.43	1.61369
1440.54	1.65105
1440.66	1.70442
1440.78	1.77907
1440.9	1.87563
1441.02	1.99391
1441.13	2.14023
1441.25	2.32065
1441.37	2.51734
1441.49	2.72032
1441.6	2.95238
1441.72	3.18594
1441.84	3.41431
1441.96	3.64797
1442.07	3.86862
1442.19	4.05499
1442.31	4.21432
1442.43	4.35895
1442.54	4.47059
1442.66	4.54037
1442.78	4.57404
1442.9	4.58312
1443.01	4.57404
1443.13	4.53372
1443.25	4.46094
1443.37	4.35735
1443.48	4.23218
1443.6	4.0869
1443.72	3.92481
1443.84	3.74843
1443.95	3.56287
1444.07	3.35737
1444.19	3.14988
1444.31	2.95875
1444.42	2.78528
1444.54	2.63969
1444.66	2.52938
1444.78	2.44034
1444.89	2.37571
1445.01	2.3325
1445.13	2.30107
1445.24	2.28878
1445.36	2.27721
1445.48	2.25758
1445.6	2.22389
1445.71	2.17641
1445.83	2.10548
1445.95	2.01879
1446.07	1.90612
1446.18	1.79577
1446.3	1.68867
1446.42	1.57911
1446.53	1.46107
1446.65	1.33278
1446.77	1.19054
1446.89	1.05895
1447	0.934995
1447.12	0.804337
1447.24	0.665949
1447.36	0.52603
1447.42	0.469658
1447.53	0.31797
1447.65	0.172891
1447.77	0.0449715
1447.89	-0.0632923
1448	-0.169452
1448.12	-0.278126
1448.24	-0.373255
1448.36	-0.45354
1448.48	-0.505364
1448.59	-0.513608
1448.71	-0.500419
1448.83	-0.482146
1448.95	-0.436489
1449.06	-0.357926
1449.18	-0.241307
1449.3	-0.0927055
1449.42	0.0913337
1449.54	0.314859
1449.65	0.564364
1449.77	0.837391
1449.89	1.12936
1450.01	1.41394
1450.13	1.6883
1450.24	1.93482
1450.36	2.17238
1450.48	2.38183
1450.6	2.55554
1450.71	2.69391
1450.83	2.78912
1450.95	2.847
1451.07	2.86785
1451.18	2.85073
1451.3	2.78916
1451.42	2.66501
1451.54	2.48229
1451.65	2.2685
1451.77	2.00235
1451.89	1.70915
1452.01	1.40258
1452.12	1.06788
1452.24	0.707299
1452.36	0.351586
1452.48	-0.00337372
1452.6	-0.360405
1452.71	-0.714154
1452.83	-1.03452
1452.95	-1.31097
1453.07	-1.54487
1453.18	-1.7504
1453.3	-1.92657
1453.42	-2.05734
1453.54	-2.1411
1453.65	-2.17899
1453.77	-2.17586
1453.89	-2.13684
1454.01	-2.06859
1454.12	-1.96914
1454.24	-1.81717
1454.36	-1.61039
1454.47	-1.35534
1454.59	-1.05461
1454.71	-0.72473
1454.83	-0.373463
1454.94	-0.00123041
1455.06	0.390554
1455.18	0.782486
1455.3	1.16865
1455.41	1.52894
1455.53	1.86538
1455.65	2.17462
1455.77	2.45041
1455.88	2.68313
1456	2.88497
1456.12	3.03821
1456.23	3.16403
1456.35	3.24525
1456.47	3.27692
1456.59	3.26538
1456.7	3.21907
1456.82	3.13084
1456.94	3.02123
1457.06	2.8684
1457.17	2.66686
1457.29	2.43628
1457.41	2.18123
1457.52	1.90309
1457.64	1.60717
1457.76	1.31922
1457.88	1.04198
1457.99	0.769693
1458.11	0.505336
1458.23	0.251158
1458.34	0.0157926
1458.46	-0.180964
1458.58	-0.326684
1458.69	-0.4409
1458.81	-0.518757
1458.93	-0.549674
1459.05	-0.534849
1459.16	-0.500885
1459.28	-0.443534
1459.4	-0.349505
1459.51	-0.226059
1459.63	-0.0647399
1459.75	0.123287
1459.87	0.340525
1459.98	0.565084
1460.1	0.770714
1460.22	0.963869
1460.33	1.13982
1460.45	1.31577
1460.57	1.47809
1460.68	1.62678
1460.8	1.7567
1460.92	1.86987
1461.04	1.96849
1461.15	2.0543
1461.27	2.1287
1461.39	2.18203
1461.5	2.19972
1461.62	2.18604
1461.74	2.15172
1461.85	2.09231
1461.97	2.02715
1462.09	1.94804
1462.2	1.85508
1462.32	1.76288
1462.44	1.67876
1462.55	1.59659
1462.67	1.5099
1462.79	1.44113
1462.9	1.40075
1463.02	1.37837
1463.14	1.35691
1463.25	1.33263
1463.37	1.31265
1463.49	1.30377
1463.6	1.30043
1463.72	1.29826
1463.84	1.29151
1463.95	1.28424
1464.07	1.27549
1464.19	1.27642
1464.3	1.29593
1464.42	1.32861
1464.54	1.36743
1464.65	1.40386
1464.77	1.42967
1464.89	1.46345
1465	1.50255
1465.12	1.54806
1465.24	1.59316
1465.35	1.63601
1465.47	1.67054
1465.59	1.71694
1465.7	1.77106
1465.82	1.8305
1465.94	1.88575
1466.05	1.94462
1466.17	2.00749
1466.29	2.08759
1466.4	2.17077
1466.52	2.26608
1466.64	2.37531
1466.75	2.48943
1466.87	2.60851
1466.98	2.73924
1467.1	2.88514
1467.22	3.04199
1467.33	3.21122
1467.45	3.38597
1467.57	3.57301
1467.68	3.77542
1467.8	3.98575
1467.92	4.18756
1468.03	4.37767
1468.15	4.55051
1468.26	4.69455
1468.38	4.81887
1468.5	4.934
1468.61	5.03528
1468.73	5.12303
1468.85	5.20901
1468.96	5.26956
1469.08	5.30444
1469.2	5.30029
1469.31	5.27396
1469.43	5.23485
1469.54	5.17776
1469.66	5.10394
1469.78	5.01473
1469.89	4.899
1470.01	4.74307
1470.13	4.54572
1470.24	4.31895
1470.36	4.07586
1470.47	3.82372
1470.59	3.54573
1470.71	3.26391
1470.82	2.98106
1470.94	2.68925
1471.05	2.40077
1471.17	2.1268
1471.29	1.85071
1471.4	1.57676
1471.49	1.37002
1471.61	1.09771
1471.73	0.820957
1471.84	0.544432
1471.96	0.274313
1472.08	0.0146064
1472.19	-0.219044
1472.31	-0.41937
1472.43	-0.593578
1472.54	-0.733095
1472.66	-0.845944
1472.78	-0.915065
1472.89	-0.943171
1473.01	-0.946243
1473.13	-0.935272
1473.24	-0.898272
1473.36	-0.838973
1473.48	-0.755823
1473.59	-0.643039
1473.71	-0.501446
1473.83	-0.337997
1473.94	-0.145463
1474.06	0.0718164
1474.18	0.301808
1474.29	0.525169
1474.41	0.73246
1474.53	0.926168
1474.64	1.08257
1474.76	1.20525
1474.88	1.30463
1475	1.37545
1475.11	1.41692
1475.23	1.43877
1475.34	1.43098
1475.46	1.39705
1475.58	1.35755
1475.69	1.29707
1475.81	1.21996
1475.93	1.1277
1476.04	1.03224
1476.16	0.952402
1476.28	0.873371
1476.39	0.774765
1476.51	0.666578
1476.63	0.559069
1476.74	0.449314
1476.86	0.345957
1476.98	0.24538
1477.09	0.171471
1477.21	0.118097
1477.33	0.084543
1477.44	0.0725354
1477.56	0.094636
1477.68	0.153416
1477.79	0.230891
1477.91	0.327526
1478.02	0.432642
1478.14	0.544566
1478.26	0.667443
1478.37	0.810663
1478.49	0.97876
1478.61	1.16001
1478.72	1.36276
1478.84	1.57878
1478.95	1.79633
1479.07	2.02312
1479.19	2.24405
1479.3	2.47641
1479.42	2.70679
1479.54	2.92711
1479.65	3.13203
1479.77	3.31815
1479.89	3.47731
1480	3.60774
1480.12	3.70719
1480.23	3.77577
1480.35	3.82091
1480.47	3.83783
1480.58	3.82588
1480.7	3.80049
1480.82	3.75893
1480.93	3.70456
1481.05	3.64466
1481.16	3.56453
1481.28	3.45829
1481.4	3.34489
1481.51	3.21281
1481.63	3.05491
1481.74	2.8674
1481.86	2.66599
1481.98	2.45985
1482.09	2.26226
1482.21	2.07038
1482.33	1.88364
1482.44	1.69896
1482.56	1.51442
1482.67	1.33376
1482.79	1.15003
1482.9	0.954131
1483.02	0.737997
1483.14	0.512092
1483.25	0.275109
1483.37	0.0368615
1483.49	-0.188919
1483.6	-0.3899
1483.72	-0.557676
1483.83	-0.703806
1483.95	-0.815647
1484.06	-0.887763
1484.18	-0.930996
1484.3	-0.951525
1484.41	-0.951862
1484.53	-0.932539
1484.64	-0.907989
1484.76	-0.87026
1484.88	-0.822601
1484.99	-0.76374
1485.11	-0.684622
1485.22	-0.577834
1485.34	-0.476248
1485.46	-0.378112
1485.57	-0.265498
1485.69	-0.143431
1485.8	0.00190219
1485.92	0.168027
1486.03	0.355825
1486.15	0.563925
1486.27	0.769041
1486.38	0.975185
1486.5	1.1987
1486.61	1.44621
1486.73	1.69378
1486.84	1.95542
1486.96	2.23214
1487.08	2.50771
1487.19	2.79543
1487.31	3.09214
1487.42	3.37969
1487.54	3.64759
1487.65	3.8956
1487.77	4.097
1487.89	4.25831
1488	4.37878
1488.12	4.46143
1488.23	4.50895
1488.35	4.51758
1488.46	4.49715
1488.58	4.448
1488.69	4.36627
1488.81	4.26119
1488.93	4.13399
1489.04	3.9751
1489.16	3.78746
1489.27	3.58535
1489.39	3.35795
1489.5	3.11895
1489.62	2.87335
1489.73	2.61688
1489.85	2.37205
1489.97	2.13166
1490.08	1.89626
1490.2	1.67262
1490.31	1.46579
1490.43	1.27366
1490.54	1.10523
1490.66	0.967911
1490.77	0.859234
1490.89	0.780066
1491	0.721227
1491.12	0.677877
1491.24	0.654938
1491.35	0.653818
1491.47	0.675999
1491.58	0.71689
1491.7	0.781931
1491.81	0.876475
1491.93	0.999617
1492.04	1.13872
1492.16	1.29853
1492.27	1.47552
1492.39	1.66395
1492.5	1.85601
1492.62	2.03217
1492.73	2.19691
1492.85	2.35714
1492.96	2.51496
1493.08	2.66293
1493.2	2.79392
1493.31	2.91701
1493.43	3.04205
1493.54	3.17527
1493.66	3.31801
1493.77	3.45005
1493.89	3.59165
1494	3.7542
1494.12	3.93373
1494.23	4.10376
1494.35	4.25472
1494.46	4.37365
1494.58	4.46632
1494.69	4.52964
1494.81	4.57716
1494.92	4.6077
1495.04	4.55919
1495.15	4.50451
1495.27	4.41971
1495.38	4.41833
1495.5	4.40455
1495.61	4.3694
1495.73	4.30745
1495.84	4.21093
1495.96	4.07688
1496.07	3.90552
1496.19	3.70485
1496.3	3.47772
1496.31	3.44371
1496.43	3.18238
1496.54	2.90907
1496.66	2.61333
1496.77	2.30585
1496.89	2.00193
1497.01	1.66352
1497.12	1.30315
1497.24	0.951436
1497.35	0.630223
1497.47	0.332779
1497.59	0.0906327
1497.7	-0.106419
1497.82	-0.250873
1497.93	-0.34078
1498.05	-0.385388
1498.16	-0.399342
1498.28	-0.404029
1498.39	-0.40859
1498.51	-0.432232
1498.63	-0.478846
1498.74	-0.569076
1498.86	-0.739216
1498.97	-0.99393
1499.09	-1.3258
1499.2	-1.70752
1499.32	-2.05994
1499.43	-2.24228
1499.55	-1.98777
1499.67	-0.933189
1499.78	1.446
1499.9	5.84495
1499.95	9.01115
1499.99	11.6004
