1060.78	104.872
1060.92	104.872
1061.05	104.997
1061.19	105.214
1061.33	105.5
1061.47	105.837
1061.61	106.21
1061.75	106.617
1061.88	107.053
1062.02	107.518
1062.16	108.011
1062.3	108.533
1062.44	109.082
1062.57	109.656
1062.71	110.254
1062.85	110.874
1062.99	111.51
1063.13	112.161
1063.26	112.822
1063.4	113.488
1063.54	114.154
1063.68	114.816
1063.82	115.468
1063.95	116.103
1064.09	116.717
1064.23	117.304
1064.37	117.857
1064.51	118.372
1064.64	118.839
1064.78	119.261
1064.92	119.63
1065.06	119.942
1065.2	120.195
1065.33	120.386
1065.47	120.515
1065.61	120.585
1065.75	120.604
1065.89	120.57
1066.02	120.48
1066.16	120.335
1066.3	120.137
1066.44	119.887
1066.57	119.591
1066.71	119.25
1066.85	118.872
1066.99	118.461
1067.13	118.028
1067.26	117.572
1067.4	117.104
1067.54	116.632
1067.68	116.164
1067.81	115.704
1067.95	115.26
1068.09	114.839
1068.23	114.451
1068.37	114.095
1068.5	113.781
1068.64	113.515
1068.78	113.296
1068.92	113.131
1069.05	113.021
1069.19	112.969
1069.33	112.975
1069.47	113.039
1069.6	113.161
1069.74	113.339
1069.88	113.571
1070.02	113.855
1070.15	114.186
1070.29	114.563
1070.43	114.982
1070.57	115.433
1070.71	115.917
1070.84	116.423
1070.98	116.952
1071.12	117.49
1071.26	118.041
1071.39	118.591
1071.53	119.141
1071.67	119.683
1071.81	120.216
1071.94	120.732
1072.08	121.234
1072.22	121.712
1072.35	122.171
1072.49	122.604
1072.63	123.015
1072.77	123.399
1072.9	123.761
1073.04	124.098
1073.18	124.412
1073.32	124.707
1073.45	124.981
1073.59	125.24
1073.73	125.482
1073.87	125.712
1074	125.933
1074.14	126.145
1074.28	126.353
1074.41	126.558
1074.55	126.762
1074.69	126.969
1074.83	127.178
1074.96	127.393
1075.1	127.615
1075.24	127.844
1075.38	128.081
1075.51	128.327
1075.65	128.583
1075.79	128.846
1075.92	129.116
1076.06	129.394
1076.2	129.677
1076.34	129.964
1076.47	130.254
1076.61	130.545
1076.75	130.837
1076.88	131.125
1077.02	131.408
1077.16	131.686
1077.29	131.954
1077.43	132.215
1077.57	132.462
1077.71	132.697
1077.84	132.917
1077.98	133.121
1078.12	133.309
1078.25	133.481
1078.39	133.634
1078.53	133.769
1078.67	133.886
1078.8	133.984
1078.94	134.064
1079.08	134.127
1079.21	134.171
1079.35	134.199
1079.49	134.209
1079.62	134.204
1079.76	134.183
1079.9	134.148
1080.03	134.097
1080.17	134.034
1080.31	133.957
1080.45	133.868
1080.58	133.767
1080.72	133.654
1080.86	133.532
1080.99	133.4
1081.13	133.258
1081.27	133.107
1081.4	132.949
1081.54	132.784
1081.68	132.612
1081.81	132.435
1081.95	132.254
1082.09	132.07
1082.22	131.884
1082.36	131.697
1082.5	131.509
1082.63	131.322
1082.77	131.138
1082.91	130.956
1083.04	130.777
1083.18	130.603
1083.32	130.435
1083.45	130.273
1083.59	130.12
1083.73	129.974
1083.86	129.838
1084	129.713
1084.14	129.6
1084.27	129.499
1084.41	129.412
1084.55	129.34
1084.68	129.282
1084.82	129.241
1084.96	129.217
1085.09	129.21
1085.23	129.221
1085.36	129.249
1085.5	129.296
1085.64	129.361
1085.77	129.444
1085.91	129.544
1086.05	129.662
1086.18	129.797
1086.32	129.946
1086.46	130.11
1086.59	130.289
1086.73	130.478
1086.87	130.68
1087	130.89
1087.14	131.109
1087.27	131.335
1087.41	131.565
1087.55	131.799
1087.68	132.035
1087.82	132.272
1087.96	132.508
1088.09	132.74
1088.23	132.97
1088.36	133.193
1088.5	133.411
1088.64	133.619
1088.77	133.819
1088.91	134.008
1089.05	134.186
1089.18	134.351
1089.32	134.503
1089.45	134.641
1089.59	134.765
1089.73	134.873
1089.86	134.966
1090	135.043
1090.14	135.106
1090.27	135.154
1090.41	135.187
1090.54	135.208
1090.68	135.216
1090.82	135.214
1090.95	135.203
1091.09	135.185
1091.22	135.162
1091.36	135.135
1091.5	135.108
1091.63	135.082
1091.77	135.059
1091.91	135.041
1092.04	135.031
1092.18	135.03
1092.31	135.04
1092.45	135.063
1092.58	135.101
1092.72	135.155
1092.86	135.226
1092.99	135.314
1093.13	135.422
1093.26	135.55
1093.4	135.696
1093.54	135.861
1093.67	136.046
1093.81	136.249
1093.94	136.469
1094.08	136.704
1094.22	136.954
1094.35	137.216
1094.49	137.49
1094.62	137.77
1094.76	138.056
1094.89	138.345
1095.03	138.634
1095.17	138.92
1095.3	139.203
1095.44	139.475
1095.57	139.737
1095.71	139.985
1095.85	140.217
1095.98	140.43
1096.12	140.624
1096.25	140.795
1096.39	140.942
1096.52	141.065
1096.66	141.163
1096.8	141.236
1096.93	141.283
1097.07	141.306
1097.2	141.305
1097.34	141.282
1097.47	141.238
1097.61	141.176
1097.74	141.097
1097.88	141.005
1098.02	140.902
1098.15	140.791
1098.29	140.674
1098.42	140.554
1098.56	140.436
1098.69	140.32
1098.83	140.21
1098.96	140.108
1099.1	140.016
1099.24	139.937
1099.37	139.871
1099.51	139.821
1099.64	139.788
1099.78	139.773
1099.91	139.775
1100.05	139.796
1100.18	139.835
1100.32	139.892
1100.45	139.966
1100.59	140.055
1100.73	140.16
1100.86	140.276
1101	140.404
1101.13	140.541
1101.27	140.685
1101.4	140.834
1101.54	140.985
1101.67	141.138
1101.81	141.29
1101.94	141.439
1102.08	141.583
1102.21	141.722
1102.35	141.854
1102.48	141.978
1102.62	142.092
1102.75	142.197
1102.89	142.293
1103.02	142.379
1103.16	142.456
1103.3	142.523
1103.43	142.582
1103.57	142.633
1103.7	142.677
1103.84	142.715
1103.97	142.748
1104.11	142.777
1104.24	142.804
1104.38	142.829
1104.51	142.853
1104.65	142.878
1104.78	142.903
1104.92	142.931
1105.05	142.961
1105.19	142.993
1105.32	143.029
1105.46	143.067
1105.59	143.107
1105.73	143.15
1105.86	143.194
1106	143.239
1106.13	143.286
1106.27	143.332
1106.4	143.377
1106.54	143.42
1106.67	143.461
1106.81	143.499
1106.94	143.534
1107.08	143.563
1107.21	143.588
1107.35	143.607
1107.48	143.621
1107.62	143.629
1107.75	143.631
1107.89	143.626
1108.02	143.616
1108.16	143.601
1108.29	143.581
1108.43	143.557
1108.56	143.529
1108.7	143.499
1108.83	143.467
1108.97	143.434
1109.1	143.403
1109.23	143.373
1109.37	143.346
1109.5	143.322
1109.64	143.303
1109.77	143.287
1109.91	143.277
1110.04	143.272
1110.18	143.272
1110.31	143.277
1110.45	143.288
1110.58	143.304
1110.72	143.324
1110.85	143.348
1110.99	143.376
1111.12	143.406
1111.26	143.438
1111.39	143.47
1111.52	143.502
1111.66	143.533
1111.79	143.561
1111.93	143.585
1112.06	143.605
1112.2	143.619
1112.33	143.626
1112.47	143.626
1112.6	143.618
1112.74	143.602
1112.87	143.576
1113	143.541
1113.14	143.498
1113.27	143.445
1113.41	143.385
1113.54	143.316
1113.68	143.241
1113.81	143.16
1113.95	143.074
1114.08	142.983
1114.21	142.891
1114.35	142.796
1114.48	142.702
1114.62	142.61
1114.75	142.52
1114.89	142.436
1115.02	142.357
1115.16	142.286
1115.29	142.225
1115.42	142.174
1115.56	142.135
1115.69	142.109
1115.83	142.097
1115.96	142.1
1116.1	142.12
1116.23	142.155
1116.36	142.207
1116.5	142.276
1116.63	142.362
1116.77	142.464
1116.9	142.581
1117.04	142.714
1117.17	142.862
1117.3	143.022
1117.44	143.193
1117.57	143.377
1117.71	143.57
1117.84	143.771
1117.97	143.98
1118.11	144.193
1118.24	144.41
1118.38	144.63
1118.51	144.849
1118.64	145.065
1118.78	145.279
1118.91	145.486
1119.05	145.686
1119.18	145.876
1119.31	146.055
1119.45	146.223
1119.58	146.375
1119.72	146.513
1119.85	146.635
1119.99	146.739
1120.12	146.825
1120.25	146.893
1120.39	146.942
1120.52	146.971
1120.66	146.982
1120.79	146.973
1120.92	146.945
1121.06	146.898
1121.19	146.834
1121.32	146.753
1121.46	146.657
1121.59	146.544
1121.73	146.418
1121.86	146.28
1121.99	146.131
1122.13	145.973
1122.26	145.806
1122.4	145.634
1122.53	145.456
1122.66	145.276
1122.8	145.092
1122.93	144.909
1123.06	144.725
1123.2	144.543
1123.33	144.362
1123.47	144.186
1123.6	144.012
1123.73	143.844
1123.87	143.679
1124	143.52
1124.13	143.367
1124.27	143.218
1124.4	143.076
1124.54	142.939
1124.67	142.807
1124.8	142.681
1124.94	142.56
1125.07	142.443
1125.2	142.331
1125.34	142.223
1125.47	142.119
1125.6	142.017
1125.74	141.918
1125.87	141.822
1126.01	141.728
1126.14	141.636
1126.27	141.545
1126.41	141.457
1126.54	141.37
1126.67	141.287
1126.81	141.206
1126.94	141.13
1127.07	141.057
1127.21	140.99
1127.34	140.929
1127.47	140.875
1127.61	140.828
1127.74	140.79
1127.87	140.762
1128.01	140.745
1128.14	140.738
1128.27	140.744
1128.41	140.764
1128.54	140.796
1128.67	140.843
1128.81	140.904
1128.94	140.98
1129.07	141.07
1129.21	141.176
1129.34	141.295
1129.47	141.427
1129.61	141.572
1129.74	141.729
1129.87	141.896
1130.01	142.073
1130.14	142.257
1130.27	142.447
1130.41	142.642
1130.54	142.839
1130.67	143.038
1130.81	143.235
1130.94	143.431
1131.07	143.622
1131.21	143.806
1131.34	143.984
1131.47	144.151
1131.61	144.308
1131.74	144.452
1131.87	144.582
1132	144.696
1132.14	144.795
1132.27	144.876
1132.4	144.94
1132.54	144.986
1132.67	145.013
1132.8	145.022
1132.94	145.013
1133.07	144.987
1133.2	144.944
1133.34	144.886
1133.47	144.813
1133.6	144.727
1133.73	144.63
1133.87	144.522
1134	144.408
1134.13	144.287
1134.27	144.161
1134.4	144.034
1134.53	143.906
1134.66	143.781
1134.8	143.659
1134.93	143.542
1135.06	143.432
1135.2	143.331
1135.33	143.24
1135.46	143.16
1135.6	143.093
1135.73	143.04
1135.86	143.002
1135.99	142.978
1136.13	142.969
1136.26	142.975
1136.39	142.997
1136.53	143.034
1136.66	143.085
1136.79	143.151
1136.92	143.229
1137.06	143.319
1137.19	143.42
1137.32	143.53
1137.45	143.649
1137.59	143.774
1137.72	143.902
1137.85	144.034
1137.98	144.165
1138.12	144.295
1138.25	144.422
1138.38	144.542
1138.52	144.655
1138.65	144.758
1138.78	144.851
1138.91	144.93
1139.05	144.995
1139.18	145.045
1139.31	145.078
1139.44	145.094
1139.58	145.093
1139.71	145.074
1139.84	145.037
1139.97	144.983
1140.11	144.912
1140.24	144.826
1140.37	144.725
1140.5	144.61
1140.64	144.484
1140.77	144.347
1140.9	144.203
1141.03	144.051
1141.17	143.896
1141.3	143.739
1141.43	143.582
1141.56	143.427
1141.7	143.277
1141.83	143.132
1141.96	142.997
1142.09	142.871
1142.23	142.758
1142.36	142.658
1142.49	142.573
1142.62	142.503
1142.76	142.451
1142.89	142.416
1143.02	142.398
1143.15	142.398
1143.28	142.415
1143.42	142.449
1143.55	142.498
1143.68	142.562
1143.81	142.638
1143.95	142.726
1144.08	142.824
1144.21	142.931
1144.34	143.043
1144.47	143.158
1144.61	143.275
1144.74	143.391
1144.87	143.505
1145	143.614
1145.14	143.715
1145.27	143.808
1145.4	143.891
1145.53	143.963
1145.66	144.021
1145.8	144.067
1145.93	144.099
1146.06	144.117
1146.19	144.12
1146.32	144.109
1146.46	144.085
1146.59	144.048
1146.72	143.999
1146.85	143.94
1146.98	143.87
1147.12	143.793
1147.25	143.709
1147.38	143.621
1147.51	143.529
1147.64	143.436
1147.78	143.343
1147.91	143.252
1148.04	143.165
1148.17	143.083
1148.3	143.009
1148.44	142.943
1148.57	142.887
1148.7	142.843
1148.83	142.81
1148.96	142.791
1149.1	142.785
1149.23	142.792
1149.36	142.814
1149.49	142.85
1149.62	142.9
1149.76	142.963
1149.89	143.038
1150.02	143.125
1150.15	143.222
1150.28	143.329
1150.41	143.443
1150.55	143.564
1150.68	143.688
1150.81	143.817
1150.94	143.946
1151.07	144.075
1151.2	144.201
1151.34	144.324
1151.47	144.442
1151.6	144.552
1151.73	144.652
1151.86	144.742
1151.99	144.82
1152.13	144.884
1152.26	144.934
1152.39	144.967
1152.52	144.983
1152.65	144.982
1152.78	144.963
1152.92	144.924
1153.05	144.867
1153.18	144.79
1153.31	144.694
1153.44	144.58
1153.57	144.447
1153.7	144.297
1153.84	144.13
1153.97	143.947
1154.1	143.751
1154.23	143.542
1154.36	143.323
1154.49	143.094
1154.63	142.858
1154.76	142.62
1154.89	142.378
1155.02	142.138
1155.15	141.899
1155.28	141.667
1155.41	141.442
1155.55	141.228
1155.68	141.026
1155.81	140.84
1155.94	140.67
1156.07	140.52
1156.2	140.391
1156.33	140.284
1156.46	140.201
1156.6	140.142
1156.73	140.108
1156.86	140.1
1156.99	140.117
1157.12	140.16
1157.25	140.228
1157.38	140.319
1157.52	140.434
1157.65	140.57
1157.78	140.725
1157.91	140.899
1158.04	141.087
1158.17	141.288
1158.3	141.501
1158.43	141.72
1158.56	141.944
1158.7	142.172
1158.83	142.396
1158.96	142.617
1159.09	142.831
1159.22	143.037
1159.35	143.23
1159.48	143.408
1159.61	143.57
1159.74	143.715
1159.88	143.84
1160.01	143.944
1160.14	144.028
1160.27	144.089
1160.4	144.129
1160.53	144.146
1160.66	144.142
1160.79	144.118
1160.92	144.074
1161.06	144.012
1161.19	143.934
1161.32	143.843
1161.45	143.739
1161.58	143.626
1161.71	143.506
1161.84	143.381
1161.97	143.254
1162.1	143.126
1162.23	143.001
1162.36	142.882
1162.5	142.771
1162.63	142.668
1162.76	142.578
1162.89	142.5
1163.02	142.437
1163.15	142.389
1163.28	142.357
1163.41	142.343
1163.54	142.345
1163.67	142.365
1163.8	142.401
1163.93	142.454
1164.07	142.522
1164.2	142.605
1164.33	142.702
1164.46	142.809
1164.59	142.928
1164.72	143.054
1164.85	143.186
1164.98	143.324
1165.11	143.464
1165.24	143.604
1165.37	143.743
1165.5	143.878
1165.63	144.008
1165.76	144.13
1165.89	144.242
1166.03	144.344
1166.16	144.434
1166.29	144.511
1166.42	144.574
1166.55	144.623
1166.68	144.657
1166.81	144.676
1166.94	144.68
1167.07	144.67
1167.2	144.646
1167.33	144.609
1167.46	144.561
1167.59	144.502
1167.72	144.434
1167.85	144.359
1167.98	144.279
1168.11	144.195
1168.24	144.11
1168.37	144.026
1168.51	143.944
1168.64	143.867
1168.77	143.797
1168.9	143.735
1169.03	143.683
1169.16	143.643
1169.29	143.616
1169.42	143.603
1169.55	143.606
1169.68	143.625
1169.81	143.662
1169.94	143.715
1170.07	143.785
1170.2	143.873
1170.33	143.976
1170.46	144.096
1170.59	144.229
1170.72	144.376
1170.85	144.535
1170.98	144.702
1171.11	144.878
1171.24	145.058
1171.37	145.242
1171.5	145.425
1171.63	145.607
1171.76	145.783
1171.89	145.951
1172.02	146.108
1172.15	146.251
1172.28	146.379
1172.41	146.488
1172.54	146.577
1172.67	146.643
1172.8	146.685
1172.93	146.701
1173.06	146.69
1173.19	146.652
1173.32	146.585
1173.45	146.491
1173.58	146.37
1173.71	146.222
1173.85	146.048
1173.97	145.85
1174.1	145.63
1174.24	145.389
1174.36	145.131
1174.49	144.857
1174.62	144.571
1174.75	144.274
1174.88	143.972
1175.01	143.667
1175.14	143.36
1175.27	143.06
1175.4	142.766
1175.53	142.483
1175.66	142.212
1175.79	141.959
1175.92	141.726
1176.05	141.515
1176.18	141.328
1176.31	141.167
1176.44	141.035
1176.57	140.932
1176.7	140.86
1176.83	140.817
1176.96	140.806
1177.09	140.825
1177.22	140.873
1177.35	140.949
1177.48	141.052
1177.61	141.179
1177.74	141.328
1177.87	141.497
1178	141.683
1178.13	141.884
1178.26	142.095
1178.39	142.315
1178.52	142.539
1178.65	142.766
1178.78	142.99
1178.91	143.209
1179.04	143.419
1179.17	143.619
1179.3	143.806
1179.43	143.977
1179.56	144.129
1179.69	144.262
1179.82	144.374
1179.95	144.462
1180.07	144.528
1180.2	144.571
1180.33	144.589
1180.46	144.584
1180.59	144.555
1180.72	144.505
1180.85	144.434
1180.98	144.343
1181.11	144.235
1181.24	144.111
1181.37	143.975
1181.5	143.826
1181.63	143.67
1181.76	143.507
1181.89	143.341
1182.02	143.174
1182.15	143.01
1182.28	142.85
1182.41	142.697
1182.54	142.554
1182.66	142.422
1182.79	142.304
1182.92	142.2
1183.05	142.112
1183.18	142.041
1183.31	141.99
1183.44	141.957
1183.57	141.943
1183.7	141.95
1183.83	141.976
1183.96	142.022
1184.09	142.087
1184.22	142.171
1184.35	142.273
1184.48	142.392
1184.6	142.526
1184.73	142.676
1184.86	142.84
1184.99	143.014
1185.12	143.2
1185.25	143.394
1185.38	143.594
1185.51	143.801
1185.64	144.009
1185.77	144.221
1185.9	144.431
1186.03	144.639
1186.15	144.844
1186.28	145.042
1186.41	145.235
1186.54	145.417
1186.67	145.591
1186.8	145.752
1186.93	145.902
1187.06	146.037
1187.19	146.159
1187.32	146.264
1187.45	146.354
1187.57	146.427
1187.7	146.483
1187.83	146.52
1187.96	146.541
1188.09	146.543
1188.22	146.528
1188.35	146.496
1188.48	146.448
1188.61	146.385
1188.73	146.308
1188.86	146.219
1188.99	146.118
1189.12	146.008
1189.25	145.892
1189.38	145.768
1189.51	145.643
1189.64	145.515
1189.77	145.388
1189.89	145.264
1190.02	145.146
1190.15	145.035
1190.28	144.934
1190.41	144.846
1190.54	144.771
1190.67	144.714
1190.8	144.675
1190.92	144.655
1191.05	144.657
1191.18	144.68
1191.31	144.726
1191.44	144.795
1191.57	144.886
1191.7	145.001
1191.83	145.135
1191.95	145.29
1192.08	145.462
1192.21	145.651
1192.34	145.853
1192.47	146.062
1192.6	146.276
1192.73	146.49
1192.86	146.696
1192.98	146.902
1193.11	147.103
1193.24	147.296
1193.37	147.478
1193.5	147.644
1193.63	147.791
1193.76	147.916
1193.88	148.016
1194.01	148.087
1194.14	148.129
1194.27	148.138
1194.4	148.115
1194.53	148.058
1194.65	147.97
1194.78	147.851
1194.91	147.704
1195.04	147.534
1195.17	147.346
1195.3	147.147
1195.43	146.944
1195.55	146.746
1195.68	146.566
1195.81	146.415
1195.94	146.307
1196.07	146.26
1196.2	146.289
1196.32	146.416
1196.45	146.661
1196.58	147.044
1196.71	147.586
1196.84	148.306
1196.97	149.221
1197.09	150.349
