1000.7	806.73
1001.4	815.265
1002.1	814.575
1002.8	806.941
1003.5	795.21
1004.2	783.326
1004.9	771.231
1005.6	759.575
1006.3	748.322
1007	737.489
1007.7	726.792
1008.4	716.61
1009.1	707.775
1009.8	698.15
1010.5	688.125
1011.2	679.954
1011.89	673.766
1012.59	667.036
1013.29	661.484
1013.99	655.809
1014.69	651.208
1015.39	647.087
1016.09	643.474
1016.78	640.217
1017.48	637.627
1018.18	635.777
1018.88	634.372
1019.58	633.485
1020.27	632.915
1020.97	632.47
1021.67	632.152
1022.37	632.565
1023.07	632.928
1023.76	632.205
1024.46	631.541
1025.16	631.756
1025.85	632.254
1026.55	632.801
1027.25	633.758
1027.94	632.751
1028.64	633.008
1029.34	633.291
1030.04	633.247
1030.73	633.32
1031.43	633.415
1032.12	633.584
1032.82	634.182
1033.52	633.921
1034.21	634.563
1034.91	634.307
1035.6	634.9
1036.3	635.823
1037	635.24
1037.69	635.867
1038.39	636.399
1039.08	636.05
1039.78	635.072
1040.47	635.464
1041.17	636.193
1041.86	636.233
1042.56	637.01
1043.25	637.105
1043.95	637.22
1044.64	637.717
1045.34	638.784
1046.03	640.081
1046.73	640.226
1047.42	640.104
1048.12	641.354
1048.81	642.789
1049.5	643.357
1050.2	643.412
1050.89	644.161
1051.58	645.195
1052.28	644.962
1052.97	645.376
1053.67	644.769
1054.36	644.043
1055.05	644.476
1055.75	644.591
1056.44	643.85
1057.13	643.882
1057.82	643.451
1058.52	642.374
1059.21	641.578
1059.9	641.143
1060.6	641.258
1061.29	642.025
1061.98	642.204
1062.67	642.338
1063.36	642.762
1064.06	643.461
1064.75	643.075
1065.44	643.06
1066.13	643.879
1066.82	645.265
1067.52	645.748
1068.21	646.669
1068.9	646.819
1069.59	648.125
1070.28	648.669
1070.97	648.342
1071.66	648.682
1072.36	648.969
1073.05	649.753
1073.74	649.991
1074.43	651.687
1075.12	653.603
1075.81	656.294
1076.5	656.905
1077.19	656.925
1077.88	657.365
1078.57	658.133
1079.26	658.52
1079.95	658.984
1080.64	658.2
1081.33	657.476
1082.02	657.421
1082.71	658.383
1083.4	658.147
1084.09	658.03
1084.78	658.297
1085.47	657.906
1086.16	657.775
1086.85	657.457
1087.54	657.414
1088.22	657.138
1088.91	657.64
1089.6	657.396
1090.29	657.541
1090.98	657.004
1091.67	657.746
1092.36	658.254
1093.05	657.275
1093.73	655.847
1094.42	655.548
1095.11	656.653
1095.8	657.175
1096.49	657.637
1097.17	658.918
1097.86	659.964
1098.55	660.604
1099.24	661.051
1099.92	662.337
1100.61	662.551
1101.3	664.739
1101.99	666.868
1102.67	667.819
1103.36	668.529
1104.05	669.918
1104.73	671.52
1105.42	672.973
1106.11	674.863
1106.79	675.533
1107.48	677.616
1108.17	679.495
1108.85	681.387
1109.54	682.386
1110.22	683.53
1110.91	685.487
1111.6	686.72
1112.28	689.799
1112.97	692.565
1113.65	694.184
1114.34	696.047
1115.02	697.812
1115.71	699.629
1116.4	702.784
1117.08	704.849
1117.77	705.549
1118.45	707.056
1119.14	708.44
1119.82	710.475
1120.51	712.04
1121.19	714.558
1121.87	716.183
1122.56	716.016
1123.24	715.877
1123.93	715.803
1124.61	715.438
1125.3	715.026
1125.98	713.299
1126.66	711.953
1127.35	709.688
1128.03	707.54
1128.72	705.509
1129.4	703.27
1130.08	699.644
1130.77	696.851
1131.45	692.783
1132.13	689.121
1132.82	686.178
1133.5	682.503
1134.18	679.152
1134.86	676.315
1135.55	673.307
1136.23	669.477
1136.91	666.417
1137.59	663.84
1138.28	661.112
1138.96	657.871
1139.64	653.804
1140.32	650.743
1141.01	647.743
1141.69	646.073
1142.37	643.959
1143.05	642.724
1143.73	641.623
1144.42	641.647
1145.1	641.969
1145.78	641.344
1146.46	641.624
1147.14	641.682
1147.82	642.523
1148.5	642.097
1149.18	642.924
1149.87	642.823
1150.55	642.773
1151.23	642.318
1151.91	641.554
1152.59	641.688
1153.27	640.858
1153.95	641.921
1154.63	642.315
1155.31	641.686
1155.99	641.285
1156.67	641.957
1157.35	642.793
1158.03	643.166
1158.71	644.102
1159.39	643.982
1160.07	644.649
1160.75	645.463
1161.43	645.114
1162.11	645.558
1162.79	645.573
1163.47	646.218
1164.14	646.974
1164.82	648.771
1165.5	649.957
1166.18	650.866
1166.86	651.897
1167.54	653.455
1168.22	654.706
1168.9	655.144
1169.57	656.826
1170.25	655.998
1170.93	656.113
1171.61	656.412
1172.29	656.405
1172.96	657.437
1173.64	657.156
1174.32	656.196
1175	656.125
1175.67	655.122
1176.35	652.74
1177.03	651.676
1177.71	649.351
1178.38	647.937
1179.06	645.054
1179.74	642.43
1180.41	640.978
1181.09	639.321
1181.77	636.592
1182.44	634.696
1183.12	632.388
1183.8	630.822
1184.47	628.396
1185.15	626.42
1185.83	624.594
1186.5	622.741
1187.18	621.495
1187.86	620.04
1188.53	619.259
1189.21	619.524
1189.88	619.873
1190.56	620.799
1191.23	621.18
1191.91	621.36
1192.58	623.058
1193.26	624.404
1193.94	625.883
1194.61	627.797
1195.28	630.151
1195.96	630.798
1196.63	633.312
1197.31	635.823
1197.98	638.673
1198.66	641.842
1199.33	644.525
1200.01	647.978
1200.68	649.815
1201.36	651.454
1202.03	654.427
1202.7	657.305
1203.38	660.222
1204.05	662.208
1204.73	664.198
1205.4	665.93
1206.07	667.901
1206.75	669.054
1207.42	670.662
1208.09	673.518
1208.77	675.842
1209.44	679.357
1210.11	682.554
1210.79	686.107
1211.46	690.207
1212.13	693.472
1212.8	698.159
1213.48	703.289
1214.15	707.898
1214.82	712.236
1215.49	716.652
1216.17	720.597
1216.84	726.126
1217.51	730.418
1218.18	734.657
1218.85	739.858
1219.53	744.583
1220.2	749.695
1220.87	754.656
1221.54	758.721
1222.21	762.746
1222.88	767.366
1223.56	770.854
1224.23	773.76
1224.9	776.995
1225.57	780.354
1226.24	783.058
1226.91	784.817
1227.58	786.789
1228.25	788.1
1228.92	789.115
1229.59	790.448
1230.26	790.66
1230.93	790.55
1231.61	790.883
1232.27	790.567
1232.95	790.206
1233.61	789.319
1234.29	788.947
1234.95	788.367
1235.62	787.102
1236.29	785.041
1236.96	784.26
1237.63	782.843
1238.3	781.724
1238.97	781.284
1239.64	780.263
1240.31	779.728
1240.98	779.233
1241.65	779.467
1242.32	780.425
1242.99	780.653
1243.66	781.151
1244.32	781.935
1244.99	783.173
1245.66	783.753
1246.33	782.76
1247	781.724
1247.67	781.92
1248.33	782.354
1249	781.665
1249.67	780.512
1250.34	780.141
1251	780.028
1251.67	779.519
1252.34	779.05
1253.01	777.474
1253.68	775.578
1254.34	773.75
1255.01	772.453
1255.68	771.192
1256.34	769.955
1257.01	768.478
1257.68	766.073
1258.34	764.653
1259.01	762.895
1259.68	760.579
1260.34	759.006
1261.01	755.835
1261.68	752.726
1262.34	749.409
1263.01	745.904
1263.68	743.48
1264.34	741.362
1265.01	738.501
1265.67	735.262
1266.34	732.076
1267.01	729.736
1267.67	726.411
1268.34	722.583
1269	719.106
1269.67	716.202
1270.33	713.931
1271	710.208
1271.66	706.617
1272.33	703.588
1272.99	700.63
1273.66	696.998
1274.32	694.155
1274.99	690.678
1275.65	687.039
1276.32	684.215
1276.98	682.036
1277.64	680.005
1278.31	677.533
1278.97	675.299
1279.64	673.004
1280.3	670.537
1280.96	667.282
1281.63	664.416
1282.29	663.171
1282.96	661.819
1283.62	660.292
1284.28	659.16
1284.95	658.001
1285.61	657.944
1286.27	657.373
1286.94	656.937
1287.6	657.257
1288.26	657.772
1288.92	658.132
1289.59	657.998
1290.25	657.501
1290.91	656.699
1291.57	655.911
1292.24	655.744
1292.9	655.953
1293.56	656.284
1294.22	656.716
1294.89	658.244
1295.55	659.414
1296.21	660.682
1296.87	660.744
1297.53	661.68
1298.2	662.184
1298.86	662.938
1299.52	664.307
1300.18	665.226
1300.84	665.257
1301.5	664.852
1302.16	665.571
1302.82	666.5
1303.49	667.518
1304.15	669.167
1304.81	671.143
1305.47	673.203
1306.13	674.755
1306.79	677.211
1307.45	680.031
1308.11	681.533
1308.77	683.063
1309.43	684.574
1310.09	686.004
1310.75	687.859
1311.41	690.682
1312.07	692.708
1312.73	693.81
1313.39	696.097
1314.05	697.805
1314.71	700.346
1315.37	702.562
1316.03	703.401
1316.69	705.525
1317.35	708.02
1318	709.737
1318.66	710.127
1319.32	710.641
1319.98	711.156
1320.64	712.503
1321.3	713.1
1321.96	713.577
1322.62	714.441
1323.27	714.424
1323.93	715.186
1324.59	714.85
1325.25	713.91
1325.91	712.731
1326.56	712.766
1327.22	712.427
1327.88	712.223
1328.54	712.054
1329.2	711.007
1329.85	711.772
1330.51	711.446
1331.17	711.011
1331.83	713.373
1332.48	715.979
1333.14	717.034
1333.8	716.839
1334.45	717.679
1335.11	718.625
1335.77	719.357
1336.42	718.455
1337.08	718.612
1337.74	717.77
1338.39	718.946
1339.05	720.635
1339.71	721.671
1340.36	721.574
1341.02	721.442
1341.67	722.191
1342.33	722.778
1342.99	722.18
1343.64	721.713
1344.3	719.905
1344.95	718.334
1345.61	714.544
1346.27	712.227
1346.92	711.381
1347.58	708.21
1348.23	705.168
1348.79	703.545
1349.44	701.954
1350.1	699.911
1350.76	698.361
1351.41	696.886
1352.07	693.971
1352.73	690.982
1353.39	689.163
1354.04	687.017
1354.7	685.516
1355.36	684.173
1356.01	682.692
1356.67	681.712
1357.32	679.849
1357.98	678.961
1358.64	677.711
1359.29	678.368
1359.95	679.005
1360.61	679.874
1361.26	682.047
1361.92	682.558
1362.57	682.645
1363.23	683.03
1363.88	683.927
1364.54	686.194
1365.2	687.144
1365.85	687.054
1366.51	688.306
1367.16	688.567
1367.82	689.065
1368.47	689.154
1369.13	688.165
1369.78	687.008
1370.44	687.002
1371.09	686.301
1371.74	685.258
1372.4	685.079
1373.05	683.166
1373.71	680.904
1374.36	680.103
1375.02	677.33
1375.67	676.886
1376.32	677.332
1376.98	675.701
1377.63	674.19
1378.28	672.994
1378.94	671.684
1379.59	669.383
1380.25	667.39
1380.9	665.542
1381.55	665.079
1382.21	663.992
1382.86	664.145
1383.51	664.884
1384.16	663.532
1384.82	662.622
1385.47	663.375
1386.12	663.732
1386.78	663.312
1387.43	663.802
1388.08	664.201
1388.73	664.575
1389.38	665.032
1390.04	663.713
1390.69	664.575
1391.34	664.526
1391.99	663.435
1392.65	663.191
1393.3	664.065
1393.95	664.325
1394.6	664.071
1395.25	664.279
1395.9	663.743
1396.55	662.195
1397.21	660.337
1397.86	658.862
1398.51	656.419
1399.16	653.686
1399.81	650.448
1400.46	647.065
1401.11	643.709
1401.76	638.859
1402.41	635.028
1403.06	633.165
1403.71	631.503
1404.37	629.374
1405.02	626.758
1405.67	624.656
1406.32	620.838
1406.97	618.367
1407.62	616.115
1408.27	613.159
1408.92	612.578
1409.57	610.031
1410.21	608.432
1410.86	607.639
1411.51	605.793
1412.16	604.857
1412.81	604.42
1413.46	604.485
1414.11	605.403
1414.76	606.813
1415.41	607.231
1416.06	608.503
1416.71	609.674
1417.36	610.056
1418	611.777
1418.65	612.538
1419.3	613.24
1419.95	615.128
1420.6	616.854
1421.25	618.283
1421.89	619.794
1422.54	621.975
1423.19	623.595
1423.84	625.797
1424.49	628.512
1425.13	630.081
1425.78	631.905
1426.43	633.124
1427.08	635.02
1427.72	637.266
1428.37	637.368
1429.02	639.28
1429.66	640.184
1430.31	640.088
1430.96	640.855
1431.61	642.255
1432.25	643.131
1432.9	644.294
1433.55	644.43
1434.19	645.505
1434.84	647.133
1435.49	648.204
1436.13	649.618
1436.78	651.397
1437.42	654.186
1438.07	655.919
1438.72	657.799
1439.36	660.093
1440.01	661.469
1440.65	662.793
1441.3	664.532
1441.95	666.691
1442.59	666.873
1443.24	667.123
1443.88	668.276
1444.53	668.917
1445.17	669.089
1445.82	668.861
1446.46	670.025
1447.11	672.296
1447.75	672.542
1448.4	671.705
1449.04	670.563
1449.69	671.048
1450.33	669.833
1450.97	669.303
1451.62	668.321
1452.26	667.525
1452.91	667.231
1453.55	666.459
1454.2	664.212
1454.84	663.756
1455.48	661.644
1456.13	660.197
1456.77	659.509
1457.41	656.967
1458.06	655.203
1458.7	652.395
1459.34	650.038
1459.99	647.281
1460.63	644.734
1461.27	641.537
1461.92	638.87
1462.56	635.487
1463.2	632.459
1463.85	629.267
1464.49	627.476
1465.13	624.539
1465.77	622.141
1466.42	620.864
1467.06	618.53
1467.7	616.35
1468.34	614.022
1468.99	611.496
1469.63	609.442
1470.27	608.011
1470.91	605.846
1471.55	602.69
1472.2	599.503
1472.84	596.577
1473.48	593.185
1474.12	590.242
1474.76	587.995
1475.4	585.567
1476.04	582.757
1476.69	578.677
1477.33	575.286
1477.97	572.445
1478.61	569.397
1479.25	566.822
1479.89	564.055
1480.53	561.996
1481.17	559.213
1481.81	557.16
1482.45	554.936
1483.09	553.31
1483.73	551.97
1484.37	550.894
1485.01	550.236
1485.65	549.28
1486.29	547.876
1486.93	547.449
1487.57	547.619
1488.21	546.999
1488.85	545.886
1489.49	545.529
1490.13	546.026
1490.77	545.659
1491.41	544.949
1492.05	544.31
1492.69	544.434
1493.33	545.452
1493.97	546.146
1494.6	546.539
1495.24	547.776
1495.88	549.163
1496.52	550.801
1497.16	552.321
1497.8	551.73
1498.44	553.635
1499.07	554.233
1499.71	555.414
1500.35	555.929
1500.99	555.029
1501.63	556.372
1502.27	556.331
1502.9	556.604
1503.54	556.09
1504.18	556.125
1504.82	556.305
1505.45	557.709
1506.09	557.244
1506.73	557.378
1507.37	558.33
1508	558.728
1508.64	558.797
1509.28	560.126
1509.91	561.653
1510.55	563.158
1511.19	564.795
1511.82	566.26
1512.46	566.962
1513.1	568.32
1513.73	570.161
1514.37	570.61
1515.01	572.374
1515.64	574.185
1516.28	576.11
1516.92	578.377
1517.55	580.059
1518.19	582.474
1518.82	584.328
1519.46	586.016
1520.09	587.569
1520.73	590.022
1521.37	591.663
1522	593.888
1522.64	596.089
1523.27	597.37
1523.91	598.783
1524.54	599.979
1525.18	602.803
1525.81	603.795
1526.45	605.911
1527.08	607.831
1527.72	609.268
1528.35	611.39
1528.98	613.88
1529.62	615.099
1530.25	617.871
1530.89	619.974
1531.52	621.911
1532.16	623.523
1532.79	625.745
1533.42	628.485
1534.06	630.82
1534.69	633.844
1535.33	637.22
1535.96	641.172
1536.59	644.776
1537.23	648.572
1537.86	652.384
1538.49	656.149
1539.13	660.317
1539.76	664.101
1540.39	666.797
1541.03	670.167
1541.66	674.08
1542.29	677.727
1542.92	680.814
1543.56	682.877
1544.19	684.559
1544.82	687.079
1545.45	688.511
1546.09	690.287
1546.72	691.415
1547.35	693.998
1547.98	696.309
1548.62	698.465
1549.25	699.361
1549.88	702.305
1550.51	704.787
1551.14	705.95
1551.77	706.965
1552.41	708.688
1553.04	710.877
1553.67	712.536
1554.3	713.482
1554.93	714.605
1555.56	715.264
1556.19	716.591
1556.82	717.478
1557.46	717.058
1558.09	716.746
1558.72	716.266
1559.35	716.599
1559.98	716.283
1560.61	715.837
1561.24	715.88
1561.87	716.142
1562.5	716.612
1563.13	716.662
1563.76	716.034
1564.39	715.985
1565.02	716.534
1565.65	716.017
1566.28	714.954
1566.91	714.325
1567.54	714.093
1568.17	713.167
1568.8	711.267
1569.43	710.257
1570.06	709.416
1570.69	709.029
1571.32	709.158
1571.95	708.7
1572.57	708.397
1573.2	709.001
1573.83	708.065
1574.46	707.005
1575.09	706.015
1575.72	706.562
1576.35	707.431
1576.97	707.7
1577.6	708.253
1578.23	708.09
1578.86	707.476
1579.49	707.312
1580.12	707.823
1580.74	707.94
1581.37	707.424
1582	707.48
1582.63	707.465
1583.26	707.635
1583.88	707.395
1584.51	706.566
1585.14	705.152
1585.76	703.783
1586.39	701.606
1587.02	699.432
1587.65	697.673
1588.27	695.874
1588.9	694.239
1589.53	692.438
1590.15	692.173
1590.78	690.724
1591.41	689.17
1592.03	687.369
1592.66	687.506
1593.29	686.688
1593.91	685.499
1594.54	684.452
1595.17	684.871
1595.79	685.019
1596.42	685.258
1597.04	685.01
1597.67	684.314
1598.29	682.754
1598.92	681.615
1599.55	679.492
1600.17	676.906
1600.8	675.62
1601.42	674.162
1602.05	672.938
1602.67	670.958
1603.3	669.973
1603.92	668.372
1604.55	667.692
1605.17	666.764
1605.8	665.862
1606.42	665.338
1607.05	665.644
1607.67	665.019
1608.3	664.786
1608.92	665.2
1609.55	666.185
1610.17	666.87
1610.79	666.954
1611.42	666.684
1612.04	667.052
1612.67	668.107
1613.29	669.238
1613.91	670.488
1614.54	670.967
1615.16	672.699
1615.78	673.836
1616.41	674.591
1617.03	675.505
1617.66	677.531
1618.28	679.772
1618.9	680.625
1619.52	680.548
1620.15	679.917
1620.77	679.953
1621.39	680.283
1622.02	680.007
1622.64	679.191
1623.26	677.372
1623.88	676.459
1624.51	675.129
1625.13	673.328
1625.75	670.773
1626.37	668.564
1626.99	665.876
1627.62	662.907
1628.24	660.323
1628.86	657.536
1629.48	653.275
1630.1	649.248
1630.73	645.003
1631.35	641.177
1631.97	637.435
1632.59	634.141
1633.21	631.194
1633.83	629.01
1634.45	627.291
1635.08	625.433
1635.7	623.859
1636.32	622.384
1636.94	620.772
1637.56	618.732
1638.18	615.912
1638.8	612.343
1639.42	609.521
1640.04	606.387
1640.66	602.24
1641.28	597.189
1641.9	593.298
1642.52	588.047
1643.14	582.369
1643.76	577.09
1644.38	571.578
1645	566.443
1645.62	561.511
1646.24	555.893
1646.86	551.527
1647.48	547.642
1648.1	545.808
1648.72	547.073
1649.34	555.081
1649.96	573.598
