1000.62	941.013
1001.32	990.714
1002.02	1016.78
1002.72	1025.87
1003.42	1022.26
1004.12	1011.57
1004.82	995.882
1005.52	977.12
1006.22	957.349
1006.92	937.472
1007.61	918.781
1008.31	900.433
1009.01	883.638
1009.71	867.909
1010.41	852.117
1011.11	837.676
1011.81	824.681
1012.51	813.089
1013.21	801.962
1013.91	792.871
1014.61	784.779
1015.3	778.03
1016	772.053
1016.7	767.998
1017.4	764.433
1018.1	761.97
1018.8	760.365
1019.49	759.446
1020.19	758.937
1020.89	758.571
1021.59	758.657
1022.28	759.254
1022.98	760.204
1023.68	761.016
1024.38	761.557
1025.07	764.39
1025.77	767.671
1026.47	769.063
1027.17	769.008
1027.86	769.753
1028.56	767.93
1029.26	766.453
1029.95	765.642
1030.65	765.007
1031.35	764.693
1032.04	764.408
1032.74	763.367
1033.43	763.206
1034.13	761.776
1034.83	760.531
1035.52	759.389
1036.22	757.968
1036.91	757.246
1037.61	757.085
1038.3	756.19
1039	756.342
1039.7	755.665
1040.39	756.018
1041.09	756.614
1041.78	757.191
1042.48	757.235
1043.17	757.023
1043.87	757.105
1044.56	757.411
1045.25	758.713
1045.95	760.227
1046.64	762.184
1047.34	762.927
1048.03	764.727
1048.73	765.894
1049.42	767.75
1050.11	769.936
1050.81	771.716
1051.5	773.467
1052.2	774.569
1052.89	775.908
1053.58	776.794
1054.28	776.867
1054.97	776.791
1055.66	777.1
1056.36	777.553
1057.05	777.576
1057.74	777.154
1058.43	776.241
1059.13	775.915
1059.82	776.563
1060.51	776.689
1061.21	776.065
1061.9	775.344
1062.59	774.87
1063.28	775.106
1063.97	774.021
1064.67	774.663
1065.36	774.445
1066.05	775.262
1066.74	775.265
1067.43	774.894
1068.13	774.827
1068.82	776.861
1069.51	778.596
1070.2	779.246
1070.89	779.63
1071.58	780.762
1072.27	782.148
1072.96	783.676
1073.66	784.7
1074.35	786.237
1075.04	787.567
1075.73	789.523
1076.42	790.28
1077.11	791.257
1077.8	791.493
1078.49	792.117
1079.18	792.983
1079.87	793.297
1080.56	793.614
1081.25	792.63
1081.94	793.071
1082.63	792.898
1083.32	793.169
1084.01	792.825
1084.7	791.982
1085.39	791.13
1086.08	789.845
1086.76	789.014
1087.45	789.441
1088.14	789.232
1088.83	788.493
1089.52	787.732
1090.21	788.085
1090.9	788.632
1091.59	790.084
1092.28	790.414
1092.96	790.774
1093.65	791.169
1094.34	790.569
1095.03	790.215
1095.72	790.543
1096.4	792.194
1097.09	793.531
1097.78	795.463
1098.47	796.94
1099.15	798.701
1099.84	801.267
1100.53	803.706
1101.22	805.195
1101.9	807.19
1102.59	809.616
1103.28	811.179
1103.96	812.3
1104.65	813.155
1105.34	815.478
1106.02	819.091
1106.71	822.902
1107.4	824.651
1108.08	826
1108.77	827.827
1109.46	831.449
1110.14	833.968
1110.83	835.963
1111.52	838.885
1112.2	842.548
1112.89	846.573
1113.57	849.07
1114.26	851.908
1114.94	855.167
1115.63	858.335
1116.31	861.134
1117	862.455
1117.68	864.542
1118.37	868.02
1119.05	870.893
1119.74	872.721
1120.42	874.932
1121.11	877.367
1121.79	878.206
1122.48	879.41
1123.16	878.567
1123.85	879.016
1124.53	879.247
1125.21	879.736
1125.9	878.567
1126.58	876.921
1127.27	875.33
1127.95	873.05
1128.63	870.013
1129.32	865.788
1130	861.251
1130.68	855.83
1131.37	851.214
1132.05	845.671
1132.73	839.195
1133.42	833.332
1134.1	828.155
1134.78	821.867
1135.47	815.737
1136.15	809.663
1136.83	804.955
1137.51	799.227
1138.2	793.513
1138.88	787.752
1139.56	782.728
1140.24	776.816
1140.93	771.318
1141.61	767.149
1142.29	764.244
1142.97	761.937
1143.65	759.738
1144.33	758.137
1145.02	756.033
1145.7	755.303
1146.38	755.79
1147.06	756.305
1147.74	755.633
1148.42	755.237
1149.1	755.883
1149.78	755.523
1150.46	756.548
1151.15	756.663
1151.83	758.131
1152.51	760.02
1153.19	761.143
1153.87	760.393
1154.55	760.661
1155.23	761.53
1155.91	763.257
1156.59	764.475
1157.27	765.875
1157.95	767.556
1158.63	769.638
1159.31	771.127
1159.99	772.073
1160.67	773.131
1161.35	772.956
1162.03	773.428
1162.7	774.736
1163.38	773.653
1164.06	774.11
1164.74	775.605
1165.42	775.408
1166.1	775.006
1166.78	774.906
1167.46	775.099
1168.14	774.224
1168.81	774.56
1169.49	774.171
1170.17	774.125
1170.85	774.137
1171.53	773.595
1172.2	773.626
1172.88	773.635
1173.56	772.713
1174.24	771.592
1174.92	770.985
1175.59	770.811
1176.27	769.706
1176.95	768.844
1177.63	768.027
1178.3	766.292
1178.98	763.655
1179.66	762.645
1180.33	762.174
1181.01	760.055
1181.69	757.928
1182.36	755.455
1183.04	753.569
1183.72	750.253
1184.39	748.334
1185.07	746.725
1185.75	744.27
1186.42	742.502
1187.1	742.629
1187.77	742.019
1188.45	741.171
1189.13	741.374
1189.8	741.319
1190.48	741.708
1191.15	742.816
1191.83	744.788
1192.5	747.056
1193.18	749.813
1193.85	752.121
1194.53	754.942
1195.2	758.84
1195.88	761.837
1196.55	764.856
1197.23	767.541
1197.9	770.641
1198.58	773.948
1199.25	776.635
1199.93	778.747
1200.6	782.734
1201.28	787.045
1201.95	790.959
1202.62	794.616
1203.3	797.268
1203.97	800.368
1204.65	803.5
1205.32	807.061
1205.99	811.481
1206.67	815.049
1207.34	818.614
1208.01	823.282
1208.69	827.277
1209.36	830.697
1210.03	836.545
1210.71	842.389
1211.38	848.794
1212.05	855.473
1212.72	862.589
1213.4	870.411
1214.07	877.679
1214.74	885.84
1215.41	893.342
1216.09	901.329
1216.76	909.914
1217.43	918.068
1218.1	925.816
1218.77	932.981
1219.45	939.697
1220.12	946.879
1220.79	954.688
1221.46	961.529
1222.13	967.05
1222.8	972.843
1223.48	978.589
1224.15	984.128
1224.82	989.757
1225.49	995.7
1226.16	1000.11
1226.83	1002.48
1227.5	1004.29
1228.17	1005.88
1228.84	1006.54
1229.51	1006.39
1230.18	1006.48
1230.85	1005.87
1231.52	1005.34
1232.19	1004.37
1232.87	1002.89
1233.54	999.778
1234.21	997.506
1234.87	995.653
1235.54	993.581
1236.21	990.565
1236.88	986.867
1237.55	984.49
1238.22	983.236
1238.89	982.663
1239.56	980.705
1240.23	979.354
1240.9	978.096
1241.57	977.462
1242.24	977.697
1242.91	978.31
1243.58	978.375
1244.24	979.013
1244.91	979.465
1245.58	980.286
1246.25	982.164
1246.92	982.987
1247.59	982.856
1248.25	983.43
1248.92	983.31
1249.59	982.414
1250.26	982.825
1250.93	983.609
1251.59	983.436
1252.26	982.102
1252.93	980.617
1253.6	979.385
1254.26	977.084
1254.93	974.357
1255.6	973.725
1256.26	972.907
1256.93	971.185
1257.6	968.175
1258.26	965.142
1258.93	961.455
1259.6	957.613
1260.26	954.845
1260.93	952.323
1261.6	949.255
1262.26	945.87
1262.93	941.908
1263.6	937.695
1264.26	933.031
1264.93	929.024
1265.59	925.591
1266.26	920.907
1266.93	915.572
1267.59	911.055
1268.26	907.613
1268.92	904.453
1269.59	901.364
1270.25	897.466
1270.92	893.841
1271.58	889.803
1272.25	886.3
1272.91	882.774
1273.58	879.508
1274.24	876.357
1274.91	873.09
1275.57	870.039
1276.24	868.044
1276.9	865.785
1277.57	862.591
1278.23	859.719
1278.89	856.729
1279.56	854.822
1280.22	852.459
1280.89	849.266
1281.55	845.229
1282.21	842.628
1282.88	841.146
1283.54	839.48
1284.2	836.81
1284.87	835.183
1285.53	834.273
1286.19	833.383
1286.86	832.163
1287.52	832.01
1288.18	830.335
1288.85	828.753
1289.51	827.743
1290.17	825.975
1290.83	824.593
1291.5	823.658
1292.16	822.413
1292.82	821.944
1293.48	820.992
1294.14	821.232
1294.81	822.186
1295.47	824.669
1296.13	825.93
1296.79	827.471
1297.45	829.771
1298.12	832.218
1298.78	835.405
1299.44	836.536
1300.1	839.779
1300.76	845.113
1301.42	848.599
1302.08	849.482
1302.75	851.856
1303.41	852.679
1304.07	854.357
1304.73	856.351
1305.39	858.624
1306.05	862.393
1306.71	864.529
1307.37	867.242
1308.03	867.957
1308.69	869.958
1309.35	870.564
1310.01	873.727
1310.67	874.767
1311.33	875.322
1311.99	876.861
1312.65	877.089
1313.31	878.79
1313.97	878.566
1314.63	878.365
1315.29	879.389
1315.95	880.494
1316.61	880.876
1317.27	881.345
1317.93	881.86
1318.58	883.48
1319.24	885.346
1319.9	887.005
1320.56	887.822
1321.22	889.572
1321.88	889.746
1322.54	890.331
1323.2	892.202
1323.85	893.291
1324.51	893.269
1325.17	894.092
1325.83	895.537
1326.49	897.648
1327.14	900.556
1327.8	901.699
1328.46	904.369
1329.12	907.516
1329.78	911.548
1330.43	913.749
1331.09	915.842
1331.75	919.595
1332.4	922.496
1333.06	925.549
1333.72	929.393
1334.38	932.581
1335.03	933.894
1335.69	936.233
1336.35	937.766
1337	939.758
1337.66	941.529
1338.32	941.873
1338.97	943.028
1339.63	944.305
1340.28	944.912
1340.94	944.499
1341.6	944.327
1342.25	944.562
1342.91	945.521
1343.56	945.526
1344.22	944.488
1344.88	945.076
1345.53	944.267
1346.19	942.678
1346.84	939.405
1347.5	937.427
1348.15	933.405
1348.21	932.577
1348.86	929.566
1349.52	925.793
1350.18	922.685
1350.84	918.919
1351.49	915.844
1352.15	909.814
1352.81	905.357
1353.46	900.704
1354.12	897.417
1354.78	893.291
1355.43	890.157
1356.09	885.816
1356.75	882.102
1357.4	880.839
1358.06	878.001
1358.72	876.822
1359.37	875.41
1360.03	874.238
1360.68	873.594
1361.34	873.556
1362	875.333
1362.65	875.239
1363.31	875.79
1363.96	876.784
1364.62	876.992
1365.27	877.691
1365.93	877.623
1366.58	879.765
1367.24	879.49
1367.89	879.239
1368.55	878.244
1369.2	880.226
1369.86	881.73
1370.51	881.061
1371.17	881.256
1371.82	881.883
1372.48	882.163
1373.13	881.359
1373.79	880.284
1374.44	877.648
1375.09	876.914
1375.75	876.829
1376.4	876.291
1377.06	876.124
1377.71	874.925
1378.36	873.315
1379.02	871.238
1379.67	869.93
1380.32	867.421
1380.98	866.625
1381.63	864.903
1382.28	863.93
1382.94	863.804
1383.59	863.857
1384.24	863.537
1384.9	863.281
1385.55	864.215
1386.2	865.851
1386.85	867.762
1387.51	869.598
1388.16	870.808
1388.81	872.302
1389.46	873.627
1390.12	875.064
1390.77	875.471
1391.42	876.022
1392.07	875.696
1392.72	875.103
1393.38	874.484
1394.03	872.667
1394.68	872.026
1395.33	870.327
1395.98	867.851
1396.63	863.949
1397.28	860.256
1397.94	857.099
1398.59	852.949
1399.24	849.083
1399.89	844.945
1400.54	840.55
1401.19	836.849
1401.84	832.463
1402.49	828.417
1403.14	824.493
1403.79	820.611
1404.44	817.922
1405.09	814.585
1405.74	810.726
1406.39	806.533
1407.04	803.298
1407.69	800.082
1408.34	798.134
1408.99	795.297
1409.64	792.857
1410.29	790.783
1410.94	790.928
1411.59	788.874
1412.24	789.485
1412.89	789.806
1413.54	792.252
1414.19	793.795
1414.84	793.59
1415.49	796.402
1416.14	799.174
1416.78	799.796
1417.43	800.558
1418.08	803.098
1418.73	804.613
1419.38	808.081
1420.03	810.375
1420.67	811.955
1421.32	812.934
1421.97	814.515
1422.62	815.187
1423.27	816.179
1423.92	816.592
1424.56	818.801
1425.21	821.053
1425.86	822.918
1426.51	824.952
1427.15	824.963
1427.8	826.009
1428.45	827.815
1429.09	828.947
1429.74	829.999
1430.39	831.817
1431.04	833.287
1431.68	835.544
1432.33	836.801
1432.98	839.143
1433.62	842.069
1434.27	843.643
1434.92	846.162
1435.56	847.662
1436.21	850.173
1436.86	851.701
1437.5	853.719
1438.15	855.185
1438.79	857.755
1439.44	859.747
1440.09	862.39
1440.73	863.694
1441.38	865.056
1442.02	865.784
1442.67	867.154
1443.31	868.256
1443.96	870.053
1444.6	870.831
1445.25	871.069
1445.89	871.357
1446.54	873.013
1447.18	873.771
1447.83	874.877
1448.47	874.525
1449.12	874.944
1449.76	873.727
1450.41	873.664
1451.05	873.9
1451.7	872.244
1452.34	872.217
1452.98	871.332
1453.63	870.266
1454.27	869.002
1454.92	868.25
1455.56	866.278
1456.2	863.963
1456.85	862.578
1457.49	861.609
1458.14	858.888
1458.78	856.663
1459.42	854.699
1460.07	852.844
1460.71	849.714
1461.35	847.591
1461.99	845.35
1462.64	841.648
1463.28	838.464
1463.92	834.733
1464.57	831.113
1465.21	827.288
1465.85	823.296
1466.49	819.48
1467.14	816.578
1467.78	812.514
1468.42	809.833
1469.06	805.506
1469.7	801.103
1470.35	795.931
1470.99	790.305
1471.63	785.582
1472.27	780.827
1472.91	776.245
1473.55	771.401
1474.2	767.776
1474.84	762.653
1475.48	758.988
1476.12	753.851
1476.76	750.343
1477.4	746.175
1478.04	742.084
1478.68	738.037
1479.33	733.565
1479.97	730.241
1480.61	727.425
1481.25	725.158
1481.89	722.076
1482.53	720.574
1483.17	718.713
1483.81	715.804
1484.45	713.784
1485.09	713.186
1485.73	711.144
1486.37	710.297
1487.01	709.248
1487.65	709.256
1488.29	708.392
1488.93	708.239
1489.57	708.321
1490.21	708.671
1490.85	709
1491.49	710.556
1492.13	711.451
1492.76	712.902
1493.4	712.948
1494.04	713.771
1494.68	715.039
1495.32	716.394
1495.96	717.329
1496.6	717.978
1497.24	718.51
1497.87	719.87
1498.51	722.604
1499.15	724.749
1499.79	725.914
1500.43	727.711
1501.07	729.788
1501.7	731.778
1502.34	733.838
1502.98	734.904
1503.62	736.983
1504.25	738.553
1504.89	740.163
1505.53	741.389
1506.17	743.584
1506.8	745.575
1507.44	747.661
1508.08	749.971
1508.72	751.655
1509.35	754.409
1509.99	756.248
1510.63	758.293
1511.26	759.5
1511.9	761.947
1512.54	763.263
1513.17	765.969
1513.81	768.466
1514.45	770.575
1515.08	771.999
1515.72	773.931
1516.36	776.282
1516.99	778.211
1517.63	779.679
1518.26	781.79
1518.9	784.048
1519.53	786.173
1520.17	789.004
1520.81	791.25
1521.44	793.406
1522.08	795.384
1522.71	798.159
1523.35	800.284
1523.98	802.587
1524.62	804.803
1525.25	806.749
1525.89	810.587
1526.52	812.995
1527.16	814.113
1527.79	817.44
1528.43	819.057
1529.06	822.042
1529.7	826.108
1530.33	830.929
1530.96	834.859
1531.6	838.821
1532.23	842.874
1532.87	847.426
1533.5	852.507
1534.13	857.726
1534.77	861.535
1535.4	864.065
1536.03	867.872
1536.67	872.068
1537.3	876.023
1537.94	881.396
1538.57	885.634
1539.2	888.769
1539.84	893.166
1540.47	897.833
1541.1	901.354
1541.73	905.892
1542.37	908.815
1543	910.982
1543.63	913.375
1544.27	916.772
1544.9	919.056
1545.53	921.153
1546.16	923.128
1546.79	925.247
1547.43	927.832
1548.06	929.725
1548.69	933.843
1549.32	935.999
1549.95	938.956
1550.59	942.04
1551.22	945.52
1551.85	948.844
1552.48	951.399
1553.11	953.477
1553.74	957.737
1554.38	960.273
1555.01	963.8
1555.64	966.74
1556.27	971.57
1556.9	973.54
1557.53	975.076
1558.16	976.509
1558.79	977.258
1559.42	977.967
1560.05	979.093
1560.68	979.487
1561.32	981.494
1561.95	981.285
1562.58	981.851
1563.21	981.315
1563.84	981.202
1564.47	979.956
1565.1	978.959
1565.73	976.919
1566.36	974.2
1566.99	972.861
1567.62	972.835
1568.24	971.715
1568.87	970.924
1569.5	967.687
1570.13	965.516
1570.76	964.734
1571.39	963.38
1572.02	964.262
1572.65	963.739
1573.28	961.879
1573.91	961.318
1574.54	961.041
1575.16	960.002
1575.79	959.659
1576.42	958.139
1577.05	955.7
1577.68	954.143
1578.31	953.057
1578.93	952.934
1579.56	952.498
1580.19	951.051
1580.82	950.288
1581.45	948.951
1582.08	947.389
1582.7	946.939
1583.33	945.626
1583.96	943.471
1584.59	941.915
1585.21	941.246
1585.84	938.514
1586.47	936.072
1587.09	934.161
1587.72	931.679
1588.35	930.402
1588.98	927.912
1589.6	926.194
1590.23	924.425
1590.86	923.75
1591.48	923.757
1592.11	922.982
1592.74	923.168
1593.36	921.516
1593.99	920.941
1594.61	920.229
1595.24	919.53
1595.87	919.559
1596.49	920.757
1597.12	920.134
1597.74	920.049
1598.37	919.318
1599	918.986
1599.62	917.076
1600.25	915.475
1600.87	913.16
1601.5	909.44
1602.12	906.181
1602.75	904.222
1603.37	902.428
1604	900.48
1604.62	897.888
1605.25	895.453
1605.87	892.954
1606.5	891.088
1607.12	889.55
1607.75	888.827
1608.37	888.22
1609	888.68
1609.62	889.643
1610.24	890.354
1610.87	891.005
1611.49	892.908
1612.12	893.48
1612.74	895.372
1613.36	896.948
1613.99	899.388
1614.61	902.363
1615.24	904.699
1615.86	906.418
1616.48	909.191
1617.11	911.143
1617.73	913.058
1618.35	914.836
1618.98	915.663
1619.6	916.772
1620.22	917.63
1620.84	916.649
1621.47	915.887
1622.09	915.854
1622.71	914.71
1623.34	912.97
1623.96	910.709
1624.58	907.19
1625.2	903.541
1625.83	899.597
1626.45	894.155
1627.07	889.17
1627.69	883.575
1628.31	876.105
1628.94	869.653
1629.56	862.162
1630.18	854.37
1630.8	846.741
1631.42	839.327
1632.04	832.689
1632.67	826.501
1633.29	820.799
1633.91	815.487
1634.53	810.639
1635.15	806.837
1635.77	803.91
1636.39	800.459
1637.01	796.843
1637.63	792.358
1638.26	787.608
1638.88	781.848
1639.5	776.181
1640.12	769.948
1640.74	763.137
1641.36	755.884
1641.98	748.924
1642.6	742.326
1643.22	736.358
1643.84	730.668
1644.46	725.036
1645.08	720.181
1645.7	716.735
1646.32	713.117
1646.94	709.514
1647.56	705.185
1648.18	703.68
1648.8	704.417
1649.41	707.966
1649.76	710.397
