1060.78	96.6768
1060.92	99.0314
1061.05	101.023
1061.19	102.712
1061.33	104.076
1061.47	105.17
1061.61	106.028
1061.75	106.708
1061.88	107.237
1062.02	107.666
1062.16	108.041
1062.3	108.383
1062.44	108.711
1062.57	109.03
1062.71	109.339
1062.85	109.629
1062.99	109.929
1063.13	110.269
1063.26	110.669
1063.4	111.11
1063.54	111.584
1063.68	112.091
1063.82	112.628
1063.95	113.186
1064.09	113.754
1064.23	114.325
1064.37	114.892
1064.51	115.441
1064.64	115.956
1064.78	116.434
1064.92	116.866
1065.06	117.249
1065.2	117.579
1065.33	117.844
1065.47	118.045
1065.61	118.23
1065.75	118.314
1065.89	118.354
1066.02	118.35
1066.16	118.288
1066.3	118.137
1066.44	117.92
1066.57	117.665
1066.71	117.365
1066.85	117.022
1066.99	116.639
1067.13	116.226
1067.26	115.799
1067.4	115.36
1067.54	114.923
1067.68	114.499
1067.81	114.09
1067.95	113.703
1068.09	113.358
1068.23	113.068
1068.37	112.819
1068.5	112.621
1068.64	112.48
1068.78	112.389
1068.92	112.339
1069.05	112.343
1069.19	112.402
1069.33	112.516
1069.47	112.662
1069.6	112.866
1069.74	113.109
1069.88	113.372
1070.02	113.654
1070.15	113.953
1070.29	114.292
1070.43	114.652
1070.57	115.019
1070.71	115.365
1070.84	115.698
1070.98	116.015
1071.12	116.308
1071.26	116.543
1071.39	116.723
1071.53	116.854
1071.67	116.967
1071.81	117.057
1071.94	117.137
1072.08	117.202
1072.22	117.273
1072.35	117.329
1072.49	117.362
1072.63	117.378
1072.77	117.427
1072.9	117.497
1073.04	117.584
1073.18	117.682
1073.32	117.805
1073.45	117.957
1073.59	118.153
1073.73	118.37
1073.87	118.615
1074	118.899
1074.14	119.227
1074.28	119.612
1074.41	120.043
1074.55	120.501
1074.69	120.983
1074.83	121.491
1074.96	122.01
1075.1	122.545
1075.24	123.093
1075.38	123.658
1075.51	124.229
1075.65	124.775
1075.79	125.311
1075.92	125.838
1076.06	126.342
1076.2	126.802
1076.34	127.204
1076.47	127.57
1076.61	127.906
1076.75	128.199
1076.88	128.449
1077.02	128.674
1077.16	128.873
1077.29	129.056
1077.43	129.217
1077.57	129.334
1077.71	129.422
1077.84	129.487
1077.98	129.522
1078.12	129.528
1078.25	129.527
1078.39	129.544
1078.53	129.566
1078.67	129.6
1078.8	129.635
1078.94	129.696
1079.08	129.763
1079.21	129.836
1079.35	129.923
1079.49	130.04
1079.62	130.178
1079.76	130.33
1079.9	130.499
1080.03	130.659
1080.17	130.813
1080.31	130.968
1080.45	131.11
1080.58	131.233
1080.72	131.356
1080.86	131.48
1080.99	131.627
1081.13	131.762
1081.27	131.872
1081.4	131.962
1081.54	132.06
1081.68	132.139
1081.81	132.192
1081.95	132.239
1082.09	132.305
1082.22	132.352
1082.36	132.373
1082.5	132.378
1082.63	132.383
1082.77	132.396
1082.91	132.417
1083.04	132.416
1083.18	132.401
1083.32	132.401
1083.45	132.415
1083.59	132.443
1083.73	132.463
1083.86	132.481
1084	132.505
1084.14	132.553
1084.27	132.595
1084.41	132.642
1084.55	132.692
1084.68	132.749
1084.82	132.771
1084.96	132.768
1085.09	132.769
1085.23	132.759
1085.36	132.736
1085.5	132.685
1085.64	132.6
1085.77	132.51
1085.91	132.403
1086.05	132.28
1086.18	132.134
1086.32	131.983
1086.46	131.828
1086.59	131.654
1086.73	131.468
1086.87	131.246
1087	131.009
1087.14	130.764
1087.27	130.537
1087.41	130.33
1087.55	130.164
1087.68	130.03
1087.82	129.923
1087.96	129.849
1088.09	129.787
1088.23	129.755
1088.36	129.758
1088.5	129.781
1088.64	129.833
1088.77	129.938
1088.91	130.078
1089.05	130.27
1089.18	130.485
1089.32	130.706
1089.45	130.964
1089.59	131.261
1089.73	131.578
1089.86	131.921
1090	132.285
1090.14	132.679
1090.27	133.088
1090.41	133.464
1090.54	133.81
1090.68	134.15
1090.82	134.486
1090.95	134.781
1091.09	135.019
1091.22	135.241
1091.36	135.438
1091.5	135.602
1091.63	135.722
1091.77	135.823
1091.91	135.907
1092.04	135.965
1092.18	135.974
1092.31	135.936
1092.45	135.858
1092.58	135.785
1092.72	135.69
1092.86	135.579
1092.99	135.462
1093.13	135.35
1093.26	135.248
1093.4	135.164
1093.54	135.062
1093.67	134.963
1093.81	134.856
1093.94	134.762
1094.08	134.661
1094.22	134.592
1094.35	134.548
1094.49	134.532
1094.62	134.543
1094.76	134.551
1094.89	134.572
1095.03	134.607
1095.17	134.658
1095.3	134.715
1095.44	134.762
1095.57	134.827
1095.71	134.893
1095.85	134.945
1095.98	134.995
1096.12	135.032
1096.25	135.084
1096.39	135.16
1096.52	135.261
1096.66	135.367
1096.8	135.481
1096.93	135.585
1097.07	135.693
1097.2	135.791
1097.34	135.868
1097.47	135.956
1097.61	136.064
1097.74	136.167
1097.88	136.286
1098.02	136.42
1098.15	136.571
1098.29	136.73
1098.42	136.882
1098.56	137.037
1098.69	137.208
1098.83	137.38
1098.96	137.57
1099.1	137.772
1099.24	138.009
1099.37	138.275
1099.51	138.525
1099.64	138.741
1099.78	138.942
1099.91	139.151
1100.05	139.342
1100.18	139.501
1100.32	139.63
1100.45	139.777
1100.59	139.915
1100.73	140.045
1100.86	140.148
1101	140.224
1101.13	140.274
1101.27	140.286
1101.4	140.263
1101.54	140.215
1101.67	140.15
1101.81	140.104
1101.94	140.052
1102.08	139.982
1102.21	139.912
1102.35	139.837
1102.48	139.769
1102.62	139.701
1102.75	139.615
1102.89	139.549
1103.02	139.512
1103.16	139.514
1103.3	139.524
1103.43	139.574
1103.57	139.667
1103.7	139.803
1103.84	139.952
1103.97	140.088
1104.11	140.245
1104.24	140.407
1104.38	140.593
1104.51	140.768
1104.65	140.932
1104.78	141.1
1104.92	141.253
1105.05	141.397
1105.19	141.533
1105.32	141.661
1105.46	141.79
1105.59	141.915
1105.73	142.021
1105.86	142.095
1106	142.158
1106.13	142.197
1106.27	142.212
1106.4	142.193
1106.54	142.159
1106.67	142.131
1106.81	142.104
1106.94	142.057
1107.08	142.012
1107.21	141.969
1107.35	141.935
1107.48	141.878
1107.62	141.806
1107.75	141.729
1107.89	141.659
1108.02	141.611
1108.16	141.586
1108.29	141.571
1108.43	141.592
1108.56	141.62
1108.7	141.621
1108.83	141.613
1108.97	141.624
1109.1	141.667
1109.23	141.722
1109.37	141.781
1109.5	141.858
1109.64	141.959
1109.77	142.073
1109.91	142.19
1110.04	142.263
1110.18	142.312
1110.31	142.361
1110.45	142.401
1110.58	142.429
1110.72	142.426
1110.85	142.414
1110.99	142.394
1111.12	142.341
1111.26	142.23
1111.39	142.098
1111.52	141.945
1111.66	141.777
1111.79	141.578
1111.93	141.358
1112.06	141.15
1112.2	140.951
1112.33	140.757
1112.47	140.56
1112.6	140.378
1112.74	140.222
1112.87	140.057
1113	139.887
1113.14	139.721
1113.27	139.585
1113.41	139.466
1113.54	139.38
1113.68	139.299
1113.81	139.22
1113.95	139.175
1114.08	139.157
1114.21	139.166
1114.35	139.191
1114.48	139.248
1114.62	139.323
1114.75	139.422
1114.89	139.527
1115.02	139.648
1115.16	139.782
1115.29	139.912
1115.42	140.041
1115.56	140.165
1115.69	140.295
1115.83	140.426
1115.96	140.562
1116.1	140.694
1116.23	140.83
1116.36	140.956
1116.5	141.066
1116.63	141.15
1116.77	141.221
1116.9	141.282
1117.04	141.34
1117.17	141.399
1117.3	141.435
1117.44	141.454
1117.57	141.481
1117.71	141.482
1117.84	141.453
1117.97	141.416
1118.11	141.403
1118.24	141.404
1118.38	141.401
1118.51	141.391
1118.64	141.392
1118.78	141.404
1118.91	141.442
1119.05	141.466
1119.18	141.474
1119.31	141.523
1119.45	141.614
1119.58	141.725
1119.72	141.839
1119.85	141.95
1119.99	142.071
1120.12	142.205
1120.25	142.331
1120.39	142.45
1120.52	142.568
1120.66	142.68
1120.79	142.796
1120.92	142.888
1121.06	142.982
1121.19	143.091
1121.32	143.205
1121.46	143.308
1121.59	143.379
1121.73	143.427
1121.86	143.455
1121.99	143.441
1122.13	143.425
1122.26	143.396
1122.4	143.357
1122.53	143.311
1122.66	143.263
1122.8	143.178
1122.93	143.085
1123.06	143.007
1123.2	142.925
1123.33	142.832
1123.47	142.734
1123.6	142.634
1123.73	142.528
1123.87	142.438
1124	142.344
1124.13	142.26
1124.27	142.169
1124.4	142.093
1124.54	142.009
1124.67	141.912
1124.8	141.825
1124.94	141.763
1125.07	141.721
1125.2	141.68
1125.34	141.65
1125.47	141.62
1125.6	141.59
1125.74	141.556
1125.87	141.513
1126.01	141.468
1126.14	141.447
1126.27	141.447
1126.41	141.429
1126.54	141.411
1126.67	141.405
1126.81	141.386
1126.94	141.344
1127.07	141.301
1127.21	141.277
1127.34	141.255
1127.47	141.219
1127.61	141.179
1127.74	141.159
1127.87	141.162
1128.01	141.181
1128.14	141.208
1128.27	141.255
1128.41	141.344
1128.54	141.449
1128.67	141.549
1128.81	141.637
1128.94	141.728
1129.07	141.84
1129.21	141.982
1129.34	142.122
1129.47	142.251
1129.61	142.37
1129.74	142.509
1129.87	142.671
1130.01	142.813
1130.14	142.975
1130.27	143.151
1130.41	143.321
1130.54	143.473
1130.67	143.598
1130.81	143.71
1130.94	143.818
1131.07	143.92
1131.21	144.031
1131.34	144.13
1131.47	144.232
1131.61	144.315
1131.74	144.38
1131.87	144.4
1132	144.427
1132.14	144.435
1132.27	144.422
1132.4	144.381
1132.54	144.306
1132.67	144.207
1132.8	144.098
1132.94	143.978
1133.07	143.826
1133.2	143.653
1133.34	143.467
1133.47	143.275
1133.6	143.043
1133.73	142.814
1133.87	142.617
1134	142.437
1134.13	142.255
1134.27	142.071
1134.4	141.901
1134.53	141.73
1134.66	141.565
1134.8	141.402
1134.93	141.243
1135.06	141.114
1135.2	141.02
1135.33	140.931
1135.46	140.83
1135.6	140.74
1135.73	140.669
1135.86	140.592
1135.99	140.512
1136.13	140.466
1136.26	140.441
1136.39	140.444
1136.53	140.445
1136.66	140.471
1136.79	140.526
1136.92	140.593
1137.06	140.674
1137.19	140.756
1137.32	140.831
1137.45	140.912
1137.59	140.985
1137.72	141.056
1137.85	141.124
1137.98	141.203
1138.12	141.295
1138.25	141.367
1138.38	141.406
1138.52	141.415
1138.65	141.424
1138.78	141.45
1138.91	141.462
1139.05	141.444
1139.18	141.446
1139.31	141.452
1139.44	141.464
1139.58	141.473
1139.71	141.486
1139.84	141.517
1139.97	141.574
1140.11	141.643
1140.24	141.732
1140.37	141.837
1140.5	141.973
1140.64	142.109
1140.77	142.274
1140.9	142.432
1141.03	142.619
1141.17	142.792
1141.3	142.966
1141.43	143.126
1141.56	143.272
1141.7	143.41
1141.83	143.544
1141.96	143.667
1142.09	143.754
1142.23	143.827
1142.36	143.887
1142.49	143.93
1142.62	143.94
1142.76	143.954
1142.89	143.972
1143.02	143.965
1143.15	143.931
1143.28	143.879
1143.42	143.815
1143.55	143.729
1143.68	143.625
1143.81	143.506
1143.95	143.375
1144.08	143.265
1144.21	143.16
1144.34	143.042
1144.47	142.912
1144.61	142.786
1144.74	142.671
1144.87	142.551
1145	142.435
1145.14	142.339
1145.27	142.254
1145.4	142.198
1145.53	142.138
1145.66	142.101
1145.8	142.083
1145.93	142.08
1146.06	142.095
1146.19	142.113
1146.32	142.154
1146.46	142.222
1146.59	142.307
1146.72	142.399
1146.85	142.501
1146.98	142.611
1147.12	142.712
1147.25	142.773
1147.38	142.827
1147.51	142.871
1147.64	142.926
1147.78	142.989
1147.91	143.029
1148.04	143.059
1148.17	143.102
1148.3	143.145
1148.44	143.184
1148.57	143.2
1148.7	143.214
1148.83	143.217
1148.96	143.227
1149.1	143.238
1149.23	143.254
1149.36	143.278
1149.49	143.328
1149.62	143.382
1149.76	143.447
1149.89	143.49
1150.02	143.545
1150.15	143.591
1150.28	143.638
1150.41	143.689
1150.55	143.751
1150.68	143.829
1150.81	143.92
1150.94	144.01
1151.07	144.074
1151.2	144.132
1151.34	144.186
1151.47	144.227
1151.6	144.236
1151.73	144.25
1151.86	144.263
1151.99	144.243
1152.13	144.192
1152.26	144.13
1152.39	144.047
1152.52	143.944
1152.65	143.841
1152.78	143.751
1152.92	143.684
1153.05	143.652
1153.18	143.619
1153.31	143.576
1153.44	143.534
1153.57	143.505
1153.7	143.475
1153.84	143.422
1153.97	143.368
1154.1	143.327
1154.23	143.306
1154.36	143.306
1154.49	143.296
1154.63	143.295
1154.76	143.309
1154.89	143.333
1155.02	143.364
1155.15	143.391
1155.28	143.437
1155.41	143.483
1155.55	143.528
1155.68	143.571
1155.81	143.628
1155.94	143.67
1156.07	143.702
1156.2	143.725
1156.33	143.759
1156.46	143.803
1156.6	143.865
1156.73	143.933
1156.86	143.986
1156.99	144.04
1157.12	144.101
1157.25	144.163
1157.38	144.205
1157.52	144.227
1157.65	144.239
1157.78	144.245
1157.91	144.262
1158.04	144.256
1158.17	144.225
1158.3	144.193
1158.43	144.168
1158.56	144.129
1158.7	144.086
1158.83	144.021
1158.96	143.956
1159.09	143.882
1159.22	143.817
1159.35	143.781
1159.48	143.77
1159.61	143.766
1159.74	143.744
1159.88	143.71
1160.01	143.666
1160.14	143.622
1160.27	143.585
1160.4	143.538
1160.53	143.482
1160.66	143.431
1160.79	143.363
1160.92	143.261
1161.06	143.141
1161.19	143.019
1161.32	142.883
1161.45	142.757
1161.58	142.656
1161.71	142.563
1161.84	142.478
1161.97	142.393
1162.1	142.295
1162.23	142.203
1162.36	142.11
1162.5	142.02
1162.63	141.919
1162.76	141.811
1162.89	141.727
1163.02	141.655
1163.15	141.6
1163.28	141.544
1163.41	141.459
1163.54	141.382
1163.67	141.316
1163.8	141.256
1163.93	141.184
1164.07	141.105
1164.2	141.045
1164.33	140.986
1164.46	140.923
1164.59	140.859
1164.72	140.813
1164.85	140.77
1164.98	140.743
1165.11	140.715
1165.24	140.699
1165.37	140.714
1165.5	140.748
1165.63	140.795
1165.76	140.85
1165.89	140.919
1166.03	141
1166.16	141.085
1166.29	141.175
1166.42	141.275
1166.55	141.372
1166.68	141.49
1166.81	141.608
1166.94	141.71
1167.07	141.818
1167.2	141.949
1167.33	142.08
1167.46	142.218
1167.59	142.354
1167.72	142.469
1167.85	142.589
1167.98	142.714
1168.11	142.843
1168.24	142.985
1168.37	143.118
1168.51	143.215
1168.64	143.281
1168.77	143.335
1168.9	143.381
1169.03	143.417
1169.16	143.449
1169.29	143.47
1169.42	143.472
1169.55	143.458
1169.68	143.433
1169.81	143.4
1169.94	143.366
1170.07	143.33
1170.2	143.294
1170.33	143.264
1170.46	143.231
1170.59	143.188
1170.72	143.152
1170.85	143.136
1170.98	143.124
1171.11	143.128
1171.24	143.128
1171.37	143.158
1171.5	143.185
1171.63	143.226
1171.76	143.295
1171.89	143.376
1172.02	143.47
1172.15	143.553
1172.28	143.624
1172.41	143.724
1172.54	143.831
1172.67	143.933
1172.8	144.012
1172.93	144.096
1173.06	144.176
1173.19	144.255
1173.32	144.319
1173.45	144.396
1173.58	144.48
1173.71	144.55
1173.85	144.608
1173.97	144.653
1174.1	144.706
1174.24	144.768
1174.36	144.824
1174.49	144.867
1174.62	144.881
1174.75	144.883
1174.88	144.871
1175.01	144.843
1175.14	144.806
1175.27	144.743
1175.4	144.656
1175.53	144.571
1175.66	144.465
1175.79	144.348
1175.92	144.221
1176.05	144.09
1176.18	143.942
1176.31	143.806
1176.44	143.656
1176.57	143.515
1176.7	143.386
1176.83	143.261
1176.96	143.153
1177.09	143.063
1177.22	142.968
1177.35	142.87
1177.48	142.777
1177.61	142.691
1177.74	142.634
1177.87	142.598
1178	142.578
1178.13	142.585
1178.26	142.596
1178.39	142.631
1178.52	142.69
1178.65	142.748
1178.78	142.814
1178.91	142.885
1179.04	142.965
1179.17	143.05
1179.3	143.152
1179.43	143.274
1179.56	143.412
1179.69	143.562
1179.82	143.69
1179.95	143.823
1180.07	143.953
1180.2	144.084
1180.33	144.18
1180.46	144.279
1180.59	144.386
1180.72	144.471
1180.85	144.53
1180.98	144.567
1181.11	144.582
1181.24	144.599
1181.37	144.563
1181.5	144.49
1181.63	144.373
1181.76	144.236
1181.89	144.062
1182.02	143.881
1182.15	143.681
1182.28	143.476
1182.41	143.232
1182.54	142.979
1182.66	142.72
1182.79	142.466
1182.92	142.222
1183.05	141.996
1183.18	141.797
1183.31	141.615
1183.44	141.439
1183.57	141.298
1183.7	141.182
1183.83	141.089
1183.96	141.021
1184.09	140.974
1184.22	140.95
1184.35	140.961
1184.48	140.994
1184.6	141.037
1184.73	141.087
1184.86	141.152
1184.99	141.228
1185.12	141.323
1185.25	141.413
1185.38	141.521
1185.51	141.628
1185.64	141.746
1185.77	141.881
1185.9	142.017
1186.03	142.16
1186.15	142.297
1186.28	142.42
1186.41	142.544
1186.54	142.686
1186.67	142.823
1186.8	142.959
1186.93	143.101
1187.06	143.217
1187.19	143.323
1187.32	143.419
1187.45	143.494
1187.57	143.574
1187.7	143.647
1187.83	143.715
1187.96	143.797
1188.09	143.891
1188.22	143.981
1188.35	144.063
1188.48	144.138
1188.61	144.197
1188.73	144.261
1188.86	144.311
1188.99	144.351
1189.12	144.388
1189.25	144.439
1189.38	144.497
1189.51	144.547
1189.64	144.596
1189.77	144.649
1189.89	144.694
1190.02	144.729
1190.15	144.745
1190.28	144.75
1190.41	144.742
1190.54	144.73
1190.67	144.705
1190.8	144.664
1190.92	144.612
1191.05	144.556
1191.18	144.5
1191.31	144.457
1191.44	144.423
1191.57	144.406
1191.7	144.411
1191.83	144.449
1191.95	144.526
1192.08	144.625
1192.21	144.728
1192.34	144.86
1192.47	145
1192.6	145.147
1192.73	145.321
1192.86	145.444
1192.98	145.575
1193.11	145.716
1193.24	145.851
1193.37	145.977
1193.5	146.092
1193.63	146.195
1193.76	146.28
1193.88	146.343
1194.01	146.384
1194.14	146.393
1194.27	146.365
1194.4	146.289
1194.53	146.161
1194.65	145.973
1194.78	145.722
1194.91	145.433
1195.04	145.098
1195.17	144.697
1195.3	144.244
1195.43	143.766
1195.55	143.273
1195.68	142.803
1195.81	142.392
1195.94	142.054
1196.07	141.832
1196.2	141.774
1196.32	141.941
1196.45	142.381
1196.58	143.18
1196.71	144.431
1196.84	146.172
1196.97	148.419
1197.09	151.163
