1060.78	95.8901
1060.92	94.1814
1061.05	93.6847
1061.19	94.0754
1061.33	95.0894
1061.47	96.5448
1061.61	98.2363
1061.75	100.043
1061.88	101.827
1062.02	103.525
1062.16	105.1
1062.3	106.518
1062.44	107.798
1062.57	108.963
1062.71	110.025
1062.85	110.973
1062.99	111.835
1063.13	112.601
1063.26	113.304
1063.4	113.916
1063.54	114.481
1063.68	114.982
1063.82	115.43
1063.95	115.823
1064.09	116.171
1064.23	116.481
1064.37	116.752
1064.51	116.985
1064.64	117.186
1064.78	117.358
1064.92	117.5
1065.06	117.596
1065.2	117.66
1065.33	117.68
1065.47	117.651
1065.61	117.435
1065.75	117.209
1065.89	117.004
1066.02	116.817
1066.16	116.632
1066.3	116.422
1066.44	116.207
1066.57	115.969
1066.71	115.712
1066.85	115.423
1066.99	115.111
1067.13	114.775
1067.26	114.409
1067.4	114.025
1067.54	113.633
1067.68	113.241
1067.81	112.844
1067.95	112.462
1068.09	112.105
1068.23	111.793
1068.37	111.518
1068.5	111.292
1068.64	111.111
1068.78	110.97
1068.92	110.879
1069.05	110.849
1069.19	110.892
1069.33	111.004
1069.47	111.17
1069.6	111.405
1069.74	111.698
1069.88	112.034
1070.02	112.389
1070.15	112.766
1070.29	113.168
1070.43	113.595
1070.57	114.037
1070.71	114.504
1070.84	114.994
1070.98	115.507
1071.12	116.055
1071.26	116.607
1071.39	117.165
1071.53	117.743
1071.67	118.324
1071.81	118.875
1071.94	119.398
1072.08	119.894
1072.22	120.37
1072.35	120.812
1072.49	121.217
1072.63	121.57
1072.77	121.914
1072.9	122.211
1073.04	122.493
1073.18	122.739
1073.32	122.974
1073.45	123.188
1073.59	123.375
1073.73	123.542
1073.87	123.711
1074	123.867
1074.14	124.024
1074.28	124.162
1074.41	124.28
1074.55	124.415
1074.69	124.526
1074.83	124.649
1074.96	124.777
1075.1	124.914
1075.24	125.09
1075.38	125.267
1075.51	125.433
1075.65	125.582
1075.79	125.738
1075.92	125.897
1076.06	126.07
1076.2	126.224
1076.34	126.381
1076.47	126.539
1076.61	126.698
1076.75	126.866
1076.88	127.034
1077.02	127.192
1077.16	127.353
1077.29	127.518
1077.43	127.689
1077.57	127.855
1077.71	128.017
1077.84	128.17
1077.98	128.301
1078.12	128.438
1078.25	128.584
1078.39	128.747
1078.53	128.92
1078.67	129.072
1078.8	129.206
1078.94	129.338
1079.08	129.433
1079.21	129.498
1079.35	129.531
1079.49	129.557
1079.62	129.573
1079.76	129.594
1079.9	129.602
1080.03	129.603
1080.17	129.613
1080.31	129.649
1080.45	129.708
1080.58	129.771
1080.72	129.86
1080.86	129.977
1080.99	130.112
1081.13	130.251
1081.27	130.396
1081.4	130.55
1081.54	130.725
1081.68	130.901
1081.81	131.074
1081.95	131.252
1082.09	131.456
1082.22	131.646
1082.36	131.835
1082.5	132.006
1082.63	132.179
1082.77	132.338
1082.91	132.463
1083.04	132.562
1083.18	132.658
1083.32	132.744
1083.45	132.811
1083.59	132.833
1083.73	132.826
1083.86	132.802
1084	132.752
1084.14	132.701
1084.27	132.621
1084.41	132.525
1084.55	132.413
1084.68	132.259
1084.82	132.071
1084.96	131.863
1085.09	131.653
1085.23	131.452
1085.36	131.258
1085.5	131.06
1085.64	130.876
1085.77	130.712
1085.91	130.556
1086.05	130.426
1086.18	130.294
1086.32	130.201
1086.46	130.153
1086.59	130.144
1086.73	130.174
1086.87	130.243
1087	130.347
1087.14	130.49
1087.27	130.685
1087.41	130.924
1087.55	131.202
1087.68	131.522
1087.82	131.872
1087.96	132.222
1088.09	132.577
1088.23	132.928
1088.36	133.268
1088.5	133.596
1088.64	133.893
1088.77	134.167
1088.91	134.404
1089.05	134.612
1089.18	134.771
1089.32	134.914
1089.45	135.047
1089.59	135.155
1089.73	135.217
1089.86	135.25
1090	135.259
1090.14	135.252
1090.27	135.217
1090.41	135.148
1090.54	135.068
1090.68	134.985
1090.82	134.891
1090.95	134.79
1091.09	134.677
1091.22	134.566
1091.36	134.484
1091.5	134.405
1091.63	134.339
1091.77	134.295
1091.91	134.281
1092.04	134.296
1092.18	134.326
1092.31	134.393
1092.45	134.509
1092.58	134.662
1092.72	134.842
1092.86	135.034
1092.99	135.257
1093.13	135.521
1093.26	135.81
1093.4	136.112
1093.54	136.431
1093.67	136.756
1093.81	137.077
1093.94	137.383
1094.08	137.668
1094.22	137.937
1094.35	138.211
1094.49	138.477
1094.62	138.719
1094.76	138.908
1094.89	139.056
1095.03	139.167
1095.17	139.233
1095.3	139.26
1095.44	139.237
1095.57	139.205
1095.71	139.134
1095.85	139.029
1095.98	138.897
1096.12	138.738
1096.25	138.553
1096.39	138.347
1096.52	138.145
1096.66	137.927
1096.8	137.715
1096.93	137.511
1097.07	137.299
1097.2	137.071
1097.34	136.842
1097.47	136.625
1097.61	136.425
1097.74	136.213
1097.88	136.008
1098.02	135.823
1098.15	135.676
1098.29	135.569
1098.42	135.491
1098.56	135.459
1098.69	135.458
1098.83	135.484
1098.96	135.53
1099.1	135.604
1099.24	135.694
1099.37	135.817
1099.51	135.952
1099.64	136.106
1099.78	136.287
1099.91	136.466
1100.05	136.645
1100.18	136.823
1100.32	136.989
1100.45	137.16
1100.59	137.329
1100.73	137.464
1100.86	137.587
1101	137.711
1101.13	137.828
1101.27	137.937
1101.4	138.032
1101.54	138.126
1101.67	138.221
1101.81	138.32
1101.94	138.413
1102.08	138.49
1102.21	138.586
1102.35	138.709
1102.48	138.835
1102.62	138.974
1102.75	139.137
1102.89	139.3
1103.02	139.472
1103.16	139.656
1103.3	139.843
1103.43	140.052
1103.57	140.289
1103.7	140.512
1103.84	140.74
1103.97	140.955
1104.11	141.187
1104.24	141.411
1104.38	141.628
1104.51	141.84
1104.65	142.062
1104.78	142.298
1104.92	142.529
1105.05	142.755
1105.19	142.963
1105.32	143.151
1105.46	143.324
1105.59	143.473
1105.73	143.61
1105.86	143.706
1106	143.782
1106.13	143.817
1106.27	143.802
1106.4	143.748
1106.54	143.657
1106.67	143.537
1106.81	143.378
1106.94	143.172
1107.08	142.954
1107.21	142.717
1107.35	142.49
1107.48	142.241
1107.62	141.974
1107.75	141.712
1107.89	141.447
1108.02	141.185
1108.16	140.922
1108.29	140.671
1108.43	140.45
1108.56	140.267
1108.7	140.11
1108.83	139.98
1108.97	139.882
1109.1	139.809
1109.23	139.768
1109.37	139.745
1109.5	139.736
1109.64	139.749
1109.77	139.772
1109.91	139.816
1110.04	139.889
1110.18	139.983
1110.31	140.104
1110.45	140.234
1110.58	140.377
1110.72	140.529
1110.85	140.689
1110.99	140.86
1111.12	141.019
1111.26	141.183
1111.39	141.374
1111.52	141.57
1111.66	141.74
1111.79	141.898
1111.93	142.055
1112.06	142.21
1112.2	142.36
1112.33	142.479
1112.47	142.583
1112.6	142.684
1112.74	142.766
1112.87	142.816
1113	142.847
1113.14	142.839
1113.27	142.816
1113.41	142.774
1113.54	142.733
1113.68	142.706
1113.81	142.678
1113.95	142.654
1114.08	142.622
1114.21	142.587
1114.35	142.546
1114.48	142.496
1114.62	142.449
1114.75	142.386
1114.89	142.32
1115.02	142.242
1115.16	142.168
1115.29	142.078
1115.42	141.975
1115.56	141.88
1115.69	141.779
1115.83	141.693
1115.96	141.611
1116.1	141.526
1116.23	141.454
1116.36	141.4
1116.5	141.365
1116.63	141.319
1116.77	141.279
1116.9	141.244
1117.04	141.201
1117.17	141.161
1117.3	141.132
1117.44	141.101
1117.57	141.084
1117.71	141.08
1117.84	141.063
1117.97	141.04
1118.11	141.023
1118.24	141.016
1118.38	140.997
1118.51	140.978
1118.64	140.96
1118.78	140.958
1118.91	140.969
1119.05	140.991
1119.18	141.016
1119.31	141.056
1119.45	141.113
1119.58	141.163
1119.72	141.215
1119.85	141.263
1119.99	141.319
1120.12	141.381
1120.25	141.444
1120.39	141.52
1120.52	141.609
1120.66	141.693
1120.79	141.767
1120.92	141.845
1121.06	141.932
1121.19	142.027
1121.32	142.096
1121.46	142.138
1121.59	142.182
1121.73	142.217
1121.86	142.229
1121.99	142.21
1122.13	142.168
1122.26	142.12
1122.4	142.074
1122.53	142.023
1122.66	141.957
1122.8	141.884
1122.93	141.788
1123.06	141.691
1123.2	141.568
1123.33	141.427
1123.47	141.272
1123.6	141.099
1123.73	140.917
1123.87	140.706
1124	140.473
1124.13	140.231
1124.27	139.986
1124.4	139.73
1124.54	139.47
1124.67	139.234
1124.8	139.008
1124.94	138.809
1125.07	138.623
1125.2	138.463
1125.34	138.358
1125.47	138.299
1125.6	138.267
1125.74	138.266
1125.87	138.287
1126.01	138.341
1126.14	138.411
1126.27	138.505
1126.41	138.63
1126.54	138.773
1126.67	138.956
1126.81	139.138
1126.94	139.303
1127.07	139.489
1127.21	139.695
1127.34	139.919
1127.47	140.133
1127.61	140.371
1127.74	140.609
1127.87	140.859
1128.01	141.109
1128.14	141.34
1128.27	141.561
1128.41	141.778
1128.54	141.961
1128.67	142.118
1128.81	142.24
1128.94	142.34
1129.07	142.411
1129.21	142.454
1129.34	142.472
1129.47	142.484
1129.61	142.481
1129.74	142.446
1129.87	142.385
1130.01	142.287
1130.14	142.191
1130.27	142.095
1130.41	141.981
1130.54	141.854
1130.67	141.733
1130.81	141.626
1130.94	141.519
1131.07	141.419
1131.21	141.338
1131.34	141.274
1131.47	141.223
1131.61	141.172
1131.74	141.128
1131.87	141.112
1132	141.119
1132.14	141.145
1132.27	141.172
1132.4	141.229
1132.54	141.317
1132.67	141.412
1132.8	141.51
1132.94	141.596
1133.07	141.681
1133.2	141.795
1133.34	141.908
1133.47	142.012
1133.6	142.127
1133.73	142.262
1133.87	142.39
1134	142.515
1134.13	142.632
1134.27	142.774
1134.4	142.924
1134.53	143.068
1134.66	143.203
1134.8	143.329
1134.93	143.43
1135.06	143.538
1135.2	143.627
1135.33	143.702
1135.46	143.776
1135.6	143.827
1135.73	143.859
1135.86	143.843
1135.99	143.817
1136.13	143.796
1136.26	143.769
1136.39	143.73
1136.53	143.668
1136.66	143.608
1136.79	143.548
1136.92	143.493
1137.06	143.434
1137.19	143.356
1137.32	143.281
1137.45	143.195
1137.59	143.092
1137.72	142.983
1137.85	142.854
1137.98	142.729
1138.12	142.589
1138.25	142.453
1138.38	142.312
1138.52	142.181
1138.65	142.036
1138.78	141.883
1138.91	141.727
1139.05	141.568
1139.18	141.442
1139.31	141.316
1139.44	141.188
1139.58	141.063
1139.71	140.971
1139.84	140.903
1139.97	140.842
1140.11	140.786
1140.24	140.751
1140.37	140.727
1140.5	140.717
1140.64	140.702
1140.77	140.717
1140.9	140.763
1141.03	140.833
1141.17	140.916
1141.3	141.009
1141.43	141.138
1141.56	141.278
1141.7	141.415
1141.83	141.556
1141.96	141.688
1142.09	141.831
1142.23	141.984
1142.36	142.116
1142.49	142.237
1142.62	142.358
1142.76	142.464
1142.89	142.538
1143.02	142.595
1143.15	142.626
1143.28	142.674
1143.42	142.705
1143.55	142.718
1143.68	142.71
1143.81	142.684
1143.95	142.659
1144.08	142.64
1144.21	142.582
1144.34	142.494
1144.47	142.393
1144.61	142.28
1144.74	142.15
1144.87	142.002
1145	141.857
1145.14	141.711
1145.27	141.572
1145.4	141.435
1145.53	141.284
1145.66	141.154
1145.8	141.041
1145.93	140.936
1146.06	140.84
1146.19	140.745
1146.32	140.666
1146.46	140.594
1146.59	140.539
1146.72	140.491
1146.85	140.472
1146.98	140.496
1147.12	140.52
1147.25	140.565
1147.38	140.625
1147.51	140.719
1147.64	140.829
1147.78	140.932
1147.91	141.026
1148.04	141.126
1148.17	141.236
1148.3	141.343
1148.44	141.461
1148.57	141.574
1148.7	141.7
1148.83	141.826
1148.96	141.923
1149.1	142.015
1149.23	142.107
1149.36	142.184
1149.49	142.252
1149.62	142.328
1149.76	142.429
1149.89	142.54
1150.02	142.655
1150.15	142.774
1150.28	142.905
1150.41	143.064
1150.55	143.228
1150.68	143.394
1150.81	143.565
1150.94	143.72
1151.07	143.891
1151.2	144.064
1151.34	144.226
1151.47	144.375
1151.6	144.521
1151.73	144.657
1151.86	144.788
1151.99	144.917
1152.13	145.027
1152.26	145.159
1152.39	145.275
1152.52	145.361
1152.65	145.421
1152.78	145.468
1152.92	145.496
1153.05	145.482
1153.18	145.414
1153.31	145.337
1153.44	145.244
1153.57	145.127
1153.7	144.967
1153.84	144.787
1153.97	144.594
1154.1	144.39
1154.23	144.165
1154.36	143.902
1154.49	143.606
1154.63	143.307
1154.76	142.988
1154.89	142.656
1155.02	142.312
1155.15	141.954
1155.28	141.604
1155.41	141.267
1155.55	140.947
1155.68	140.644
1155.81	140.387
1155.94	140.164
1156.07	139.953
1156.2	139.788
1156.33	139.662
1156.46	139.575
1156.6	139.515
1156.73	139.458
1156.86	139.436
1156.99	139.458
1157.12	139.516
1157.25	139.611
1157.38	139.725
1157.52	139.842
1157.65	139.979
1157.78	140.114
1157.91	140.234
1158.04	140.361
1158.17	140.481
1158.3	140.601
1158.43	140.728
1158.56	140.854
1158.7	140.96
1158.83	141.07
1158.96	141.172
1159.09	141.256
1159.22	141.328
1159.35	141.386
1159.48	141.431
1159.61	141.45
1159.74	141.457
1159.88	141.45
1160.01	141.453
1160.14	141.449
1160.27	141.434
1160.4	141.412
1160.53	141.394
1160.66	141.375
1160.79	141.368
1160.92	141.367
1161.06	141.359
1161.19	141.372
1161.32	141.378
1161.45	141.371
1161.58	141.339
1161.71	141.312
1161.84	141.286
1161.97	141.278
1162.1	141.277
1162.23	141.301
1162.36	141.315
1162.5	141.336
1162.63	141.359
1162.76	141.395
1162.89	141.436
1163.02	141.475
1163.15	141.513
1163.28	141.531
1163.41	141.546
1163.54	141.561
1163.67	141.571
1163.8	141.582
1163.93	141.571
1164.07	141.549
1164.2	141.537
1164.33	141.533
1164.46	141.519
1164.59	141.517
1164.72	141.525
1164.85	141.549
1164.98	141.562
1165.11	141.573
1165.24	141.588
1165.37	141.613
1165.5	141.631
1165.63	141.63
1165.76	141.644
1165.89	141.676
1166.03	141.728
1166.16	141.776
1166.29	141.802
1166.42	141.811
1166.55	141.823
1166.68	141.836
1166.81	141.836
1166.94	141.829
1167.07	141.815
1167.2	141.801
1167.33	141.765
1167.46	141.699
1167.59	141.627
1167.72	141.568
1167.85	141.48
1167.98	141.362
1168.11	141.239
1168.24	141.133
1168.37	141.046
1168.51	140.947
1168.64	140.872
1168.77	140.805
1168.9	140.764
1169.03	140.743
1169.16	140.731
1169.29	140.729
1169.42	140.749
1169.55	140.803
1169.68	140.899
1169.81	141.001
1169.94	141.115
1170.07	141.259
1170.2	141.417
1170.33	141.577
1170.46	141.729
1170.59	141.922
1170.72	142.15
1170.85	142.405
1170.98	142.642
1171.11	142.879
1171.24	143.109
1171.37	143.334
1171.5	143.544
1171.63	143.743
1171.76	143.928
1171.89	144.102
1172.02	144.24
1172.15	144.331
1172.28	144.399
1172.41	144.454
1172.54	144.477
1172.67	144.46
1172.8	144.392
1172.93	144.302
1173.06	144.215
1173.19	144.104
1173.32	143.967
1173.45	143.821
1173.58	143.663
1173.71	143.493
1173.85	143.28
1173.97	143.044
1174.1	142.8
1174.24	142.547
1174.36	142.264
1174.49	141.979
1174.62	141.724
1174.75	141.478
1174.88	141.232
1175.01	140.968
1175.14	140.704
1175.27	140.468
1175.4	140.263
1175.53	140.078
1175.66	139.903
1175.79	139.757
1175.92	139.64
1176.05	139.543
1176.18	139.446
1176.31	139.351
1176.44	139.29
1176.57	139.257
1176.7	139.229
1176.83	139.213
1176.96	139.232
1177.09	139.296
1177.22	139.372
1177.35	139.457
1177.48	139.571
1177.61	139.711
1177.74	139.873
1177.87	140.04
1178	140.209
1178.13	140.4
1178.26	140.613
1178.39	140.841
1178.52	141.066
1178.65	141.277
1178.78	141.514
1178.91	141.763
1179.04	142.017
1179.17	142.278
1179.3	142.542
1179.43	142.825
1179.56	143.121
1179.69	143.401
1179.82	143.64
1179.95	143.865
1180.07	144.079
1180.2	144.265
1180.33	144.431
1180.46	144.561
1180.59	144.656
1180.72	144.716
1180.85	144.704
1180.98	144.658
1181.11	144.574
1181.24	144.463
1181.37	144.31
1181.5	144.124
1181.63	143.922
1181.76	143.728
1181.89	143.533
1182.02	143.318
1182.15	143.106
1182.28	142.891
1182.41	142.682
1182.54	142.469
1182.66	142.24
1182.79	142.026
1182.92	141.841
1183.05	141.698
1183.18	141.571
1183.31	141.473
1183.44	141.405
1183.57	141.346
1183.7	141.309
1183.83	141.29
1183.96	141.314
1184.09	141.39
1184.22	141.492
1184.35	141.622
1184.48	141.787
1184.6	141.972
1184.73	142.172
1184.86	142.369
1184.99	142.553
1185.12	142.739
1185.25	142.94
1185.38	143.125
1185.51	143.29
1185.64	143.437
1185.77	143.584
1185.9	143.722
1186.03	143.838
1186.15	143.927
1186.28	143.989
1186.41	144.035
1186.54	144.04
1186.67	144.001
1186.8	143.932
1186.93	143.847
1187.06	143.739
1187.19	143.607
1187.32	143.463
1187.45	143.31
1187.57	143.162
1187.7	143.012
1187.83	142.873
1187.96	142.742
1188.09	142.614
1188.22	142.501
1188.35	142.42
1188.48	142.348
1188.61	142.289
1188.73	142.269
1188.86	142.278
1188.99	142.307
1189.12	142.349
1189.25	142.401
1189.38	142.467
1189.51	142.536
1189.64	142.6
1189.77	142.679
1189.89	142.758
1190.02	142.841
1190.15	142.917
1190.28	142.985
1190.41	143.035
1190.54	143.068
1190.67	143.086
1190.8	143.083
1190.92	143.074
1191.05	143.061
1191.18	143.044
1191.31	143.02
1191.44	142.995
1191.57	142.982
1191.7	142.982
1191.83	143.003
1191.95	143.015
1192.08	143.025
1192.21	143.051
1192.34	143.066
1192.47	143.079
1192.6	143.097
1192.73	143.116
1192.86	143.154
1192.98	143.199
1193.11	143.264
1193.24	143.347
1193.37	143.442
1193.5	143.555
1193.63	143.684
1193.76	143.83
1193.88	143.991
1194.01	144.163
1194.14	144.345
1194.27	144.528
1194.4	144.704
1194.53	144.854
1194.65	144.976
1194.78	145.067
1194.91	145.135
1195.04	145.153
1195.17	145.122
1195.3	145.066
1195.43	144.971
1195.55	144.815
1195.68	144.599
1195.81	144.346
1195.94	144.073
1196.07	143.8
1196.2	143.548
1196.32	143.329
1196.45	143.168
1196.58	143.046
1196.71	142.927
1196.84	142.748
1196.97	142.435
1197.09	141.805
