1060.78	107.881
1060.92	106.646
1061.05	105.841
1061.19	105.414
1061.33	105.283
1061.47	105.371
1061.61	105.623
1061.75	105.991
1061.88	106.428
1062.02	106.901
1062.16	107.381
1062.3	107.858
1062.44	108.337
1062.57	108.81
1062.71	109.291
1062.85	109.769
1062.99	110.239
1063.13	110.694
1063.26	111.168
1063.4	111.665
1063.54	112.177
1063.68	112.685
1063.82	113.187
1063.95	113.674
1064.09	114.15
1064.23	114.611
1064.37	115.047
1064.51	115.455
1064.64	115.828
1064.78	116.161
1064.92	116.448
1065.06	116.689
1065.2	116.882
1065.33	117.03
1065.47	117.126
1065.61	117.122
1065.75	117.087
1065.89	117.034
1066.02	116.963
1066.16	116.84
1066.3	116.69
1066.44	116.506
1066.57	116.295
1066.71	116.064
1066.85	115.817
1066.99	115.559
1067.13	115.296
1067.26	115.032
1067.4	114.765
1067.54	114.497
1067.68	114.247
1067.81	114.009
1067.95	113.788
1068.09	113.583
1068.23	113.408
1068.37	113.257
1068.5	113.141
1068.64	113.064
1068.78	113.036
1068.92	113.055
1069.05	113.132
1069.19	113.258
1069.33	113.434
1069.47	113.658
1069.6	113.934
1069.74	114.226
1069.88	114.55
1070.02	114.888
1070.15	115.244
1070.29	115.602
1070.43	115.97
1070.57	116.331
1070.71	116.676
1070.84	116.984
1070.98	117.276
1071.12	117.546
1071.26	117.809
1071.39	118.046
1071.53	118.264
1071.67	118.441
1071.81	118.593
1071.94	118.734
1072.08	118.862
1072.22	118.999
1072.35	119.134
1072.49	119.259
1072.63	119.365
1072.77	119.459
1072.9	119.563
1073.04	119.683
1073.18	119.807
1073.32	119.949
1073.45	120.097
1073.59	120.265
1073.73	120.466
1073.87	120.689
1074	120.92
1074.14	121.184
1074.28	121.489
1074.41	121.818
1074.55	122.165
1074.69	122.539
1074.83	122.917
1074.96	123.298
1075.1	123.701
1075.24	124.096
1075.38	124.5
1075.51	124.9
1075.65	125.298
1075.79	125.679
1075.92	126.064
1076.06	126.445
1076.2	126.806
1076.34	127.172
1076.47	127.532
1076.61	127.88
1076.75	128.216
1076.88	128.539
1077.02	128.827
1077.16	129.084
1077.29	129.326
1077.43	129.545
1077.57	129.751
1077.71	129.927
1077.84	130.099
1077.98	130.257
1078.12	130.411
1078.25	130.554
1078.39	130.695
1078.53	130.821
1078.67	130.955
1078.8	131.103
1078.94	131.254
1079.08	131.391
1079.21	131.544
1079.35	131.695
1079.49	131.851
1079.62	131.998
1079.76	132.137
1079.9	132.243
1080.03	132.335
1080.17	132.411
1080.31	132.499
1080.45	132.577
1080.58	132.645
1080.72	132.675
1080.86	132.681
1080.99	132.67
1081.13	132.656
1081.27	132.637
1081.4	132.604
1081.54	132.551
1081.68	132.471
1081.81	132.366
1081.95	132.246
1082.09	132.092
1082.22	131.919
1082.36	131.719
1082.5	131.491
1082.63	131.259
1082.77	131.017
1082.91	130.759
1083.04	130.502
1083.18	130.245
1083.32	129.99
1083.45	129.76
1083.59	129.552
1083.73	129.35
1083.86	129.18
1084	129.041
1084.14	128.912
1084.27	128.811
1084.41	128.729
1084.55	128.668
1084.68	128.653
1084.82	128.655
1084.96	128.672
1085.09	128.713
1085.23	128.795
1085.36	128.896
1085.5	129.01
1085.64	129.168
1085.77	129.337
1085.91	129.517
1086.05	129.711
1086.18	129.929
1086.32	130.144
1086.46	130.358
1086.59	130.6
1086.73	130.853
1086.87	131.108
1087	131.348
1087.14	131.58
1087.27	131.803
1087.41	132.008
1087.55	132.205
1087.68	132.378
1087.82	132.544
1087.96	132.7
1088.09	132.844
1088.23	132.97
1088.36	133.065
1088.5	133.154
1088.64	133.235
1088.77	133.289
1088.91	133.317
1089.05	133.344
1089.18	133.368
1089.32	133.413
1089.45	133.463
1089.59	133.513
1089.73	133.555
1089.86	133.616
1090	133.692
1090.14	133.789
1090.27	133.907
1090.41	134.044
1090.54	134.201
1090.68	134.363
1090.82	134.527
1090.95	134.713
1091.09	134.904
1091.22	135.095
1091.36	135.273
1091.5	135.455
1091.63	135.634
1091.77	135.798
1091.91	135.948
1092.04	136.059
1092.18	136.131
1092.31	136.197
1092.45	136.242
1092.58	136.273
1092.72	136.3
1092.86	136.315
1092.99	136.316
1093.13	136.315
1093.26	136.286
1093.4	136.238
1093.54	136.188
1093.67	136.127
1093.81	136.077
1093.94	136.033
1094.08	135.98
1094.22	135.942
1094.35	135.913
1094.49	135.898
1094.62	135.873
1094.76	135.851
1094.89	135.849
1095.03	135.852
1095.17	135.874
1095.3	135.932
1095.44	136.015
1095.57	136.109
1095.71	136.216
1095.85	136.364
1095.98	136.541
1096.12	136.721
1096.25	136.906
1096.39	137.115
1096.52	137.35
1096.66	137.589
1096.8	137.848
1096.93	138.085
1097.07	138.333
1097.2	138.585
1097.34	138.841
1097.47	139.091
1097.61	139.314
1097.74	139.533
1097.88	139.738
1098.02	139.92
1098.15	140.089
1098.29	140.245
1098.42	140.375
1098.56	140.486
1098.69	140.565
1098.83	140.614
1098.96	140.654
1099.1	140.695
1099.24	140.711
1099.37	140.694
1099.51	140.664
1099.64	140.625
1099.78	140.575
1099.91	140.505
1100.05	140.427
1100.18	140.366
1100.32	140.298
1100.45	140.228
1100.59	140.156
1100.73	140.08
1100.86	140.006
1101	139.922
1101.13	139.827
1101.27	139.715
1101.4	139.611
1101.54	139.528
1101.67	139.457
1101.81	139.397
1101.94	139.36
1102.08	139.331
1102.21	139.313
1102.35	139.308
1102.48	139.309
1102.62	139.317
1102.75	139.338
1102.89	139.376
1103.02	139.438
1103.16	139.517
1103.3	139.611
1103.43	139.727
1103.57	139.824
1103.7	139.92
1103.84	140.016
1103.97	140.132
1104.11	140.237
1104.24	140.338
1104.38	140.432
1104.51	140.522
1104.65	140.581
1104.78	140.618
1104.92	140.626
1105.05	140.653
1105.19	140.679
1105.32	140.681
1105.46	140.684
1105.59	140.685
1105.73	140.668
1105.86	140.639
1106	140.61
1106.13	140.575
1106.27	140.566
1106.4	140.575
1106.54	140.584
1106.67	140.598
1106.81	140.604
1106.94	140.63
1107.08	140.667
1107.21	140.713
1107.35	140.758
1107.48	140.819
1107.62	140.908
1107.75	141.011
1107.89	141.115
1108.02	141.219
1108.16	141.334
1108.29	141.463
1108.43	141.581
1108.56	141.7
1108.7	141.831
1108.83	141.974
1108.97	142.112
1109.1	142.252
1109.23	142.398
1109.37	142.556
1109.5	142.705
1109.64	142.842
1109.77	142.964
1109.91	143.087
1110.04	143.195
1110.18	143.288
1110.31	143.35
1110.45	143.399
1110.58	143.437
1110.72	143.456
1110.85	143.468
1110.99	143.461
1111.12	143.461
1111.26	143.453
1111.39	143.444
1111.52	143.44
1111.66	143.413
1111.79	143.371
1111.93	143.336
1112.06	143.306
1112.2	143.288
1112.33	143.28
1112.47	143.289
1112.6	143.305
1112.74	143.312
1112.87	143.338
1113	143.382
1113.14	143.421
1113.27	143.424
1113.41	143.435
1113.54	143.434
1113.68	143.427
1113.81	143.408
1113.95	143.385
1114.08	143.369
1114.21	143.382
1114.35	143.382
1114.48	143.36
1114.62	143.336
1114.75	143.291
1114.89	143.247
1115.02	143.221
1115.16	143.195
1115.29	143.179
1115.42	143.171
1115.56	143.164
1115.69	143.146
1115.83	143.135
1115.96	143.115
1116.1	143.103
1116.23	143.094
1116.36	143.097
1116.5	143.1
1116.63	143.141
1116.77	143.195
1116.9	143.23
1117.04	143.258
1117.17	143.272
1117.3	143.287
1117.44	143.291
1117.57	143.288
1117.71	143.29
1117.84	143.295
1117.97	143.325
1118.11	143.348
1118.24	143.376
1118.38	143.407
1118.51	143.451
1118.64	143.501
1118.78	143.553
1118.91	143.618
1119.05	143.694
1119.18	143.757
1119.31	143.824
1119.45	143.873
1119.58	143.926
1119.72	143.975
1119.85	144.03
1119.99	144.105
1120.12	144.179
1120.25	144.284
1120.39	144.389
1120.52	144.496
1120.66	144.606
1120.79	144.697
1120.92	144.798
1121.06	144.908
1121.19	145.02
1121.32	145.141
1121.46	145.264
1121.59	145.396
1121.73	145.499
1121.86	145.592
1121.99	145.68
1122.13	145.763
1122.26	145.818
1122.4	145.865
1122.53	145.916
1122.66	145.946
1122.8	145.979
1122.93	145.994
1123.06	145.984
1123.2	145.97
1123.33	145.937
1123.47	145.869
1123.6	145.782
1123.73	145.702
1123.87	145.614
1124	145.547
1124.13	145.474
1124.27	145.382
1124.4	145.273
1124.54	145.149
1124.67	145.02
1124.8	144.887
1124.94	144.762
1125.07	144.627
1125.2	144.502
1125.34	144.381
1125.47	144.264
1125.6	144.153
1125.74	144.071
1125.87	143.964
1126.01	143.83
1126.14	143.701
1126.27	143.558
1126.41	143.413
1126.54	143.27
1126.67	143.143
1126.81	143.007
1126.94	142.868
1127.07	142.739
1127.21	142.59
1127.34	142.433
1127.47	142.278
1127.61	142.149
1127.74	142.028
1127.87	141.907
1128.01	141.794
1128.14	141.678
1128.27	141.57
1128.41	141.468
1128.54	141.379
1128.67	141.337
1128.81	141.313
1128.94	141.32
1129.07	141.36
1129.21	141.41
1129.34	141.504
1129.47	141.61
1129.61	141.743
1129.74	141.906
1129.87	142.086
1130.01	142.298
1130.14	142.532
1130.27	142.763
1130.41	142.995
1130.54	143.238
1130.67	143.478
1130.81	143.693
1130.94	143.91
1131.07	144.118
1131.21	144.327
1131.34	144.52
1131.47	144.716
1131.61	144.87
1131.74	145.004
1131.87	145.117
1132	145.179
1132.14	145.215
1132.27	145.23
1132.4	145.213
1132.54	145.172
1132.67	145.115
1132.8	145.056
1132.94	144.969
1133.07	144.863
1133.2	144.711
1133.34	144.528
1133.47	144.313
1133.6	144.102
1133.73	143.896
1133.87	143.694
1134	143.492
1134.13	143.283
1134.27	143.092
1134.4	142.909
1134.53	142.752
1134.66	142.628
1134.8	142.534
1134.93	142.458
1135.06	142.421
1135.2	142.431
1135.33	142.471
1135.46	142.547
1135.6	142.662
1135.73	142.809
1135.86	142.967
1135.99	143.164
1136.13	143.38
1136.26	143.609
1136.39	143.846
1136.53	144.111
1136.66	144.404
1136.79	144.682
1136.92	144.936
1137.06	145.178
1137.19	145.411
1137.32	145.64
1137.45	145.845
1137.59	146.043
1137.72	146.221
1137.85	146.359
1137.98	146.474
1138.12	146.555
1138.25	146.587
1138.38	146.607
1138.52	146.582
1138.65	146.523
1138.78	146.437
1138.91	146.312
1139.05	146.157
1139.18	145.955
1139.31	145.699
1139.44	145.427
1139.58	145.13
1139.71	144.795
1139.84	144.417
1139.97	144.028
1140.11	143.624
1140.24	143.235
1140.37	142.838
1140.5	142.433
1140.64	142.016
1140.77	141.63
1140.9	141.256
1141.03	140.9
1141.17	140.571
1141.3	140.274
1141.43	140.022
1141.56	139.817
1141.7	139.661
1141.83	139.544
1141.96	139.47
1142.09	139.436
1142.23	139.439
1142.36	139.488
1142.49	139.579
1142.62	139.726
1142.76	139.881
1142.89	140.062
1143.02	140.26
1143.15	140.484
1143.28	140.725
1143.42	140.966
1143.55	141.22
1143.68	141.48
1143.81	141.742
1143.95	141.982
1144.08	142.206
1144.21	142.412
1144.34	142.6
1144.47	142.769
1144.61	142.918
1144.74	143.047
1144.87	143.136
1145	143.208
1145.14	143.245
1145.27	143.256
1145.4	143.227
1145.53	143.174
1145.66	143.077
1145.8	142.928
1145.93	142.733
1146.06	142.523
1146.19	142.305
1146.32	142.073
1146.46	141.814
1146.59	141.565
1146.72	141.313
1146.85	141.073
1146.98	140.838
1147.12	140.61
1147.25	140.407
1147.38	140.249
1147.51	140.116
1147.64	140.02
1147.78	139.969
1147.91	139.966
1148.04	140.022
1148.17	140.124
1148.3	140.271
1148.44	140.446
1148.57	140.659
1148.7	140.895
1148.83	141.169
1148.96	141.478
1149.1	141.821
1149.23	142.187
1149.36	142.54
1149.49	142.891
1149.62	143.245
1149.76	143.59
1149.89	143.899
1150.02	144.182
1150.15	144.432
1150.28	144.679
1150.41	144.897
1150.55	145.076
1150.68	145.216
1150.81	145.326
1150.94	145.421
1151.07	145.466
1151.2	145.467
1151.34	145.441
1151.47	145.379
1151.6	145.287
1151.73	145.132
1151.86	144.967
1151.99	144.78
1152.13	144.569
1152.26	144.328
1152.39	144.064
1152.52	143.791
1152.65	143.512
1152.78	143.229
1152.92	142.925
1153.05	142.639
1153.18	142.374
1153.31	142.138
1153.44	141.929
1153.57	141.74
1153.7	141.589
1153.84	141.482
1153.97	141.426
1154.1	141.405
1154.23	141.408
1154.36	141.44
1154.49	141.504
1154.63	141.581
1154.76	141.669
1154.89	141.782
1155.02	141.914
1155.15	142.064
1155.28	142.208
1155.41	142.337
1155.55	142.47
1155.68	142.58
1155.81	142.671
1155.94	142.743
1156.07	142.8
1156.2	142.85
1156.33	142.882
1156.46	142.883
1156.6	142.866
1156.73	142.836
1156.86	142.808
1156.99	142.761
1157.12	142.675
1157.25	142.548
1157.38	142.4
1157.52	142.264
1157.65	142.113
1157.78	141.972
1157.91	141.816
1158.04	141.67
1158.17	141.518
1158.3	141.363
1158.43	141.222
1158.56	141.085
1158.7	140.944
1158.83	140.82
1158.96	140.698
1159.09	140.592
1159.22	140.516
1159.35	140.442
1159.48	140.386
1159.61	140.355
1159.74	140.367
1159.88	140.39
1160.01	140.419
1160.14	140.467
1160.27	140.565
1160.4	140.678
1160.53	140.81
1160.66	140.936
1160.79	141.085
1160.92	141.239
1161.06	141.39
1161.19	141.524
1161.32	141.641
1161.45	141.735
1161.58	141.807
1161.71	141.861
1161.84	141.874
1161.97	141.87
1162.1	141.854
1162.23	141.82
1162.36	141.755
1162.5	141.659
1162.63	141.558
1162.76	141.453
1162.89	141.335
1163.02	141.203
1163.15	141.066
1163.28	140.944
1163.41	140.829
1163.54	140.7
1163.67	140.576
1163.8	140.487
1163.93	140.404
1164.07	140.341
1164.2	140.274
1164.33	140.215
1164.46	140.189
1164.59	140.186
1164.72	140.215
1164.85	140.273
1164.98	140.354
1165.11	140.478
1165.24	140.626
1165.37	140.783
1165.5	140.966
1165.63	141.16
1165.76	141.381
1165.89	141.605
1166.03	141.827
1166.16	142.063
1166.29	142.322
1166.42	142.591
1166.55	142.852
1166.68	143.116
1166.81	143.363
1166.94	143.614
1167.07	143.845
1167.2	144.054
1167.33	144.244
1167.46	144.415
1167.59	144.57
1167.72	144.706
1167.85	144.784
1167.98	144.851
1168.11	144.91
1168.24	144.939
1168.37	144.945
1168.51	144.931
1168.64	144.918
1168.77	144.878
1168.9	144.836
1169.03	144.793
1169.16	144.768
1169.29	144.746
1169.42	144.732
1169.55	144.713
1169.68	144.713
1169.81	144.724
1169.94	144.756
1170.07	144.782
1170.2	144.82
1170.33	144.87
1170.46	144.938
1170.59	145.019
1170.72	145.085
1170.85	145.167
1170.98	145.266
1171.11	145.347
1171.24	145.402
1171.37	145.446
1171.5	145.487
1171.63	145.527
1171.76	145.558
1171.89	145.565
1172.02	145.568
1172.15	145.578
1172.28	145.578
1172.41	145.543
1172.54	145.496
1172.67	145.441
1172.8	145.348
1172.93	145.235
1173.06	145.098
1173.19	144.944
1173.32	144.793
1173.45	144.635
1173.58	144.471
1173.71	144.306
1173.85	144.144
1173.97	144.01
1174.1	143.867
1174.24	143.719
1174.36	143.594
1174.49	143.478
1174.62	143.401
1174.75	143.356
1174.88	143.317
1175.01	143.308
1175.14	143.321
1175.27	143.348
1175.4	143.39
1175.53	143.436
1175.66	143.486
1175.79	143.551
1175.92	143.619
1176.05	143.693
1176.18	143.789
1176.31	143.891
1176.44	144.001
1176.57	144.109
1176.7	144.214
1176.83	144.338
1176.96	144.469
1177.09	144.575
1177.22	144.666
1177.35	144.76
1177.48	144.861
1177.61	144.938
1177.74	145.006
1177.87	145.06
1178	145.107
1178.13	145.152
1178.26	145.177
1178.39	145.197
1178.52	145.218
1178.65	145.241
1178.78	145.278
1178.91	145.292
1179.04	145.307
1179.17	145.313
1179.3	145.313
1179.43	145.308
1179.56	145.29
1179.69	145.28
1179.82	145.272
1179.95	145.251
1180.07	145.222
1180.2	145.207
1180.33	145.211
1180.46	145.233
1180.59	145.262
1180.72	145.3
1180.85	145.367
1180.98	145.458
1181.11	145.529
1181.24	145.571
1181.37	145.604
1181.5	145.634
1181.63	145.663
1181.76	145.683
1181.89	145.683
1182.02	145.672
1182.15	145.674
1182.28	145.67
1182.41	145.651
1182.54	145.62
1182.66	145.585
1182.79	145.575
1182.92	145.552
1183.05	145.528
1183.18	145.519
1183.31	145.51
1183.44	145.529
1183.57	145.559
1183.7	145.57
1183.83	145.596
1183.96	145.633
1184.09	145.672
1184.22	145.71
1184.35	145.74
1184.48	145.788
1184.6	145.852
1184.73	145.918
1184.86	145.986
1184.99	146.055
1185.12	146.117
1185.25	146.192
1185.38	146.251
1185.51	146.313
1185.64	146.369
1185.77	146.431
1185.9	146.474
1186.03	146.514
1186.15	146.555
1186.28	146.583
1186.41	146.583
1186.54	146.558
1186.67	146.52
1186.8	146.479
1186.93	146.44
1187.06	146.392
1187.19	146.341
1187.32	146.288
1187.45	146.237
1187.57	146.178
1187.7	146.103
1187.83	146.023
1187.96	145.944
1188.09	145.866
1188.22	145.787
1188.35	145.698
1188.48	145.607
1188.61	145.52
1188.73	145.437
1188.86	145.351
1188.99	145.291
1189.12	145.246
1189.25	145.211
1189.38	145.187
1189.51	145.175
1189.64	145.177
1189.77	145.188
1189.89	145.196
1190.02	145.218
1190.15	145.259
1190.28	145.31
1190.41	145.358
1190.54	145.41
1190.67	145.457
1190.8	145.486
1190.92	145.505
1191.05	145.508
1191.18	145.493
1191.31	145.456
1191.44	145.395
1191.57	145.312
1191.7	145.195
1191.83	145.062
1191.95	144.926
1192.08	144.797
1192.21	144.694
1192.34	144.616
1192.47	144.582
1192.6	144.649
1192.73	144.818
1192.86	144.811
1192.98	144.823
1193.11	144.86
1193.24	144.932
1193.37	145.031
1193.5	145.158
1193.63	145.323
1193.76	145.528
1193.88	145.775
1194.01	146.063
1194.14	146.393
1194.27	146.751
1194.4	147.132
1194.53	147.522
1194.65	147.928
1194.78	148.333
1194.91	148.73
1195.04	149.122
1195.17	149.502
1195.3	149.849
1195.43	150.114
1195.55	150.289
1195.68	150.358
1195.81	150.304
1195.94	150.106
1196.07	149.745
1196.2	149.237
1196.32	148.598
1196.45	147.904
1196.58	147.269
1196.71	146.892
1196.84	146.993
1196.97	147.918
1197.09	150.137
