1674.54	218.994
1672.76	212.91
1670.98	212.702
1669.2	210.741
1667.42	209.452
1665.64	209.133
1663.85	212.843
1662.07	209.469
1660.28	210.149
1658.5	207.346
1656.71	205.59
1654.92	206.849
1653.14	203.613
1651.35	200.982
1649.56	199.907
1647.77	194.658
1645.98	186.424
1644.19	175.012
1642.4	164.841
1640.61	153.585
1638.81	148.707
1637.02	141.651
1635.22	134.604
1633.43	122.348
1631.63	111.329
1629.84	97.6828
1628.04	81.3255
1626.24	71.8863
1624.44	65.0925
1622.64	56.9506
1620.85	47.092
1619.04	38.8246
1617.24	27.4774
1615.44	15.7824
1613.64	8.23764
1611.84	5.74534
1610.03	6.85582
1608.23	11.0766
1606.42	6.76341
1604.62	3.77519
1602.81	5.98021
1601	8.69927
1599.2	6.38367
1597.39	6.17137
1595.58	3.4765
1593.77	2.60982
1591.96	-1.97588
1590.15	-5.9639
1588.33	-8.57686
1586.52	-7.89997
1584.71	-10.1689
1582.89	-12.5679
1581.08	-10.6411
1579.26	-4.88496
1577.45	4.19993
1575.63	23.6096
1573.81	49.4413
1571.99	80.012
1570.18	108.956
1568.36	140.642
1566.54	174.614
1564.72	207.465
1562.89	237.105
1561.07	262.406
1559.25	289.03
1557.42	308.522
1555.6	320.53
1553.78	323.723
1551.95	319.242
1550.12	315.628
1548.3	305.709
1546.47	292.663
1544.64	279.757
1542.81	263.59
1540.98	248.34
1539.15	231.818
1537.32	215.536
1535.49	198.309
1533.65	177.912
1531.82	156.156
1529.99	132.682
1528.15	115.752
1526.32	100.603
1524.48	84.3712
1522.64	70.333
1520.81	58.25
1518.97	42.3034
1517.13	29.3238
1515.29	16.531
1513.45	10.7469
1511.61	8.37944
1509.77	4.24681
1507.92	-0.977574
1506.08	-5.87946
1504.24	-10.0019
1502.39	-14.8423
1500.55	-21.4111
1498.7	-23.43
1496.86	-23.4493
1495.01	-25.9127
1493.16	-27.4247
1491.31	-24.4834
1489.46	-21.444
1487.61	-21.4469
1485.76	-21.3591
1483.91	-16.406
1482.06	-11.4
1480.21	-5.44189
1478.35	2.23957
1476.5	9.55858
1474.64	21.063
1472.79	28.5655
1470.93	39.7426
1469.07	49.7386
1467.22	59.6069
1465.36	70.4283
1463.5	77.836
1461.64	90.1971
1459.78	100.102
1457.92	105.184
1456.05	108.671
1454.19	111.93
1452.33	114.823
1450.46	109.023
1448.6	107.356
1446.73	105.277
1444.87	103.327
1443	98.7352
1441.13	92.4538
1439.26	86.5298
1437.39	75.7831
1435.52	72.2936
1433.65	64.531
1431.78	62.0717
1429.91	56.2451
1428.04	52.3578
1426.17	52.1904
1424.29	49.2399
1422.42	48.2825
1420.54	50.7181
1418.66	46.1519
1416.79	49.3954
1414.91	46.7544
1413.03	45.7459
1411.15	42.5814
1409.27	39.1839
1407.39	33.9976
1405.51	28.7902
1403.63	26.5252
1401.75	21.7923
1399.86	15.4456
1397.98	12.1859
1396.09	9.58625
1394.21	6.60275
1392.32	6.19703
1390.44	2.50007
1388.55	1.9272
1386.66	6.05656
1384.77	10.1642
1382.88	20.6066
1380.99	33.9451
1379.1	54.2604
1377.21	81.5534
1375.31	103.692
1373.42	132.043
1371.53	164.22
1369.63	195.036
1367.74	230.969
1365.84	259.059
1363.94	283.039
1362.05	301.578
1360.15	318.007
1358.25	320.32
1356.35	320.058
1354.45	317.684
1352.55	311.634
1350.64	296.104
1348.74	281.548
1346.84	259.052
1344.93	241.616
1343.03	228.829
1341.12	211.002
1339.22	187.388
1337.31	168.057
1335.4	149.19
1333.49	133.84
1331.58	115.088
1329.67	100.582
1327.76	88.4059
1325.85	80.0625
1323.94	66.9484
1322.03	52.0271
1320.11	41.8366
1318.2	42.4806
1316.28	41.9541
1314.37	39.8457
1312.45	39.6536
1310.53	36.6528
1308.62	37.0232
1306.7	39.2155
1304.78	38.2354
1302.86	40.9884
1300.94	40.7027
1299.01	36.6932
1297.09	29.7298
1295.17	23.6795
1293.24	24.219
1291.32	22.9867
1289.39	19.8079
1287.47	21.3054
1285.54	15.3503
1283.61	14.17
1281.68	13.3487
1279.76	13.7578
1277.83	15.4398
1275.9	14.7145
1273.96	18.0752
1272.03	16.4715
1270.1	15.3199
1268.17	18.7148
1266.23	12.784
1264.3	10.0367
1262.36	8.0978
1260.42	1.69519
1258.49	3.14601
1256.55	1.04814
1254.61	3.2623
1252.67	-1.12405
1250.73	-1.47879
1248.79	-1.66109
1246.85	-2.53415
1244.91	2.31153
1242.96	8.19517
1241.02	9.34177
1239.07	13.3427
1237.13	6.01042
1235.18	7.07349
1233.24	8.43771
1231.29	10.7484
1229.34	2.45476
1227.39	1.731
1225.44	0.173818
1223.49	-4.1302
1221.54	-5.08782
1219.59	-7.60116
1217.63	-9.63422
1215.68	-10.0856
1213.73	-11.7461
1211.77	-14.7465
1209.81	-15.5821
1207.86	-9.65828
1205.9	-15.8953
1203.94	-15.2475
1201.98	-13.3941
1200.02	-15.1557
1198.06	-11.7979
1196.1	-8.23746
1194.14	-2.78742
1192.18	1.59016
1190.21	4.03607
1188.25	6.18541
1186.29	6.03821
1184.32	11.2344
1182.35	12.7158
1180.39	13.2158
1178.42	11.2843
1176.45	11.4123
1174.48	8.28644
1172.51	4.63458
1170.54	0.312994
1168.57	1.59568
1166.6	-2.64455
1164.62	-3.77939
1162.65	-5.76245
1160.67	-8.77996
1158.7	-10.7381
1156.72	-11.2681
1154.74	-15.0603
1152.77	-15.8846
1150.79	-13.6042
1148.81	-12.6313
1146.83	-14.1074
1144.85	-14.3335
1142.87	-14.0973
1140.88	-14.3498
1138.9	-14.1391
1136.92	-15.7365
1134.93	-14.1416
1132.95	-12.4455
1130.96	-13.4218
1128.97	-14.4373
1126.99	-11.1314
1125	-11.6358
1123.01	-6.08175
1121.02	-3.43179
1119.03	1.99902
1117.04	5.34583
1115.04	14.5145
1113.05	22.0985
1111.06	34.503
1109.06	44.0572
1107.07	58.7926
1105.07	66.9
1103.08	77.0105
1101.08	86.6753
1099.08	100.247
1097.08	110.918
1095.08	124.05
1093.08	129.955
1091.08	136.138
1089.08	142.904
1087.07	149.323
1085.07	150.098
1083.06	151.97
1081.06	157.751
1079.05	159.853
1077.05	156.683
1075.04	160.691
1073.03	161.427
1071.02	161.397
1069.01	162.413
1067	156.925
1064.99	157.258
1062.98	154.411
1060.96	154.791
1058.95	149.621
1056.93	145.863
1054.92	146.242
1052.9	139.75
1050.89	138.119
1048.87	140.217
1046.85	138.634
1044.83	142.593
1042.81	142.825
1040.79	145.197
1038.77	150.467
1036.75	156.879
1034.72	166.653
1032.7	173.563
1030.67	181.609
1028.65	192.463
1026.62	198.866
1024.59	212.545
1022.57	224.666
1020.54	234.711
1018.51	248.207
1016.48	255.559
1014.45	272.315
1012.42	285.073
1010.38	301.148
1008.35	311.866
1006.32	318.349
1004.28	326.57
1002.24	332.916
1000.21	338.351
998.171	345.929
996.133	352.641
994.094	360.308
992.054	361.42
990.013	361.899
987.972	360.74
985.93	366.72
983.888	371.835
981.843	382.227
979.799	386.891
977.754	392.692
975.708	404.632
973.661	415.703
971.614	424.966
969.565	432.957
967.516	445.089
965.466	456.181
963.415	460.737
961.364	462.386
959.312	464.305
957.258	466.509
955.204	471.89
953.15	471.912
951.094	466.441
949.038	463.704
946.98	459.698
944.923	455.787
942.864	452.336
940.804	451.353
938.744	450.655
936.683	450.186
934.621	450.457
932.558	444.868
930.495	440.745
928.43	443.361
926.365	441.082
924.299	435.183
922.233	432.969
920.165	425.407
918.096	420.906
916.028	418.148
913.957	407.855
911.887	401.444
909.815	388.642
907.743	378.533
905.669	365.892
903.595	359.769
901.521	357.442
899.445	344.224
897.369	338.619
895.292	334.166
893.214	329.96
891.135	329.872
889.055	326.671
886.975	329.591
884.894	328.809
882.812	327.734
880.729	327.499
878.646	331.423
876.561	333.119
874.475	334.522
872.389	341.036
870.303	342.224
868.215	340.222
866.126	342.479
864.037	345.223
861.947	348.099
859.856	352.103
857.764	348.191
855.671	341.175
853.578	341.799
851.484	343.323
849.389	336.742
847.293	338.482
845.196	342.725
843.099	339.878
841	335.897
838.901	330.649
836.801	322.951
834.701	322.352
832.599	317.167
830.496	309.404
828.393	296.422
826.29	284.222
824.184	263.027
822.079	241.58
819.972	226.547
817.865	210.176
815.757	197.133
813.648	183.975
811.538	173.057
809.428	159.942
807.316	148.625
805.204	134.25
803.091	122.351
800.977	114.892
798.863	105.153
796.747	94.2549
794.631	81.8547
792.513	68.2548
790.395	53.9669
788.276	39.1162
786.157	31.9907
784.036	22.7744
781.915	13.3858
779.793	2.94602
777.669	0.500247
775.546	-3.02251
773.421	-6.95091
771.296	-4.5514
769.169	-0.958843
767.042	2.33376
764.915	3.45233
762.786	1.63269
760.656	3.42556
758.526	9.33903
756.394	13.7288
754.262	13.2714
752.129	14.3939
749.995	17.9512
747.861	22.0801
745.725	25.0168
743.588	27.224
741.452	27.1028
739.314	30.9767
737.175	30.9884
735.035	35.6349
732.895	38.0595
730.753	40.759
728.611	48.1937
726.469	59.5382
724.324	71.302
722.18	84.0773
720.034	98.0674
717.888	118.666
715.741	135.051
713.593	147.303
711.444	162.031
709.294	169.848
707.144	175.426
704.992	180.763
702.84	176.455
700.687	166.051
698.533	151.46
696.378	139.833
694.222	119.787
692.066	99.7037
689.909	84.0116
687.751	62.4087
685.592	48.4677
683.432	30.0956
681.271	6.33599
679.109	-11.4091
676.947	-25.6616
674.784	-34.4732
672.62	-41.213
670.455	-41.5941
668.289	-41.3856
666.122	-37.4443
663.955	-27.9176
661.787	-19.1917
659.618	-2.90422
657.448	15.7689
655.277	26.4643
653.104	40.1372
650.932	54.6
648.759	64.7754
646.584	69.7563
644.409	73.9109
642.233	83.7825
640.056	87.195
637.879	93.7
635.7	95.8034
633.52	92.7423
631.34	95.6525
629.159	92.5329
626.977	83.298
624.794	79.6278
622.61	71.8139
620.426	65.6708
618.24	51.2352
616.054	35.6677
613.867	21.0434
611.679	8.78625
609.49	4.68258
607.301	-2.95691
605.11	-4.53668
602.919	-8.22018
600.726	-10.9341
598.532	-8.70051
596.339	-4.97919
594.144	3.05481
591.948	10.6889
589.751	22.3617
587.554	34.683
585.355	44.791
583.156	56.6433
580.956	65.2925
578.755	82.3382
576.553	95.594
574.35	111.524
572.147	127.222
569.943	138.333
567.737	154.725
565.531	166.62
563.323	180.102
561.116	196.062
558.907	210.606
