1674.54	274.146
1672.76	266.316
1670.98	262.599
1669.2	258.258
1667.42	254.598
1665.64	249.252
1663.85	244.785
1662.07	245.179
1660.28	246.024
1658.5	241.914
1656.71	236.566
1654.92	231.529
1653.14	223.35
1651.35	217.757
1649.56	212.065
1647.77	204.59
1645.98	196.798
1644.19	186.488
1642.4	174.896
1640.61	164.613
1638.81	156.422
1637.02	143.36
1635.22	129.964
1633.43	118.703
1631.63	106.336
1629.84	97.5899
1628.04	87.8385
1626.24	79.5808
1624.44	68.5841
1622.64	57.8048
1620.85	48.2382
1619.04	40.0269
1617.24	35.626
1615.44	30.6247
1613.64	26.4293
1611.84	27.3095
1610.03	23.6734
1608.23	22.4828
1606.42	19.9197
1604.62	15.2122
1602.81	11.9006
1601	5.30184
1599.2	2.55283
1597.39	2.10578
1595.58	2.09978
1593.77	-0.782704
1591.96	-3.54974
1590.15	-8.5575
1588.33	-13.7176
1586.52	-15.8458
1584.71	-12.6237
1582.89	-9.28275
1581.08	4.30922
1579.26	15.2481
1577.45	25.7624
1575.63	44.3383
1573.81	65.6387
1571.99	91.5491
1570.18	119.991
1568.36	157.957
1566.54	198.178
1564.72	231.751
1562.89	268.533
1561.07	296.673
1559.25	323.157
1557.42	344.433
1555.6	361.78
1553.78	374.75
1551.95	375.238
1550.12	370.661
1548.3	357.963
1546.47	340.787
1544.64	323.632
1542.81	305.444
1540.98	284.733
1539.15	262.728
1537.32	243.518
1535.49	218.732
1533.65	194.471
1531.82	171.771
1529.99	153.691
1528.15	134.663
1526.32	114.249
1524.48	94.9032
1522.64	74.8408
1520.81	59.1107
1518.97	46.1679
1517.13	36.1539
1515.29	27.2885
1513.45	19.5832
1511.61	12.1216
1509.77	5.94641
1507.92	2.10015
1506.08	1.04401
1504.24	3.68764
1502.39	6.0224
1500.55	1.2822
1498.7	-2.4441
1496.86	-7.02825
1495.01	-11.8734
1493.16	-14.5676
1491.31	-13.9783
1489.46	-12.9714
1487.61	-20.0895
1485.76	-22.6561
1483.91	-22.1723
1482.06	-26.5884
1480.21	-18.4085
1478.35	-14.5326
1476.5	-8.42466
1474.64	-0.539651
1472.79	4.22038
1470.93	13.892
1469.07	20.0212
1467.22	35.4816
1465.36	44.6279
1463.5	52.5017
1461.64	66.879
1459.78	67.1693
1457.92	79.8226
1456.05	85.2516
1454.19	87.0952
1452.33	92.7621
1450.46	92.422
1448.6	93.7222
1446.73	91.2452
1444.87	87.0913
1443	81.612
1441.13	72.6742
1439.26	73.1924
1437.39	66.1045
1435.52	62.6531
1433.65	60.7919
1431.78	57.6088
1429.91	53.1475
1428.04	49.1352
1426.17	50.8846
1424.29	53.2706
1422.42	52.9707
1420.54	52.4359
1418.66	53.7943
1416.79	49.5579
1414.91	48.5358
1413.03	44.1447
1411.15	42.4255
1409.27	41.0594
1407.39	40.4106
1405.51	33.9241
1403.63	31.9735
1401.75	31.4673
1399.86	30.1301
1397.98	24.3196
1396.09	17.9147
1394.21	10.7141
1392.32	11.5877
1390.44	9.49302
1388.55	10.8783
1386.66	9.06732
1384.77	12.2802
1382.88	20.9664
1380.99	36.4496
1379.1	55.8764
1377.21	79.5019
1375.31	115.884
1373.42	153.756
1371.53	187.271
1369.63	224.652
1367.74	258.652
1365.84	295.406
1363.94	325.775
1362.05	349.89
1360.15	364.664
1358.25	376.007
1356.35	382.911
1354.45	374.336
1352.55	359.273
1350.64	352.221
1348.74	334.374
1346.84	317.449
1344.93	296.636
1343.03	278.562
1341.12	256.496
1339.22	235.548
1337.31	212.878
1335.4	188.946
1333.49	170.901
1331.58	154.415
1329.67	130.748
1327.76	120.642
1325.85	102.688
1323.94	90.2828
1322.03	75.9372
1320.11	64.6431
1318.2	58.449
1316.28	51.2224
1314.37	48.2747
1312.45	47.8371
1310.53	45.0924
1308.62	44.8953
1306.7	38.1091
1304.78	38.9264
1302.86	34.0234
1300.94	32.5762
1299.01	31.7695
1297.09	27.3276
1295.17	26.799
1293.24	23.6336
1291.32	21.4228
1289.39	18.583
1287.47	18.8251
1285.54	16.3013
1283.61	13.3671
1281.68	15.0719
1279.76	11.7291
1277.83	13.0155
1275.9	16.1179
1273.96	15.5829
1272.03	16.3611
1270.1	15.2713
1268.17	14.8209
1266.23	9.62936
1264.3	7.62012
1262.36	6.14945
1260.42	5.21401
1258.49	8.22838
1256.55	6.82079
1254.61	2.678
1252.67	1.43749
1250.73	-4.81066
1248.79	-5.66332
1246.85	2.01727
1244.91	3.32832
1242.96	2.72421
1241.02	7.51117
1239.07	6.56301
1237.13	6.0527
1235.18	5.75481
1233.24	5.26618
1231.29	2.90069
1229.34	4.29623
1227.39	4.081
1225.44	-6.97099
1223.49	-7.99611
1221.54	-7.53062
1219.59	-12.8158
1217.63	-13.8425
1215.68	-15.5709
1213.73	-18.0017
1211.77	-17.9041
1209.81	-17.8678
1207.86	-14.9
1205.9	-15.1809
1203.94	-11.1125
1201.98	-11.4345
1200.02	-10.0939
1198.06	-7.09433
1196.1	-1.84506
1194.14	-0.981138
1192.18	-1.77411
1190.21	-0.684783
1188.25	1.15645
1186.29	3.05752
1184.32	7.79703
1182.35	10.7419
1180.39	11.6621
1178.42	7.83468
1176.45	7.33636
1174.48	5.85385
1172.51	4.8041
1170.54	5.95496
1168.57	1.53319
1166.6	1.08048
1164.62	0.317673
1162.65	-5.4273
1160.67	-6.2476
1158.7	-7.23211
1156.72	-2.33242
1154.74	-6.3288
1152.77	-6.63495
1150.79	-7.28526
1148.81	-9.55809
1146.83	-5.68037
1144.85	-5.15559
1142.87	-4.94276
1140.88	-0.715858
1138.9	-0.339772
1136.92	-3.26397
1134.93	-5.27111
1132.95	-2.2648
1130.96	-8.52071
1128.97	-7.72212
1126.99	-4.18621
1125	-1.46353
1123.01	1.58754
1121.02	0.101891
1119.03	-1.37761
1117.04	2.42306
1115.04	8.6953
1113.05	18.0608
1111.06	24.0267
1109.06	37.5493
1107.07	48.6212
1105.07	57.2952
1103.08	65.3788
1101.08	77.063
1099.08	87.1191
1097.08	98.7283
1095.08	104.799
1093.08	113.287
1091.08	120.909
1089.08	127.544
1087.07	132.909
1085.07	134.461
1083.06	136.882
1081.06	139.17
1079.05	140.048
1077.05	141.527
1075.04	142.052
1073.03	142.767
1071.02	142.896
1069.01	140.522
1067	140.248
1064.99	139.838
1062.98	141.751
1060.96	139.173
1058.95	136.322
1056.93	129.745
1054.92	130.716
1052.9	127.87
1050.89	126.848
1048.87	127.919
1046.85	130.261
1044.83	132.927
1042.81	134.412
1040.79	136.719
1038.77	140.943
1036.75	146.17
1034.72	150.949
1032.7	151.59
1030.67	160.457
1028.65	169.874
1026.62	176.067
1024.59	182.851
1022.57	193.498
1020.54	202.292
1018.51	216.675
1016.48	226.792
1014.45	239.641
1012.42	255.769
1010.38	269.814
1008.35	277.993
1006.32	286.585
1004.28	296.324
1002.24	300.745
1000.21	304.713
998.171	311.821
996.133	311.974
994.094	318.413
992.054	320.079
990.013	322.157
987.972	324.517
985.93	323.339
983.888	328.749
981.843	331.399
979.799	337.009
977.754	339.716
975.708	346.833
973.661	352.185
971.614	361.362
969.565	369.823
967.516	375.292
965.466	383.27
963.415	397.899
961.364	400.53
959.312	406.811
957.258	413.512
955.204	415.682
953.15	415.263
951.094	418.264
949.038	420.952
946.98	422.7
944.923	422.238
942.864	419.561
940.804	410.894
938.744	406.109
936.683	404.425
934.621	406.564
932.558	406.458
930.495	403.865
928.43	398.695
926.365	390.219
924.299	382.852
922.233	374.963
920.165	369.998
918.096	368.192
916.028	366.361
913.957	358.454
911.887	345.382
909.815	337.472
907.743	329.126
905.669	323.666
903.595	314.777
901.521	307.229
899.445	302.392
897.369	295.623
895.292	290.784
893.214	288.651
891.135	285.461
889.055	286.704
886.975	288.888
884.894	288.286
882.812	287.348
880.729	290.991
878.646	295.391
876.561	300.01
874.475	306.755
872.389	311.168
870.303	311.344
868.215	313.065
866.126	308.456
864.037	309.473
861.947	310.308
859.856	309.637
857.764	306.645
855.671	307.143
853.578	307.46
851.484	303.55
849.389	298.321
847.293	298.638
845.196	295.102
843.099	294.526
841	289.175
838.901	282.2
836.801	280.454
834.701	275.908
832.599	264.45
830.496	255.733
828.393	244.034
826.29	230.896
824.184	214.488
822.079	204.424
819.972	193.732
817.865	181.201
815.757	171.87
813.648	156.1
811.538	141.404
809.428	128.595
807.316	119.395
805.204	110.684
803.091	102.461
800.977	91.1729
798.863	77.4665
796.747	68.1442
794.631	55.6394
792.513	42.8482
790.395	33.1833
788.276	24.7892
786.157	17.7965
784.036	10.9708
781.915	0.74656
779.793	-5.16153
777.669	-5.38702
775.546	-4.69561
773.421	-8.05074
771.296	-8.11963
769.169	-6.26925
767.042	-3.91184
764.915	-4.76201
762.786	-3.69386
760.656	-6.16292
758.526	-2.60213
756.394	-5.02086
754.262	-2.33728
752.129	-0.217993
749.995	-0.026619
747.861	3.82815
745.725	5.53332
743.588	5.40434
741.452	9.63204
739.314	10.7115
737.175	7.55716
735.035	12.0754
732.895	17.3258
730.753	14.1578
728.611	17.8514
726.469	29.7238
724.324	43.8288
722.18	61.1196
720.034	80.4286
717.888	101.527
715.741	124.264
713.593	150.9
711.444	167.966
709.294	188.059
707.144	203.913
704.992	210.115
702.84	207.657
700.687	199.864
698.533	190.234
696.378	175.737
694.222	156.316
692.066	136.475
689.909	112.733
687.751	92.6202
685.592	69.7833
683.432	48.2772
681.271	28.6486
679.109	11.9764
676.947	-2.53719
674.784	-12.223
672.62	-19.3911
670.455	-20.6669
668.289	-19.4234
666.122	-13.329
663.955	-8.61366
661.787	0.825041
659.618	16.6695
657.448	33.3353
655.277	46.1404
653.104	64.0393
650.932	73.3929
648.759	84.0749
646.584	92.5436
644.409	92.0725
642.233	94.7487
640.056	102.264
637.879	104.759
635.7	103.781
633.52	107.151
631.34	107.157
629.159	98.1051
626.977	94.596
624.794	89.492
622.61	80.1697
620.426	73.3154
618.24	58.6423
616.054	45.2982
613.867	31.7416
611.679	19.8843
609.49	6.82468
607.301	-3.11359
605.11	-8.2928
602.919	-12.9406
600.726	-15.9605
598.532	-16.1108
596.339	-12.2137
594.144	-2.2203
591.948	4.5539
589.751	15.0691
587.554	25.6967
585.355	37.6624
583.156	53.8332
580.956	70.0844
578.755	85.5501
576.553	96.4673
574.35	113.608
572.147	130.432
569.943	145.257
567.737	159.887
565.531	174.71
563.323	188.379
561.116	201.054
558.907	214.431
