1674.54	257.025
1672.76	244.724
1670.98	239.717
1669.2	235.446
1667.42	230.902
1665.64	227.206
1663.85	226.568
1662.07	224.188
1660.28	220.122
1658.5	220.822
1656.71	216.011
1654.92	214.1
1653.14	205.272
1651.35	200.757
1649.56	189.23
1647.77	184.239
1645.98	179.06
1644.19	166.871
1642.4	157.442
1640.61	151.783
1638.81	140.031
1637.02	131.501
1635.22	123.822
1633.43	118.691
1631.63	109.282
1629.84	102.369
1628.04	91.3607
1626.24	79.8459
1624.44	70.7863
1622.64	59.0819
1620.85	46.7376
1619.04	37.2551
1617.24	27.4046
1615.44	17.2785
1613.64	12.1431
1611.84	10.1464
1610.03	7.92063
1608.23	9.92096
1606.42	5.6518
1604.62	5.88161
1602.81	2.74718
1601	-0.294396
1599.2	2.25239
1597.39	3.02845
1595.58	1.75778
1593.77	-0.657043
1591.96	-3.06915
1590.15	-5.1632
1588.33	-10.9409
1586.52	-8.62365
1584.71	-7.76299
1582.89	-4.94405
1581.08	-0.304891
1579.26	5.6901
1577.45	18.3691
1575.63	41.5378
1573.81	66.9842
1571.99	98.9791
1570.18	133.43
1568.36	168.073
1566.54	201.989
1564.72	237.59
1562.89	272.654
1561.07	312.965
1559.25	341.687
1557.42	363.675
1555.6	378.572
1553.78	382.52
1551.95	380.554
1550.12	372.724
1548.3	361.767
1546.47	350.128
1544.64	333.935
1542.81	314.701
1540.98	288.689
1539.15	269.544
1537.32	249.812
1535.49	226.078
1533.65	200.493
1531.82	173.263
1529.99	149.406
1528.15	133.131
1526.32	114.721
1524.48	92.7705
1522.64	79.0471
1520.81	64.1429
1518.97	45.0992
1517.13	30.6519
1515.29	14.3844
1513.45	8.625
1511.61	4.18326
1509.77	2.19418
1507.92	-3.93425
1506.08	-9.96968
1504.24	-10.273
1502.39	-11.7196
1500.55	-15.8413
1498.7	-12.9633
1496.86	-15.1295
1495.01	-12.9314
1493.16	-13.5083
1491.31	-14.3579
1489.46	-15.8038
1487.61	-16.5684
1485.76	-16.3327
1483.91	-16.5986
1482.06	-15.2825
1480.21	-8.78323
1478.35	-4.37975
1476.5	3.80135
1474.64	13.9275
1472.79	24.3698
1470.93	37.8603
1469.07	50.6586
1467.22	57.6037
1465.36	68.9965
1463.5	84.1564
1461.64	91.6299
1459.78	98.1005
1457.92	108.607
1456.05	114.795
1454.19	113.162
1452.33	112.34
1450.46	109.146
1448.6	105.579
1446.73	105.878
1444.87	102.484
1443	96.5746
1441.13	93.0732
1439.26	88.9745
1437.39	79.9501
1435.52	73.694
1433.65	74.0684
1431.78	71.7072
1429.91	65.2039
1428.04	58.823
1426.17	58.1142
1424.29	53.943
1422.42	53.2535
1420.54	50.7848
1418.66	47.2618
1416.79	47.4045
1414.91	48.9448
1413.03	43.7929
1411.15	37.5419
1409.27	38.823
1407.39	38.9548
1405.51	38.6106
1403.63	38.532
1401.75	32.1618
1399.86	27.2792
1397.98	27.4259
1396.09	22.554
1394.21	14.1667
1392.32	10.5837
1390.44	11.6682
1388.55	10.3202
1386.66	10.4993
1384.77	12.3803
1382.88	24.964
1380.99	40.8506
1379.1	61.8612
1377.21	91.2883
1375.31	124.017
1373.42	161.881
1371.53	197.573
1369.63	234.355
1367.74	268.85
1365.84	305.819
1363.94	335.722
1362.05	353.829
1360.15	370.279
1358.25	381.433
1356.35	377.736
1354.45	372.963
1352.55	357.213
1350.64	346.889
1348.74	329.174
1346.84	309.207
1344.93	285.434
1343.03	263.177
1341.12	240.978
1339.22	216.486
1337.31	191.046
1335.4	169.438
1333.49	144.935
1331.58	128.998
1329.67	108.569
1327.76	93.9293
1325.85	80.9862
1323.94	70.137
1322.03	58.3511
1320.11	48.6218
1318.2	40.134
1316.28	33.0671
1314.37	28.5973
1312.45	29.3624
1310.53	31.5444
1308.62	28.015
1306.7	29.6219
1304.78	28.0611
1302.86	26.3667
1300.94	25.954
1299.01	26.0491
1297.09	21.9286
1295.17	27.2592
1293.24	25.8236
1291.32	20.615
1289.39	11.8167
1287.47	18.4291
1285.54	12.452
1283.61	11.5267
1281.68	6.46587
1279.76	5.03877
1277.83	3.06835
1275.9	7.78421
1273.96	5.94163
1272.03	5.64954
1270.1	4.99271
1268.17	6.97145
1266.23	0.527926
1264.3	0.450115
1262.36	-0.131482
1260.42	3.0557
1258.49	2.09922
1256.55	-0.0863281
1254.61	3.34992
1252.67	-0.490959
1250.73	0.38787
1248.79	1.16896
1246.85	2.25909
1244.91	9.24272
1242.96	12.4034
1241.02	10.4696
1239.07	10.6109
1237.13	8.6986
1235.18	12.3662
1233.24	6.92504
1231.29	9.47275
1229.34	7.18907
1227.39	7.02886
1225.44	4.76264
1223.49	-3.75546
1221.54	-6.92218
1219.59	-10.4118
1217.63	-12.0201
1215.68	-14.3189
1213.73	-17.7327
1211.77	-15.4841
1209.81	-20.2987
1207.86	-20.9039
1205.9	-21.0785
1203.94	-18.954
1201.98	-16.2147
1200.02	-14.4083
1198.06	-8.47585
1196.1	-4.39289
1194.14	0.0820008
1192.18	5.75907
1190.21	6.77419
1188.25	12.6326
1186.29	15.9662
1184.32	18.9544
1182.35	16.0113
1180.39	19.3523
1178.42	14.8101
1176.45	11.832
1174.48	7.86662
1172.51	5.46743
1170.54	0.626354
1168.57	-2.56134
1166.6	-4.41884
1164.62	-8.34945
1162.65	-11.0867
1160.67	-9.93998
1158.7	-14.6064
1156.72	-11.3878
1154.74	-12.288
1152.77	-11.41
1150.79	-8.15457
1148.81	-3.84309
1146.83	-0.74666
1144.85	-1.23063
1142.87	-4.64874
1140.88	-8.33545
1138.9	-10.0133
1136.92	-12.2751
1134.93	-14.2115
1132.95	-11.9528
1130.96	-15.5528
1128.97	-15.1049
1126.99	-15.6069
1125	-14.3302
1123.01	-9.40827
1121.02	-1.42824
1119.03	9.4192
1117.04	22.3151
1115.04	31.63
1113.05	42.5837
1111.06	48.4114
1109.06	60.6051
1107.07	68.7083
1105.07	78.9522
1103.08	88.9687
1101.08	95.5374
1099.08	111.33
1097.08	118.219
1095.08	122.108
1093.08	129.048
1091.08	133.986
1089.08	143.161
1087.07	151.83
1085.07	156.638
1083.06	158.263
1081.06	159.661
1079.05	163.876
1077.05	162.038
1075.04	165.52
1073.03	165.369
1071.02	169.985
1069.01	173.51
1067	175.355
1064.99	169.833
1062.98	165.904
1060.96	163.473
1058.95	160.31
1056.93	155.097
1054.92	149.834
1052.9	145.11
1050.89	145.067
1048.87	141.786
1046.85	141.726
1044.83	145.032
1042.81	151.016
1040.79	158.822
1038.77	163.803
1036.75	173.555
1034.72	180.944
1032.7	190.326
1030.67	194.935
1028.65	200.037
1026.62	210.718
1024.59	218.306
1022.57	225.978
1020.54	237.829
1018.51	247.136
1016.48	257.392
1014.45	266.868
1012.42	281.389
1010.38	290.137
1008.35	302.838
1006.32	316.944
1004.28	322.361
1002.24	325.504
1000.21	329.915
998.171	333.361
996.133	338.355
994.094	339.306
992.054	347.104
990.013	350.583
987.972	356.473
985.93	362.676
983.888	369.508
981.843	374.348
979.799	384.91
977.754	395.654
975.708	403.213
973.661	412.359
971.614	427.334
969.565	434.477
967.516	438.174
965.466	444.554
963.415	448.618
961.364	446.09
959.312	450.154
957.258	452.308
955.204	458.365
953.15	459.112
951.094	462.358
949.038	459.794
946.98	455.093
944.923	453.223
942.864	453.578
940.804	455.711
938.744	457.946
936.683	456.914
934.621	455.792
932.558	447.718
930.495	442.432
928.43	436.783
926.365	431.742
924.299	423.666
922.233	424.232
920.165	417.714
918.096	407.211
916.028	399.359
913.957	395.103
911.887	385.229
909.815	375.549
907.743	370.11
905.669	360.685
903.595	355.143
901.521	349.667
899.445	336.205
897.369	330.031
895.292	324.745
893.214	323.518
891.135	316.04
889.055	316.494
886.975	317.063
884.894	318.47
882.812	319.769
880.729	323.138
878.646	325.132
876.561	331.383
874.475	334.749
872.389	339.057
870.303	345.342
868.215	345.855
866.126	347.165
864.037	349.283
861.947	345.484
859.856	344.402
857.764	339.54
855.671	340.127
853.578	338.526
851.484	341.868
849.389	338.67
847.293	329.147
845.196	330.629
843.099	326.61
841	322.819
838.901	323.125
836.801	320.392
834.701	317.172
832.599	306.095
830.496	293.667
828.393	273.743
826.29	255.435
824.184	233.86
822.079	215.029
819.972	198.974
817.865	181.129
815.757	163.608
813.648	146.747
811.538	128.052
809.428	119.473
807.316	111.468
805.204	103.403
803.091	99.6483
800.977	98.7029
798.863	87.203
796.747	74.0505
794.631	60.1248
792.513	48.4091
790.395	37.4624
788.276	33.1074
786.157	23.5672
784.036	15.0288
781.915	5.0887
779.793	0.560492
777.669	-3.09431
775.546	-5.36523
773.421	-4.48916
771.296	-1.9132
769.169	-2.32318
767.042	-3.16728
764.915	-3.99338
762.786	-4.06681
760.656	-2.61569
758.526	-0.49333
756.394	1.24464
754.262	1.92645
752.129	9.28246
749.995	9.40826
747.861	9.75604
745.725	10.4206
743.588	11.7681
741.452	13.2966
739.314	13.7876
737.175	15.9635
735.035	17.1568
732.895	14.8605
730.753	14.2634
728.611	17.9032
726.469	31.8363
724.324	54.7028
722.18	73.9596
720.034	92.1241
717.888	113.092
715.741	136.359
713.593	155.088
711.444	176.323
709.294	196.652
707.144	213.719
704.992	220.383
702.84	215.237
700.687	205.863
698.533	195.643
696.378	183.587
694.222	166.266
692.066	139.838
689.909	112.677
687.751	86.1251
685.592	63.2853
683.432	37.5365
681.271	15.194
679.109	-4.55906
676.947	-23.7185
674.784	-38.0982
672.62	-40.4331
670.455	-43.068
668.289	-36.3105
666.122	-29.069
663.955	-15.948
661.787	-8.74252
659.618	9.4108
657.448	27.0607
655.277	44.9458
653.104	60.8315
650.932	75.7637
648.759	82.9702
646.584	90.5588
644.409	96.1177
642.233	100.933
640.056	99.405
637.879	103.136
635.7	99.8538
633.52	95.3397
631.34	92.2376
629.159	90.5385
626.977	83.2159
624.794	74.8083
622.61	63.9671
620.426	54.7358
618.24	45.6659
616.054	36.3579
613.867	26.8479
611.679	16.4715
609.49	8.73539
607.301	4.7256
605.11	-5.73445
602.919	-8.40362
600.726	-10.4198
598.532	-7.54706
596.339	-3.41997
594.144	1.74476
591.948	12.4493
589.751	27.6876
587.554	39.7666
585.355	51.4018
583.156	62.272
580.956	80.0317
578.755	97.4082
576.553	113.682
574.35	131.036
572.147	146.116
569.943	163.111
567.737	176.759
565.531	188.912
563.323	207.419
561.116	224.334
558.907	233.368
