1674.54	303.946
1672.76	308.586
1670.98	309.716
1669.2	304.407
1667.42	297.676
1665.64	292.727
1663.85	290.873
1662.07	282.827
1660.28	272.628
1658.5	265.063
1656.71	259.752
1654.92	255.433
1653.14	247.518
1651.35	237.873
1649.56	226.906
1647.77	215.192
1645.98	203.515
1644.19	195.23
1642.4	186.032
1640.61	175.504
1638.81	165.744
1637.02	152.372
1635.22	135.032
1633.43	119.963
1631.63	114.108
1629.84	106.157
1628.04	99.419
1626.24	89.4428
1624.44	74.953
1622.64	62.3193
1620.85	53.0799
1619.04	45.7347
1617.24	35.8293
1615.44	28.7827
1613.64	20.7711
1611.84	12.0107
1610.03	7.0166
1608.23	4.95412
1606.42	1.47583
1604.62	4.61885
1602.81	4.30014
1601	2.69173
1599.2	-0.746841
1597.39	-0.884647
1595.58	-2.48743
1593.77	-3.59997
1591.96	-6.09503
1590.15	-3.37961
1588.33	-7.8212
1586.52	-6.27768
1584.71	-11.0699
1582.89	-7.96695
1581.08	-4.70046
1579.26	2.59487
1577.45	15.6385
1575.63	37.5681
1573.81	66.4454
1571.99	103.119
1570.18	135.501
1568.36	174.414
1566.54	208.63
1564.72	248.875
1562.89	288.966
1561.07	326.473
1559.25	361.502
1557.42	384.725
1555.6	397.123
1553.78	404.179
1551.95	404.066
1550.12	396.981
1548.3	382.603
1546.47	366.301
1544.64	347.958
1542.81	326.542
1540.98	303.47
1539.15	282.188
1537.32	260.295
1535.49	241.383
1533.65	218.267
1531.82	189.163
1529.99	168.679
1528.15	147.122
1526.32	127.86
1524.48	109.609
1522.64	87.4723
1520.81	68.2162
1518.97	50.5098
1517.13	36.0584
1515.29	24.3457
1513.45	19.291
1511.61	12.9413
1509.77	8.69352
1507.92	7.82958
1506.08	5.8037
1504.24	2.78763
1502.39	3.33678
1500.55	2.49244
1498.7	-1.56645
1496.86	-5.65913
1495.01	-10.2405
1493.16	-15.8572
1491.31	-14.1415
1489.46	-18.0963
1487.61	-19.6785
1485.76	-18.6556
1483.91	-17.2622
1482.06	-13.6309
1480.21	-10.8972
1478.35	-4.29141
1476.5	5.05317
1474.64	12.042
1472.79	19.4471
1470.93	30.6289
1469.07	45.3166
1467.22	55.1551
1465.36	65.6375
1463.5	75.5318
1461.64	83.2947
1459.78	90.8871
1457.92	101.475
1456.05	108.249
1454.19	111.083
1452.33	114.598
1450.46	109.793
1448.6	106.486
1446.73	104.366
1444.87	101.383
1443	95.3068
1441.13	86.1451
1439.26	82.9819
1437.39	76.5304
1435.52	70.2625
1433.65	66.3205
1431.78	59.6918
1429.91	62.5989
1428.04	57.1422
1426.17	52.7291
1424.29	50.037
1422.42	48.75
1420.54	50.7805
1418.66	47.3031
1416.79	44.5377
1414.91	38.1349
1413.03	36.3625
1411.15	34.1302
1409.27	24.2424
1407.39	22.4867
1405.51	20.3572
1403.63	16.6269
1401.75	13.1563
1399.86	9.17521
1397.98	5.18615
1396.09	4.03663
1394.21	3.11117
1392.32	1.17057
1390.44	-0.690061
1388.55	0.840353
1386.66	-1.3723
1384.77	6.43704
1382.88	24.9026
1380.99	44.445
1379.1	71.1143
1377.21	106.029
1375.31	138.283
1373.42	181.357
1371.53	221.849
1369.63	266.668
1367.74	307.699
1365.84	351.62
1363.94	385.2
1362.05	404.483
1360.15	422.564
1358.25	432.26
1356.35	432.202
1354.45	423.39
1352.55	409.042
1350.64	393.81
1348.74	370.823
1346.84	347.217
1344.93	321.718
1343.03	296.097
1341.12	272.032
1339.22	245.175
1337.31	214.782
1335.4	189.538
1333.49	166.95
1331.58	144.871
1329.67	124.534
1327.76	108.988
1325.85	98.2205
1323.94	81.9189
1322.03	72.9908
1320.11	62.4838
1318.2	52.3553
1316.28	51.3744
1314.37	47.1299
1312.45	46.712
1310.53	44.8012
1308.62	44.036
1306.7	38.0095
1304.78	33.3443
1302.86	32.8735
1300.94	29.7616
1299.01	28.3879
1297.09	25.2972
1295.17	22.6112
1293.24	22.0661
1291.32	18.2495
1289.39	15.6603
1287.47	20.656
1285.54	21.1709
1283.61	21.0391
1281.68	19.5483
1279.76	16.642
1277.83	14.8278
1275.9	18.1061
1273.96	19.785
1272.03	16.6915
1270.1	13.9613
1268.17	11.5861
1266.23	1.06273
1264.3	3.81396
1262.36	1.69057
1260.42	-0.660332
1258.49	-1.65908
1256.55	-2.20934
1254.61	-2.58822
1252.67	-5.9323
1250.73	-2.87339
1248.79	-0.821847
1246.85	6.03163
1244.91	7.70128
1242.96	7.76328
1241.02	8.9499
1239.07	11.3585
1237.13	13.2933
1235.18	13.945
1233.24	11.2201
1231.29	8.39054
1229.34	3.31623
1227.39	1.77473
1225.44	-7.01884
1223.49	-8.09916
1221.54	-15.2829
1219.59	-19.8069
1217.63	-20.7145
1215.68	-23.0067
1213.73	-25.6329
1211.77	-25.4133
1209.81	-24.2582
1207.86	-22.624
1205.9	-18.9233
1203.94	-16.377
1201.98	-16.8981
1200.02	-10.4843
1198.06	-9.32043
1196.1	-7.77404
1194.14	-4.75615
1192.18	0.196324
1190.21	3.17091
1188.25	5.75727
1186.29	9.72561
1184.32	10.2114
1182.35	10.9916
1180.39	15.5177
1178.42	18.4689
1176.45	17.7634
1174.48	17.3899
1172.51	14.2565
1170.54	9.18691
1168.57	9.403
1166.6	7.3648
1164.62	3.47448
1162.65	3.68659
1160.67	2.96287
1158.7	-3.609
1156.72	-4.81303
1154.74	-4.03932
1152.77	-4.93742
1150.79	-7.50375
1148.81	-7.19317
1146.83	-9.19463
1144.85	-12.4514
1142.87	-10.2039
1140.88	-14.8562
1138.9	-14.1347
1136.92	-9.89879
1134.93	-11.6145
1132.95	-10.5895
1130.96	-9.738
1128.97	-7.6487
1126.99	-3.32724
1125	-1.54382
1123.01	7.61318
1121.02	11.0894
1119.03	18.986
1117.04	22.7982
1115.04	26.4814
1113.05	32.3044
1111.06	42.268
1109.06	53.7366
1107.07	63.5785
1105.07	72.289
1103.08	82.0481
1101.08	86.8143
1099.08	95.0787
1097.08	100.895
1095.08	109.037
1093.08	117.592
1091.08	123.24
1089.08	130.02
1087.07	136.168
1085.07	140.549
1083.06	141.66
1081.06	144.456
1079.05	147.71
1077.05	151.006
1075.04	153.034
1073.03	157.469
1071.02	158.41
1069.01	158.581
1067	156.565
1064.99	148.507
1062.98	144.906
1060.96	144.171
1058.95	146.019
1056.93	144.919
1054.92	142.223
1052.9	138.169
1050.89	132.202
1048.87	133.824
1046.85	134.313
1044.83	133.936
1042.81	141.561
1040.79	149.005
1038.77	152.723
1036.75	153.982
1034.72	162.968
1032.7	168.593
1030.67	178.131
1028.65	185.034
1026.62	196.698
1024.59	208.1
1022.57	221.676
1020.54	228.851
1018.51	240.658
1016.48	253.466
1014.45	262.962
1012.42	270.091
1010.38	281.63
1008.35	290.356
1006.32	300.813
1004.28	304.853
1002.24	313.893
1000.21	318.209
998.171	324.438
996.133	324.486
994.094	327.899
992.054	329.91
990.013	335.144
987.972	334.882
985.93	341.484
983.888	346.683
981.843	351.427
979.799	354.852
977.754	357.514
975.708	367.042
973.661	376.891
971.614	386.7
969.565	394.207
967.516	401.846
965.466	411.043
963.415	416.062
961.364	424.858
959.312	426.528
957.258	427.887
955.204	433.299
953.15	432.896
951.094	435.818
949.038	440.698
946.98	443.783
944.923	443.872
942.864	446.334
940.804	442.133
938.744	438.254
936.683	436.214
934.621	436.226
932.558	435.748
930.495	432.743
928.43	423.887
926.365	411.629
924.299	407.619
922.233	395.855
920.165	387.643
918.096	383.005
916.028	376.698
913.957	370.503
911.887	360.963
909.815	352.389
907.743	347.745
905.669	341.45
903.595	336.945
901.521	326.057
899.445	326.284
897.369	321.439
895.292	317.624
893.214	314.466
891.135	316.656
889.055	316.285
886.975	314.349
884.894	310.487
882.812	313.432
880.729	313.634
878.646	317.784
876.561	317.916
874.475	317.993
872.389	322.104
870.303	323.932
868.215	323.206
866.126	325.657
864.037	323.286
861.947	321.367
859.856	316.397
857.764	316.329
855.671	315.49
853.578	313.785
851.484	314.397
849.389	309.42
847.293	307.353
845.196	303.429
843.099	301.915
841	296.467
838.901	294.386
836.801	293.042
834.701	284.075
832.599	271.8
830.496	260.176
828.393	245.972
826.29	234.514
824.184	216.247
822.079	197.965
819.972	178.823
817.865	164.901
815.757	153.983
813.648	139.322
811.538	127.598
809.428	117.681
807.316	106.61
805.204	95.9792
803.091	84.5623
800.977	78.7693
798.863	69.1142
796.747	60.2141
794.631	53.7691
792.513	39.3091
790.395	31.8464
788.276	21.2039
786.157	14.1097
784.036	8.87926
781.915	1.38283
779.793	-3.92612
777.669	-11.4573
775.546	-9.92866
773.421	-9.12012
771.296	-13.8821
769.169	-14.7196
767.042	-18.0426
764.915	-15.7536
762.786	-13.7149
760.656	-11.7462
758.526	-8.74624
756.394	-7.35319
754.262	-5.47466
752.129	-0.0278187
749.995	2.04703
747.861	9.30016
745.725	9.68991
743.588	10.8462
741.452	9.81654
739.314	12.4203
737.175	13.6165
735.035	13.096
732.895	18.397
730.753	18.8052
728.611	17.4419
726.469	24.4508
724.324	40.0207
722.18	65.925
720.034	90.9095
717.888	115.016
715.741	136.681
713.593	155.711
711.444	185.458
709.294	203.153
707.144	224.172
704.992	235.601
702.84	241.019
700.687	236.705
698.533	221.164
696.378	203.816
694.222	189.33
692.066	169.764
689.909	147.549
687.751	117.83
685.592	96.9963
683.432	72.0111
681.271	48.7848
679.109	20.8965
676.947	0.363702
674.784	-5.91205
672.62	-10.6977
670.455	-14.2153
668.289	-8.86967
666.122	2.30699
663.955	12.2586
661.787	23.2241
659.618	38.4433
657.448	53.7337
655.277	78.9104
653.104	94.5272
650.932	99.7979
648.759	112.277
646.584	119.021
644.409	119.663
642.233	120.119
640.056	121.714
637.879	123.397
635.7	121.732
633.52	124.535
631.34	117.942
629.159	113.1
626.977	108.013
624.794	100.571
622.61	90.3078
620.426	77.9909
618.24	67.339
616.054	53.1022
613.867	37.0807
611.679	21.7535
609.49	7.34541
607.301	0.261009
605.11	-4.80419
602.919	-11.8854
600.726	-15.4567
598.532	-15.1706
596.339	-10.8014
594.144	-9.80323
591.948	4.91895
589.751	17.1409
587.554	35.1555
585.355	53.1802
583.156	69.0289
580.956	83.5013
578.755	105.049
576.553	120.165
574.35	136.958
572.147	155.107
569.943	176.804
567.737	188.974
565.531	203.624
563.323	218.043
561.116	233.273
558.907	254.006
