1674.54	242.982
1672.76	227.084
1670.98	220.721
1669.2	216.384
1667.42	213.163
1665.64	204.931
1663.85	204.035
1662.07	200.968
1660.28	190.869
1658.5	189.05
1656.71	184.198
1654.92	181.262
1653.14	176.831
1651.35	169.275
1649.56	163.37
1647.77	154.196
1645.98	150.224
1644.19	140.974
1642.4	129.786
1640.61	126.794
1638.81	117.718
1637.02	109.066
1635.22	99.8722
1633.43	89.7787
1631.63	77.9726
1629.84	72.8083
1628.04	68.2928
1626.24	60.2021
1624.44	49.6177
1622.64	46.7719
1620.85	38.2571
1619.04	34.2488
1617.24	29.7117
1615.44	23.7326
1613.64	14.853
1611.84	10.8527
1610.03	8.35081
1608.23	4.22448
1606.42	1.84487
1604.62	4.42516
1602.81	0.470948
1601	-0.14903
1599.2	-5.16904
1597.39	-5.40393
1595.58	-4.49098
1593.77	-0.248342
1591.96	0.191902
1590.15	-1.50427
1588.33	-2.23252
1586.52	-1.58181
1584.71	-2.29278
1582.89	-0.852301
1581.08	5.09652
1579.26	14.5557
1577.45	29.9759
1575.63	47.7648
1573.81	70.8383
1571.99	100.748
1570.18	133.204
1568.36	169.901
1566.54	208.522
1564.72	245.379
1562.89	279.757
1561.07	310.891
1559.25	341.982
1557.42	363.799
1555.6	379.775
1553.78	388.98
1551.95	390.926
1550.12	386.641
1548.3	371.781
1546.47	356.974
1544.64	336.348
1542.81	319.231
1540.98	301.757
1539.15	283.467
1537.32	260.235
1535.49	237.197
1533.65	212.345
1531.82	184.502
1529.99	158.166
1528.15	140.013
1526.32	115.644
1524.48	94.2813
1522.64	74.9674
1520.81	55.9726
1518.97	34.3835
1517.13	21.7187
1515.29	15.6893
1513.45	6.17221
1511.61	5.16484
1509.77	-0.065777
1507.92	-7.1564
1506.08	-6.42141
1504.24	-8.49665
1502.39	-6.80245
1500.55	-8.37567
1498.7	-10.8952
1496.86	-11.4656
1495.01	-21.4408
1493.16	-20.2787
1491.31	-19.7523
1489.46	-16.586
1487.61	-13.9138
1485.76	-12.426
1483.91	-7.11382
1482.06	-5.35332
1480.21	-1.36402
1478.35	8.35504
1476.5	13.62
1474.64	27.068
1472.79	34.4647
1470.93	44.1355
1469.07	54.2544
1467.22	63.1552
1465.36	72.5075
1463.5	84.492
1461.64	91.2482
1459.78	99.7754
1457.92	107.84
1456.05	109.227
1454.19	108.881
1452.33	108.121
1450.46	103.356
1448.6	97.5831
1446.73	96.4866
1444.87	94.5189
1443	88.1318
1441.13	86.4688
1439.26	80.2552
1437.39	72.4367
1435.52	72.0262
1433.65	68.2463
1431.78	65.3662
1429.91	60.4364
1428.04	59.5359
1426.17	53.4927
1424.29	49.845
1422.42	48.6853
1420.54	42.109
1418.66	40.613
1416.79	35.7873
1414.91	35.4441
1413.03	35.8207
1411.15	33.8223
1409.27	36.4497
1407.39	31.1088
1405.51	32.6162
1403.63	28.383
1401.75	25.8571
1399.86	23.5052
1397.98	21.6791
1396.09	21.4307
1394.21	15.8874
1392.32	12.6458
1390.44	8.75544
1388.55	10.5201
1386.66	14.1825
1384.77	22.2689
1382.88	36.1108
1380.99	52.6098
1379.1	82.5044
1377.21	113.278
1375.31	143.355
1373.42	179.742
1371.53	217.135
1369.63	256.99
1367.74	289.277
1365.84	322.544
1363.94	354.143
1362.05	377.316
1360.15	394.464
1358.25	398.676
1356.35	398.813
1354.45	392.661
1352.55	380.517
1350.64	364.256
1348.74	348.782
1346.84	331.282
1344.93	312.03
1343.03	282.695
1341.12	255.1
1339.22	229.48
1337.31	199.555
1335.4	172.775
1333.49	153.015
1331.58	132.539
1329.67	117.574
1327.76	103.028
1325.85	84.5456
1323.94	69.297
1322.03	61.6072
1320.11	52.5242
1318.2	45.9003
1316.28	46.2032
1314.37	44.0591
1312.45	42.5603
1310.53	42.3884
1308.62	38.5399
1306.7	28.7919
1304.78	29.6445
1302.86	29.0486
1300.94	24.318
1299.01	24.6435
1297.09	21.0611
1295.17	18.6187
1293.24	19.5867
1291.32	17.7873
1289.39	10.3128
1287.47	8.29059
1285.54	7.77859
1283.61	5.57904
1281.68	4.38127
1279.76	4.77369
1277.83	5.89299
1275.9	6.42201
1273.96	6.6759
1272.03	-0.752542
1270.1	-2.91172
1268.17	-2.11113
1266.23	-5.00174
1264.3	-5.436
1262.36	-5.97125
1260.42	-3.46987
1258.49	-3.01779
1256.55	-1.30141
1254.61	1.13654
1252.67	-0.154224
1250.73	7.82143
1248.79	11.1953
1246.85	15.0232
1244.91	18.1599
1242.96	23.3787
1241.02	25.9506
1239.07	26.2356
1237.13	26.2395
1235.18	24.0033
1233.24	21.8004
1231.29	22.5438
1229.34	14.7732
1227.39	11.3985
1225.44	7.96708
1223.49	3.42823
1221.54	3.14324
1219.59	-0.198389
1217.63	-4.10445
1215.68	-10.4296
1213.73	-13.14
1211.77	-16.2762
1209.81	-19.1112
1207.86	-14.9631
1205.9	-19.2387
1203.94	-16.3549
1201.98	-13.3516
1200.02	-13.5129
1198.06	-14.6844
1196.1	-11.7446
1194.14	-11.5441
1192.18	-6.05801
1190.21	-1.63601
1188.25	1.35705
1186.29	3.0494
1184.32	6.82189
1182.35	5.4729
1180.39	6.0542
1178.42	2.92814
1176.45	3.146
1174.48	-0.937688
1172.51	6.72563
1170.54	1.85827
1168.57	-1.62534
1166.6	-2.59042
1164.62	-4.13172
1162.65	-5.05746
1160.67	-3.42329
1158.7	-2.13825
1156.72	-2.05878
1154.74	0.536472
1152.77	1.92153
1150.79	-3.22838
1148.81	-1.90783
1146.83	0.0183386
1144.85	-3.21961
1142.87	-5.81195
1140.88	-1.9356
1138.9	-2.32043
1136.92	-7.05357
1134.93	-7.77367
1132.95	-8.62064
1130.96	-6.81988
1128.97	-0.32792
1126.99	-4.18311
1125	-3.94248
1123.01	0.677801
1121.02	1.76211
1119.03	3.8489
1117.04	9.7633
1115.04	19.0561
1113.05	28.4923
1111.06	37.8449
1109.06	45.3875
1107.07	53.0218
1105.07	64.9552
1103.08	74.3857
1101.08	84.7829
1099.08	97.8664
1097.08	107.684
1095.08	111.465
1093.08	116.206
1091.08	119.906
1089.08	122.792
1087.07	130.091
1085.07	130.485
1083.06	135.251
1081.06	137.612
1079.05	139.34
1077.05	142.569
1075.04	142.756
1073.03	147.18
1071.02	151.379
1069.01	154.493
1067	153.84
1064.99	147.778
1062.98	144.539
1060.96	140.985
1058.95	137.159
1056.93	134.879
1054.92	133.594
1052.9	131.045
1050.89	128.632
1048.87	128.718
1046.85	127.717
1044.83	132.721
1042.81	139.318
1040.79	147.101
1038.77	151.024
1036.75	155.725
1034.72	163.649
1032.7	167.844
1030.67	175.272
1028.65	182.702
1026.62	185.905
1024.59	193.385
1022.57	198.18
1020.54	207.839
1018.51	214.73
1016.48	229.482
1014.45	242.699
1012.42	253.592
1010.38	263.126
1008.35	271.348
1006.32	280.752
1004.28	292.8
1002.24	300.891
1000.21	306.537
998.171	312.583
996.133	317.502
994.094	317.329
992.054	319.932
990.013	320.898
987.972	323.504
985.93	325.254
983.888	331.273
981.843	334.842
979.799	343.23
977.754	354.267
975.708	362.437
973.661	371.068
971.614	384.298
969.565	391.719
967.516	397.918
965.466	403.216
963.415	415.884
961.364	419.371
959.312	422.642
957.258	424.415
955.204	423.697
953.15	418.077
951.094	421.96
949.038	418.986
946.98	420.617
944.923	416.898
942.864	416.868
940.804	409.071
938.744	405.333
936.683	406.193
934.621	405.788
932.558	404.811
930.495	402.488
928.43	397.483
926.365	392.224
924.299	388.794
922.233	391.201
920.165	384.081
918.096	375.483
916.028	373.165
913.957	364.768
911.887	354.482
909.815	343.307
907.743	340.874
905.669	326.6
903.595	320.841
901.521	311.466
899.445	299.293
897.369	296.191
895.292	292.712
893.214	289.056
891.135	285.93
889.055	282.831
886.975	285.715
884.894	282.257
882.812	285.835
880.729	285.526
878.646	288.291
876.561	293.18
874.475	298.688
872.389	303.874
870.303	303.129
868.215	302.468
866.126	307.203
864.037	308.654
861.947	310.645
859.856	311.131
857.764	309.473
855.671	308.259
853.578	305.179
851.484	301.09
849.389	300.231
847.293	297.098
845.196	296.692
843.099	290.24
841	288.376
838.901	286.018
836.801	283.304
834.701	279.918
832.599	271.671
830.496	267.252
828.393	252.529
826.29	238.227
824.184	225.156
822.079	211.196
819.972	198.878
817.865	179.946
815.757	160.75
813.648	150.93
811.538	137.271
809.428	124.275
807.316	109.934
805.204	100.582
803.091	92.3018
800.977	83.0901
798.863	73.0938
796.747	64.5765
794.631	56.5099
792.513	48.4299
790.395	35.6919
788.276	23.6365
786.157	15.0744
784.036	9.82005
781.915	10.9718
779.793	7.08244
777.669	-0.348044
775.546	-2.14337
773.421	-5.75446
771.296	-3.99543
769.169	-3.63263
767.042	-5.30828
764.915	-2.78513
762.786	-1.56688
760.656	-1.93062
758.526	-6.96079
756.394	-6.78301
754.262	-1.0353
752.129	-2.53771
749.995	-2.28795
747.861	-1.6068
745.725	-0.343966
743.588	5.94647
741.452	5.64141
739.314	3.83083
737.175	0.1466
735.035	1.45587
732.895	4.76155
730.753	2.75259
728.611	9.33428
726.469	19.8698
724.324	38.4038
722.18	62.7162
720.034	80.1863
717.888	106.046
715.741	135.092
713.593	161.271
711.444	181.431
709.294	196.118
707.144	213.435
704.992	226.458
702.84	231.603
700.687	223.367
698.533	207.708
696.378	192.097
694.222	171.023
692.066	147.08
689.909	129.284
687.751	107.584
685.592	87.6226
683.432	65.5399
681.271	41.5579
679.109	18.4051
676.947	0.553194
674.784	-8.59729
672.62	-15.4072
670.455	-14.4102
668.289	-12.1058
666.122	-11.8581
663.955	-3.02576
661.787	6.13348
659.618	17.8924
657.448	30.6571
655.277	47.7502
653.104	64.4929
650.932	72.5644
648.759	78.203
646.584	82.5862
644.409	89.7187
642.233	93.2466
640.056	91.7168
637.879	93.3581
635.7	95.6782
633.52	98.0401
631.34	94.995
629.159	87.953
626.977	84.3781
624.794	82.0884
622.61	74.9988
620.426	63.1089
618.24	45.6108
616.054	34.5077
613.867	22.1994
611.679	10.6971
609.49	2.59907
607.301	-7.95229
605.11	-12.6421
602.919	-18.1863
600.726	-20.587
598.532	-17.6974
596.339	-12.4694
594.144	1.97257
591.948	15.535
589.751	28.0816
587.554	43.8512
585.355	54.9345
583.156	73.6539
580.956	88.4739
578.755	104.581
576.553	120.517
574.35	129.159
572.147	143.955
569.943	156.827
567.737	167.919
565.531	179.433
563.323	189.277
561.116	198.766
558.907	210.254
