1674.54	225.84
1672.76	228.539
1670.98	229.463
1669.2	227.694
1667.42	228.729
1665.64	225.234
1663.85	217.632
1662.07	210.416
1660.28	214.266
1658.5	208.631
1656.71	201.018
1654.92	196.424
1653.14	194.986
1651.35	191.025
1649.56	187.005
1647.77	176.13
1645.98	171.602
1644.19	170.414
1642.4	169.384
1640.61	157.332
1638.81	152.251
1637.02	147.197
1635.22	131.028
1633.43	119.465
1631.63	105.379
1629.84	94.3661
1628.04	80.4639
1626.24	68.6731
1624.44	59.079
1622.64	48.3258
1620.85	43.6907
1619.04	32.1151
1617.24	21.7906
1615.44	22.0412
1613.64	12.1713
1611.84	9.55063
1610.03	9.9088
1608.23	7.9737
1606.42	6.69386
1604.62	2.15797
1602.81	0.416764
1601	-6.16273
1599.2	-6.13345
1597.39	-5.80894
1595.58	-9.2361
1593.77	-6.96
1591.96	-3.62389
1590.15	-3.21952
1588.33	-0.424725
1586.52	-0.474874
1584.71	2.58366
1582.89	2.25409
1581.08	9.72037
1579.26	13.8374
1577.45	28.0592
1575.63	43.53
1573.81	65.9708
1571.99	89.8363
1570.18	116.725
1568.36	146.773
1566.54	183.838
1564.72	213.926
1562.89	248.266
1561.07	279.28
1559.25	311.852
1557.42	331.702
1555.6	348.18
1553.78	354.166
1551.95	354.528
1550.12	353.043
1548.3	345.034
1546.47	328.446
1544.64	310.602
1542.81	291.586
1540.98	270.087
1539.15	245.189
1537.32	222.58
1535.49	202.307
1533.65	181.595
1531.82	158.888
1529.99	133.388
1528.15	110.215
1526.32	93.0524
1524.48	77.6821
1522.64	62.2764
1520.81	52.563
1518.97	36.3633
1517.13	25.0856
1515.29	17.4509
1513.45	14.9178
1511.61	11.7176
1509.77	8.03795
1507.92	9.27702
1506.08	4.7061
1504.24	4.42011
1502.39	3.55187
1500.55	-4.35181
1498.7	-2.15023
1496.86	-7.9879
1495.01	-11.687
1493.16	-17.4748
1491.31	-25.3845
1489.46	-28.3733
1487.61	-28.6383
1485.76	-27.4839
1483.91	-24.5084
1482.06	-19.755
1480.21	-11.8116
1478.35	-8.54268
1476.5	2.82678
1474.64	9.46752
1472.79	15.7456
1470.93	29.2185
1469.07	45.5982
1467.22	54.2101
1465.36	66.4601
1463.5	79.2534
1461.64	86.5044
1459.78	94.3963
1457.92	105.608
1456.05	109.865
1454.19	114.354
1452.33	114.798
1450.46	112.739
1448.6	105.313
1446.73	103.201
1444.87	95.4943
1443	90.1801
1441.13	82.2386
1439.26	76.927
1437.39	69.6971
1435.52	60.0149
1433.65	54.4611
1431.78	49.2686
1429.91	44.2055
1428.04	47.6302
1426.17	47.1386
1424.29	47.0529
1422.42	43.087
1420.54	47.57
1418.66	44.0037
1416.79	42.2441
1414.91	45.4796
1413.03	44.974
1411.15	44.5082
1409.27	45.8005
1407.39	43.0743
1405.51	36.565
1403.63	34.9073
1401.75	27.6899
1399.86	21.996
1397.98	17.6614
1396.09	12.3998
1394.21	7.52998
1392.32	1.73385
1390.44	4.78205
1388.55	2.35947
1386.66	-4.9446
1384.77	-2.04098
1382.88	3.87976
1380.99	21.1883
1379.1	38.9777
1377.21	67.7869
1375.31	100.302
1373.42	132.312
1371.53	163.471
1369.63	189.893
1367.74	226.659
1365.84	260.094
1363.94	293.089
1362.05	318.107
1360.15	330.418
1358.25	331.709
1356.35	334.231
1354.45	326.498
1352.55	314.739
1350.64	307.451
1348.74	298.675
1346.84	277.322
1344.93	260.4
1343.03	240.753
1341.12	222.159
1339.22	200.778
1337.31	186.68
1335.4	159.406
1333.49	139.827
1331.58	129.893
1329.67	116.738
1327.76	99.2329
1325.85	84.9701
1323.94	78.9316
1322.03	63.0457
1320.11	51.9311
1318.2	50.921
1316.28	46.2374
1314.37	46.7926
1312.45	44.3525
1310.53	38.9091
1308.62	32.8792
1306.7	32.809
1304.78	32.5669
1302.86	31.2677
1300.94	33.7551
1299.01	31.6046
1297.09	24.9539
1295.17	21.0327
1293.24	18.8827
1291.32	20.4117
1289.39	19.2084
1287.47	21.3212
1285.54	18.9317
1283.61	20.7678
1281.68	16.0497
1279.76	12.7408
1277.83	14.3325
1275.9	17.7852
1273.96	21.4142
1272.03	19.7659
1270.1	14.6544
1268.17	6.4902
1266.23	-0.962113
1264.3	-5.28286
1262.36	-7.98518
1260.42	-11.2429
1258.49	-11.781
1256.55	-14.0644
1254.61	-11.4563
1252.67	-12.7192
1250.73	-7.31129
1248.79	-3.64471
1246.85	5.4681
1244.91	11.5642
1242.96	17.2812
1241.02	19.3894
1239.07	21.2582
1237.13	25.3784
1235.18	25.7991
1233.24	20.6057
1231.29	19.8052
1229.34	17.7987
1227.39	15.4603
1225.44	13.958
1223.49	11.889
1221.54	7.02859
1219.59	5.55237
1217.63	6.50816
1215.68	2.03165
1213.73	-3.37533
1211.77	-1.63088
1209.81	-2.22815
1207.86	-2.26364
1205.9	-2.50099
1203.94	-6.81273
1201.98	-5.74701
1200.02	-4.15794
1198.06	-4.1919
1196.1	-3.12001
1194.14	-2.34569
1192.18	0.948151
1190.21	0.929849
1188.25	1.02089
1186.29	3.84557
1184.32	3.65005
1182.35	6.87467
1180.39	7.51459
1178.42	12.0321
1176.45	14.4256
1174.48	11.3314
1172.51	11.5691
1170.54	12.3619
1168.57	9.29911
1166.6	4.20581
1164.62	0.0159763
1162.65	2.0704
1160.67	0.811992
1158.7	-2.1218
1156.72	-9.09555
1154.74	-10.8388
1152.77	-11.2513
1150.79	-13.3395
1148.81	-17.5128
1146.83	-16.4117
1144.85	-15.1157
1142.87	-18.2792
1140.88	-21.7562
1138.9	-23.0495
1136.92	-24.2497
1134.93	-21.8548
1132.95	-24.8697
1130.96	-25.108
1128.97	-22.5726
1126.99	-18.5795
1125	-16.0927
1123.01	-10.8255
1121.02	-2.70224
1119.03	6.74311
1117.04	12.7808
1115.04	18.727
1113.05	27.0771
1111.06	37.9264
1109.06	50.2738
1107.07	61.3009
1105.07	71.7866
1103.08	82.9879
1101.08	97.2825
1099.08	106.158
1097.08	115.396
1095.08	125.773
1093.08	135.375
1091.08	145.919
1089.08	153.461
1087.07	158.456
1085.07	164.215
1083.06	168.064
1081.06	173.855
1079.05	171.508
1077.05	168.975
1075.04	167.114
1073.03	170.653
1071.02	177.003
1069.01	173.03
1067	170.188
1064.99	165.161
1062.98	163.257
1060.96	163.712
1058.95	162.06
1056.93	162.411
1054.92	164.302
1052.9	164.046
1050.89	162.413
1048.87	159.994
1046.85	164.572
1044.83	167.239
1042.81	174.626
1040.79	178.503
1038.77	184.595
1036.75	189.951
1034.72	197.804
1032.7	203.335
1030.67	211.629
1028.65	220.682
1026.62	225.957
1024.59	231.725
1022.57	242.075
1020.54	251.465
1018.51	263.164
1016.48	276.574
1014.45	283.211
1012.42	295.205
1010.38	309.785
1008.35	320.542
1006.32	327.426
1004.28	334.766
1002.24	341.55
1000.21	347.281
998.171	358
996.133	362.807
994.094	363.513
992.054	373.896
990.013	376.866
987.972	380.783
985.93	385.516
983.888	393.742
981.843	403.381
979.799	413.148
977.754	428.591
975.708	434.985
973.661	445.238
971.614	458.856
969.565	466.605
967.516	482.08
965.466	493.194
963.415	506.768
961.364	509.886
959.312	514.551
957.258	521.35
955.204	520.372
953.15	524.352
951.094	523.11
949.038	523.59
946.98	522.348
944.923	515.742
942.864	512.506
940.804	508.997
938.744	508.913
936.683	508.516
934.621	502.031
932.558	497.326
930.495	495.759
928.43	494.981
926.365	489.478
924.299	486.578
922.233	484.507
920.165	481.129
918.096	470.856
916.028	465.009
913.957	457.489
911.887	448.085
909.815	437.236
907.743	420.123
905.669	409.526
903.595	398.4
901.521	388.29
899.445	376.019
897.369	365.357
895.292	358.948
893.214	351.558
891.135	348.916
889.055	352.075
886.975	355.489
884.894	356.615
882.812	356.038
880.729	361.666
878.646	361.646
876.561	366.474
874.475	372.699
872.389	376.868
870.303	380.256
868.215	382.083
866.126	380.72
864.037	381.12
861.947	376.846
859.856	380.237
857.764	381.433
855.671	381.091
853.578	380.79
851.484	380.619
849.389	375.779
847.293	375.304
845.196	371.784
843.099	369.546
841	363.725
838.901	366.329
836.801	362.25
834.701	350.503
832.599	339.591
830.496	327.965
828.393	311.261
826.29	302.628
824.184	290.094
822.079	271.549
819.972	253.518
817.865	230.437
815.757	217.585
813.648	195.629
811.538	180.566
809.428	172.672
807.316	155.725
805.204	140.951
803.091	124.622
800.977	108.644
798.863	94.177
796.747	86.8761
794.631	81.1388
792.513	63.4325
790.395	59.0014
788.276	42.446
786.157	28.3434
784.036	26.0705
781.915	21.813
779.793	13.7572
777.669	10.3025
775.546	13.3264
773.421	9.86347
771.296	8.20625
769.169	12.6181
767.042	10.7334
764.915	17.3437
762.786	23.2978
760.656	19.6518
758.526	21.5427
756.394	28.0727
754.262	28.8232
752.129	30.0704
749.995	29.5034
747.861	31.7649
745.725	31.0278
743.588	32.2987
741.452	38.8066
739.314	39.9187
737.175	47.4182
735.035	48.44
732.895	47.761
730.753	49.0657
728.611	54.7541
726.469	65.1555
724.324	83.229
722.18	98.1125
720.034	118.581
717.888	133.776
715.741	146.38
713.593	164.082
711.444	179.262
709.294	196.865
707.144	209.9
704.992	213.133
702.84	212.156
700.687	199.839
698.533	190.271
696.378	167.327
694.222	142.772
692.066	119.074
689.909	96.7304
687.751	73.567
685.592	46.7231
683.432	21.9336
681.271	-2.70648
679.109	-25.4822
676.947	-36.8259
674.784	-47.292
672.62	-47.691
670.455	-41.6519
668.289	-36.2531
666.122	-31.9665
663.955	-22.6386
661.787	-9.709
659.618	10.0418
657.448	30.1271
655.277	52.0863
653.104	64.6099
650.932	78.1887
648.759	85.6539
646.584	91.2798
644.409	101.167
642.233	101.588
640.056	104.142
637.879	105.331
635.7	108.194
633.52	110.754
631.34	109.415
629.159	111.278
626.977	107.706
624.794	100.348
622.61	93.0157
620.426	79.9949
618.24	77.2764
616.054	64.1171
613.867	57.7678
611.679	40.9219
609.49	31.6845
607.301	21.3256
605.11	12.6673
602.919	8.08395
600.726	9.31178
598.532	6.21548
596.339	17.296
594.144	18.0114
591.948	28.3429
589.751	39.8541
587.554	54.4428
585.355	69.2323
583.156	84.9604
580.956	96.5969
578.755	110.862
576.553	128.898
574.35	149.266
572.147	161.865
569.943	181.257
567.737	200.831
565.531	216.064
563.323	233.495
561.116	255.512
558.907	283.845
