1674.54	188.28
1672.76	187.54
1670.98	187.678
1669.2	186.112
1667.42	181.67
1665.64	177.579
1663.85	177.273
1662.07	175.09
1660.28	175.252
1658.5	173.671
1656.71	171.258
1654.92	167.095
1653.14	161.467
1651.35	152.554
1649.56	149.715
1647.77	149.677
1645.98	142.952
1644.19	134.974
1642.4	128.487
1640.61	119.668
1638.81	114.607
1637.02	106.45
1635.22	98.7276
1633.43	94.1348
1631.63	88.9932
1629.84	79.2884
1628.04	73.5679
1626.24	69.3916
1624.44	61.9299
1622.64	53.8716
1620.85	45.2605
1619.04	35.7228
1617.24	29.0012
1615.44	22.5877
1613.64	18.206
1611.84	17.3235
1610.03	16.2067
1608.23	8.12417
1606.42	6.2185
1604.62	4.12599
1602.81	2.75784
1601	2.15918
1599.2	3.86788
1597.39	4.39541
1595.58	3.36888
1593.77	-4.52528
1591.96	-5.65438
1590.15	-5.92547
1588.33	-6.74144
1586.52	-5.88634
1584.71	-6.53137
1582.89	-2.54486
1581.08	4.39191
1579.26	10.7273
1577.45	27.607
1575.63	46.113
1573.81	73.0842
1571.99	99.2298
1570.18	126.326
1568.36	157.473
1566.54	183.617
1564.72	217.033
1562.89	252.988
1561.07	281.33
1559.25	306.21
1557.42	324.485
1555.6	339.222
1553.78	344.733
1551.95	346.874
1550.12	342.379
1548.3	333.703
1546.47	323.895
1544.64	306.481
1542.81	281.923
1540.98	261.414
1539.15	240.128
1537.32	213.344
1535.49	192.369
1533.65	169.222
1531.82	143.835
1529.99	122.003
1528.15	104.342
1526.32	86.8206
1524.48	72.1157
1522.64	55.7771
1520.81	40.5719
1518.97	28.7669
1517.13	19.3361
1515.29	4.21229
1513.45	-2.9948
1511.61	-5.93575
1509.77	-6.46828
1507.92	-11.2736
1506.08	-15.8953
1504.24	-16.705
1502.39	-13.2411
1500.55	-12.4568
1498.7	-14.2678
1496.86	-17.5737
1495.01	-13.1606
1493.16	-8.83983
1491.31	-13.3821
1489.46	-14.7054
1487.61	-15.162
1485.76	-9.30531
1483.91	-5.68324
1482.06	-5.9247
1480.21	0.145859
1478.35	3.85605
1476.5	16.7935
1474.64	22.2198
1472.79	28.0052
1470.93	43.114
1469.07	53.5303
1467.22	65.7243
1465.36	75.1367
1463.5	82.635
1461.64	88.6362
1459.78	95.4444
1457.92	103.617
1456.05	101.422
1454.19	102.128
1452.33	100.193
1450.46	97.1124
1448.6	93.479
1446.73	90.4753
1444.87	84.6004
1443	80.5785
1441.13	77.2407
1439.26	70.753
1437.39	65.8024
1435.52	61.6257
1433.65	54.6677
1431.78	50.8367
1429.91	47.7625
1428.04	40.8195
1426.17	38.864
1424.29	36.7648
1422.42	30.3821
1420.54	27.4936
1418.66	25.6812
1416.79	22.6317
1414.91	22.2136
1413.03	23.7382
1411.15	18.6654
1409.27	14.4801
1407.39	17.6051
1405.51	12.6681
1403.63	7.49443
1401.75	5.2177
1399.86	7.1962
1397.98	5.75102
1396.09	4.92933
1394.21	5.41361
1392.32	5.10882
1390.44	8.61445
1388.55	7.60124
1386.66	5.97692
1384.77	14.2407
1382.88	25.5353
1380.99	44.2619
1379.1	66.7872
1377.21	91.2915
1375.31	122.049
1373.42	150.899
1371.53	182.529
1369.63	217.391
1367.74	254.92
1365.84	290.748
1363.94	317.873
1362.05	343.616
1360.15	357.338
1358.25	361.764
1356.35	358.582
1354.45	348.053
1352.55	339.408
1350.64	326.42
1348.74	315.355
1346.84	293.77
1344.93	267.3
1343.03	243.028
1341.12	219.761
1339.22	193.759
1337.31	167.313
1335.4	149.113
1333.49	130.57
1331.58	114.041
1329.67	98.6181
1327.76	77.3463
1325.85	62.4153
1323.94	57.3575
1322.03	48.6841
1320.11	39.8824
1318.2	37.3308
1316.28	33.8428
1314.37	28.8664
1312.45	30.2184
1310.53	26.8575
1308.62	27.4122
1306.7	24.7148
1304.78	27.527
1302.86	19.5314
1300.94	14.8201
1299.01	12.0234
1297.09	13.5513
1295.17	14.3671
1293.24	16.9628
1291.32	11.7921
1289.39	12.8097
1287.47	9.78369
1285.54	10.8182
1283.61	9.1716
1281.68	10.9475
1279.76	14.8623
1277.83	12.0552
1275.9	8.06371
1273.96	6.94289
1272.03	4.36683
1270.1	1.52871
1268.17	-2.26985
1266.23	-6.74887
1264.3	-8.2711
1262.36	-7.75343
1260.42	-7.2305
1258.49	-8.80187
1256.55	-9.41378
1254.61	-11.3491
1252.67	-9.74364
1250.73	-10.5477
1248.79	-4.71871
1246.85	-0.984989
1244.91	2.20144
1242.96	6.56172
1241.02	6.41534
1239.07	8.72172
1237.13	7.6591
1235.18	7.82215
1233.24	12.1082
1231.29	10.3866
1229.34	9.75039
1227.39	9.82703
1225.44	4.35324
1223.49	2.09319
1221.54	-5.31209
1219.59	-12.0903
1217.63	-14.4788
1215.68	-13.1928
1213.73	-11.6442
1211.77	-14.6147
1209.81	-15.5945
1207.86	-14.8607
1205.9	-16.7369
1203.94	-10.8066
1201.98	-11.9341
1200.02	-7.16849
1198.06	-4.2772
1196.1	-1.95708
1194.14	-0.382394
1192.18	-2.81803
1190.21	-0.051797
1188.25	4.42403
1186.29	7.56295
1184.32	8.54674
1182.35	4.87269
1180.39	7.59067
1178.42	7.96581
1176.45	11.5944
1174.48	7.47364
1172.51	7.68878
1170.54	15.8846
1168.57	13.2383
1166.6	5.70748
1164.62	6.50696
1162.65	3.74207
1160.67	7.76788
1158.7	9.08629
1156.72	7.51618
1154.74	1.87627
1152.77	4.79848
1150.79	1.60012
1148.81	-1.85952
1146.83	-3.93027
1144.85	-2.47857
1142.87	-8.56657
1140.88	-13.9472
1138.9	-18.8261
1136.92	-22.6431
1134.93	-21.5826
1132.95	-17.9121
1130.96	-18.0516
1128.97	-18.2652
1126.99	-14.0668
1125	-12.3455
1123.01	-3.06964
1121.02	6.44164
1119.03	20.6567
1117.04	26.6993
1115.04	32.8447
1113.05	38.4501
1111.06	49.7896
1109.06	58.5499
1107.07	69.2325
1105.07	76.4173
1103.08	89.5699
1101.08	95.3201
1099.08	97.2143
1097.08	103.385
1095.08	113.523
1093.08	123.123
1091.08	131.592
1089.08	133.564
1087.07	137.727
1085.07	141.623
1083.06	141.475
1081.06	142.605
1079.05	143.605
1077.05	148.204
1075.04	147.575
1073.03	147.175
1071.02	146.962
1069.01	148.748
1067	149.95
1064.99	148.43
1062.98	148.956
1060.96	148.033
1058.95	144.885
1056.93	143.283
1054.92	141.092
1052.9	143.625
1050.89	141.027
1048.87	148.058
1046.85	149.726
1044.83	151.175
1042.81	156.305
1040.79	159.71
1038.77	165.796
1036.75	172.298
1034.72	178.527
1032.7	186.347
1030.67	192.07
1028.65	202.389
1026.62	203.698
1024.59	207.74
1022.57	215.826
1020.54	224.866
1018.51	234.907
1016.48	244.49
1014.45	256.803
1012.42	269.935
1010.38	286.244
1008.35	294.921
1006.32	302.963
1004.28	313.824
1002.24	320.277
1000.21	321.962
998.171	327.273
996.133	329.631
994.094	335.395
992.054	339.022
990.013	337.424
987.972	334.046
985.93	336.126
983.888	342.477
981.843	343.466
979.799	348.321
977.754	359.681
975.708	363.674
973.661	369.26
971.614	370.847
969.565	374.888
967.516	387.248
965.466	394.658
963.415	401.937
961.364	402.987
959.312	406.451
957.258	411.374
955.204	414.75
953.15	416.269
951.094	413.662
949.038	416.1
946.98	416.994
944.923	414.023
942.864	407.747
940.804	402.836
938.744	399.571
936.683	398.945
934.621	395.87
932.558	387.076
930.495	384.88
928.43	386.288
926.365	381.155
924.299	375.53
922.233	370.865
920.165	368.31
918.096	365.58
916.028	363
913.957	355.654
911.887	341.876
909.815	338.287
907.743	327.936
905.669	319.688
903.595	312.548
901.521	306.511
899.445	296.263
897.369	293.894
895.292	288.132
893.214	281.388
891.135	281.569
889.055	285.101
886.975	283.237
884.894	284.397
882.812	285.123
880.729	290.006
878.646	293.23
876.561	296.621
874.475	295.625
872.389	299.835
870.303	307.3
868.215	305.067
866.126	307.73
864.037	307.152
861.947	308.377
859.856	313.219
857.764	311.594
855.671	308.733
853.578	309.181
851.484	308.575
849.389	305.274
847.293	297.83
845.196	296.973
843.099	295.475
841	291.842
838.901	289.838
836.801	277.515
834.701	269.65
832.599	264.279
830.496	253.508
828.393	244.467
826.29	232.204
824.184	218.765
822.079	203.019
819.972	189.861
817.865	178.68
815.757	164.817
813.648	154.521
811.538	141.829
809.428	130.739
807.316	118.902
805.204	104.767
803.091	94.7424
800.977	85.7413
798.863	78.4946
796.747	64.4056
794.631	56.1646
792.513	43.0872
790.395	33.9944
788.276	28.0691
786.157	18.4028
784.036	14.5948
781.915	13.7342
779.793	7.82429
777.669	2.54996
775.546	-2.09302
773.421	-1.6881
771.296	-5.28302
769.169	1.62385
767.042	0.814702
764.915	-0.490024
762.786	-1.37404
760.656	-0.340209
758.526	-6.69605
756.394	-8.66968
754.262	-4.4456
752.129	-0.385543
749.995	1.33481
747.861	2.58292
745.725	-1.05909
743.588	1.92577
741.452	3.93946
739.314	5.03668
737.175	5.16643
735.035	7.89155
732.895	14.1082
730.753	15.6378
728.611	18.936
726.469	32.503
724.324	50.3541
722.18	68.5252
720.034	87.762
717.888	104.882
715.741	126.098
713.593	143.984
711.444	165.537
709.294	183.338
707.144	194.633
704.992	200.822
702.84	198.761
700.687	194.141
698.533	180.743
696.378	161.711
694.222	145.94
692.066	127.53
689.909	114.04
687.751	89.4222
685.592	66.4453
683.432	48.5349
681.271	29.1444
679.109	8.49123
676.947	-9.04467
674.784	-19.5039
672.62	-21.2112
670.455	-24.1552
668.289	-23.6128
666.122	-21.3072
663.955	-8.22323
661.787	-1.26363
659.618	10.0669
657.448	25.7293
655.277	42.908
653.104	54.7915
650.932	67.0093
648.759	75.6577
646.584	81.8845
644.409	86.8193
642.233	83.6978
640.056	81.5696
637.879	83.8525
635.7	81.8638
633.52	80.65
631.34	78.1275
629.159	74.7144
626.977	71.9083
624.794	63.3533
622.61	57.3271
620.426	48.1473
618.24	42.5922
616.054	35.0345
613.867	27.0151
611.679	19.59
609.49	10.6277
607.301	2.48975
605.11	-4.76546
602.919	-12.82
600.726	-11.7596
598.532	-7.62755
596.339	-5.0927
594.144	-4.83566
591.948	1.23735
589.751	12.0341
587.554	22.8473
585.355	36.3088
583.156	52.0085
580.956	69.4239
578.755	86.9155
576.553	101.572
574.35	114.173
572.147	126.734
569.943	147.933
567.737	163.559
565.531	175.91
563.323	188.248
561.116	198.785
558.907	212.93
