1674.54	259.9
1672.76	263.923
1670.98	262.463
1669.2	260.214
1667.42	258.669
1665.64	254.364
1663.85	251.951
1662.07	247.705
1660.28	236.032
1658.5	231.114
1656.71	226.634
1654.92	218.911
1653.14	211.948
1651.35	202.563
1649.56	191.202
1647.77	181.047
1645.98	171.976
1644.19	162.609
1642.4	155.906
1640.61	153.282
1638.81	141.505
1637.02	132.617
1635.22	121.803
1633.43	113.384
1631.63	106.495
1629.84	97.0412
1628.04	84.1633
1626.24	77.5833
1624.44	70.1658
1622.64	58.4586
1620.85	47.6396
1619.04	38.5343
1617.24	28.6772
1615.44	16.267
1613.64	8.82831
1611.84	6.41332
1610.03	2.52917
1608.23	2.53635
1606.42	0.836817
1604.62	-3.01609
1602.81	-3.70557
1601	-1.69128
1599.2	0.53825
1597.39	0.155294
1595.58	6.03043
1593.77	8.60563
1591.96	3.61493
1590.15	0.698055
1588.33	0.572614
1586.52	-5.71043
1584.71	-5.1988
1582.89	-3.66475
1581.08	-3.65853
1579.26	6.95721
1577.45	17.8291
1575.63	37.665
1573.81	57.3031
1571.99	85.4229
1570.18	120.879
1568.36	154.585
1566.54	190.912
1564.72	225.257
1562.89	259.944
1561.07	295.306
1559.25	319.91
1557.42	343.438
1555.6	356.581
1553.78	366.653
1551.95	365.475
1550.12	358.622
1548.3	348.472
1546.47	334.983
1544.64	319.089
1542.81	300.392
1540.98	278.572
1539.15	256.181
1537.32	232.899
1535.49	212.629
1533.65	190.331
1531.82	171.141
1529.99	148.108
1528.15	127.217
1526.32	110.888
1524.48	90.9385
1522.64	76.5887
1520.81	60.7968
1518.97	44.3832
1517.13	34.349
1515.29	22.4095
1513.45	14.2137
1511.61	4.62608
1509.77	3.63743
1507.92	1.84129
1506.08	-5.16723
1504.24	-5.0301
1502.39	-10.8855
1500.55	-15.1851
1498.7	-13.789
1496.86	-18.5242
1495.01	-20.5271
1493.16	-20.1161
1491.31	-16.1902
1489.46	-16.7186
1487.61	-19.8269
1485.76	-16.8807
1483.91	-16.9311
1482.06	-12.5676
1480.21	-6.24674
1478.35	-1.51003
1476.5	8.05218
1474.64	15.2048
1472.79	22.1284
1470.93	30.971
1469.07	40.9
1467.22	54.6133
1465.36	69.827
1463.5	80.3657
1461.64	92.0357
1459.78	99.3457
1457.92	106.34
1456.05	112.513
1454.19	114.009
1452.33	117.178
1450.46	116.213
1448.6	110.382
1446.73	106.499
1444.87	101.561
1443	95.1274
1441.13	83.1888
1439.26	75.7454
1437.39	68.2942
1435.52	61.7418
1433.65	58.3272
1431.78	51.3974
1429.91	48.9633
1428.04	47.2531
1426.17	47.5742
1424.29	45.1578
1422.42	47.2875
1420.54	45.1862
1418.66	45.6153
1416.79	43.5384
1414.91	41.1724
1413.03	41.34
1411.15	41.5401
1409.27	36.912
1407.39	36.2271
1405.51	28.3877
1403.63	25.5777
1401.75	21.62
1399.86	22.4271
1397.98	18.6239
1396.09	16.1744
1394.21	11.9773
1392.32	9.07514
1390.44	5.5198
1388.55	7.0401
1386.66	6.35911
1384.77	14.519
1382.88	25.1043
1380.99	41.3543
1379.1	65.1809
1377.21	88.6641
1375.31	123.124
1373.42	158.669
1371.53	191.038
1369.63	228.448
1367.74	260.618
1365.84	298.215
1363.94	321.749
1362.05	344.794
1360.15	361.863
1358.25	369.409
1356.35	374.794
1354.45	368.691
1352.55	358.649
1350.64	349.26
1348.74	331.883
1346.84	314.075
1344.93	291.957
1343.03	275.361
1341.12	250.218
1339.22	223.876
1337.31	197.903
1335.4	174.806
1333.49	156.22
1331.58	134.878
1329.67	120.719
1327.76	103.805
1325.85	90.3148
1323.94	79.1408
1322.03	70.7075
1320.11	61.6945
1318.2	56.7391
1316.28	57.4271
1314.37	49.3578
1312.45	45.8773
1310.53	40.8236
1308.62	33.1249
1306.7	33.7503
1304.78	33.2504
1302.86	30.0668
1300.94	26.8401
1299.01	24.2585
1297.09	23.859
1295.17	19.6859
1293.24	22.2979
1291.32	21.7189
1289.39	26.9214
1287.47	24.0774
1285.54	18.8642
1283.61	15.4708
1281.68	13.4819
1279.76	10.0816
1277.83	10.0441
1275.9	5.00384
1273.96	4.31952
1272.03	4.9058
1270.1	0.940492
1268.17	-5.52763
1266.23	-5.68391
1264.3	-6.11883
1262.36	-3.19952
1260.42	-2.97018
1258.49	-4.4725
1256.55	-5.30387
1254.61	-4.27626
1252.67	-6.44446
1250.73	-4.57918
1248.79	-0.0890067
1246.85	5.94317
1244.91	11.8676
1242.96	16.782
1241.02	17.5468
1239.07	19.8465
1237.13	22.4538
1235.18	23.6831
1233.24	30.3959
1231.29	29.419
1229.34	29.328
1227.39	28.0389
1225.44	23.3306
1223.49	13.464
1221.54	6.12645
1219.59	3.6323
1217.63	-0.519751
1215.68	-6.68112
1213.73	-9.82267
1211.77	-16.5358
1209.81	-15.6258
1207.86	-18.0136
1205.9	-23.0118
1203.94	-20.8471
1201.98	-17.2009
1200.02	-13.8519
1198.06	-16.1171
1196.1	-10.8652
1194.14	-6.58259
1192.18	-7.91382
1190.21	-7.04675
1188.25	-4.47972
1186.29	-3.48355
1184.32	0.717381
1182.35	4.43342
1180.39	4.71904
1178.42	5.15762
1176.45	9.56945
1174.48	0.634652
1172.51	6.84843
1170.54	10.134
1168.57	9.11615
1166.6	4.06829
1164.62	3.75784
1162.65	0.283876
1160.67	-2.04492
1158.7	-3.1696
1156.72	-1.92256
1154.74	-4.66098
1152.77	-0.379405
1150.79	-7.54781
1148.81	-7.65496
1146.83	-6.65755
1144.85	-4.372
1142.87	-5.26208
1140.88	-4.18291
1138.9	-7.23111
1136.92	-7.08432
1134.93	-7.47959
1132.95	-10.1764
1130.96	-10.9119
1128.97	-10.5903
1126.99	-6.31227
1125	-5.02183
1123.01	2.04692
1121.02	5.03401
1119.03	8.39691
1117.04	15.8118
1115.04	23.6437
1113.05	26.8907
1111.06	37.6921
1109.06	45.9091
1107.07	58.6307
1105.07	66.5385
1103.08	80.0417
1101.08	88.5066
1099.08	97.0695
1097.08	108.913
1095.08	113.402
1093.08	121.301
1091.08	130.934
1089.08	139.794
1087.07	147.392
1085.07	152.895
1083.06	156.45
1081.06	154.737
1079.05	152.8
1077.05	158.319
1075.04	159.885
1073.03	164.598
1071.02	164.402
1069.01	163.935
1067	157.109
1064.99	153.512
1062.98	148.776
1060.96	143.093
1058.95	143.455
1056.93	142.775
1054.92	137.321
1052.9	134.684
1050.89	127.421
1048.87	127.97
1046.85	130.201
1044.83	136.441
1042.81	140.953
1040.79	146.785
1038.77	153.121
1036.75	153.962
1034.72	158.348
1032.7	166.37
1030.67	169.397
1028.65	176.934
1026.62	181.327
1024.59	185.992
1022.57	192.93
1020.54	202.961
1018.51	207.907
1016.48	219.121
1014.45	232.936
1012.42	247.796
1010.38	256.342
1008.35	269.712
1006.32	279.186
1004.28	288.024
1002.24	295.133
1000.21	299.473
998.171	302.403
996.133	304.573
994.094	308.371
992.054	311.902
990.013	311.252
987.972	314.791
985.93	314.062
983.888	324.248
981.843	333.439
979.799	338.227
977.754	348.931
975.708	357.55
973.661	371.856
971.614	375.219
969.565	382.313
967.516	389.416
965.466	398.524
963.415	408.739
961.364	413.411
959.312	416.089
957.258	424.918
955.204	428.479
953.15	429.144
951.094	431.905
949.038	435.959
946.98	434.75
944.923	433.099
942.864	431.772
940.804	426.69
938.744	421.758
936.683	419.973
934.621	418.467
932.558	416.023
930.495	413.556
928.43	406.509
926.365	403.935
924.299	398.883
922.233	393.125
920.165	387.828
918.096	383.242
916.028	377.088
913.957	369.261
911.887	359.637
909.815	345.627
907.743	334.14
905.669	325.946
903.595	314.548
901.521	308.858
899.445	304.603
897.369	297.459
895.292	296.979
893.214	297.166
891.135	293.699
889.055	294.166
886.975	297.898
884.894	302.162
882.812	304.001
880.729	308.513
878.646	312.009
876.561	314.362
874.475	319.701
872.389	322.665
870.303	322.49
868.215	323.175
866.126	321.075
864.037	317.067
861.947	316.415
859.856	314.305
857.764	311.013
855.671	308.08
853.578	309.919
851.484	304.804
849.389	300.825
847.293	299.809
845.196	300.391
843.099	297.069
841	301.892
838.901	297.726
836.801	291.936
834.701	291.656
832.599	288.02
830.496	273.495
828.393	264.846
826.29	253.305
824.184	239.142
822.079	221.142
819.972	210.287
817.865	191.231
815.757	179.421
813.648	172.953
811.538	153.059
809.428	138.462
807.316	129.312
805.204	117.87
803.091	108.323
800.977	101.901
798.863	95.6155
796.747	84.4021
794.631	73.3291
792.513	61.8791
790.395	47.6482
788.276	38.5634
786.157	28.8803
784.036	22.5173
781.915	16.1102
779.793	6.39218
777.669	-3.09437
775.546	-7.25169
773.421	-9.12925
771.296	-8.62459
769.169	-10.2413
767.042	-10.252
764.915	-7.69435
762.786	-5.57496
760.656	-5.4784
758.526	-2.72533
756.394	0.245101
754.262	6.42248
752.129	6.99615
749.995	6.46321
747.861	5.37703
745.725	12.868
743.588	16.4008
741.452	21.0202
739.314	23.2286
737.175	26.9839
735.035	27.6472
732.895	33.4989
730.753	33.7239
728.611	39.5035
726.469	53.2401
724.324	69.4989
722.18	85.6657
720.034	101.639
717.888	118.183
715.741	138.693
713.593	156.609
711.444	173.83
709.294	184.813
707.144	200.699
704.992	213.897
702.84	213.265
700.687	205.365
698.533	195.128
696.378	179.999
694.222	162.366
692.066	140.779
689.909	117.398
687.751	95.8792
685.592	79.3773
683.432	56.2126
681.271	31.0237
679.109	7.85632
676.947	-5.45482
674.784	-19.9752
672.62	-24.5979
670.455	-26.0892
668.289	-24.5439
666.122	-16.4967
663.955	-8.45466
661.787	2.54645
659.618	18.2454
657.448	35.3252
655.277	52.4737
653.104	72.9125
650.932	84.6405
648.759	96.1193
646.584	105.403
644.409	109.534
642.233	113.152
640.056	117.894
637.879	114.27
635.7	114.278
633.52	112.339
631.34	111.457
629.159	103.397
626.977	98.9472
624.794	92.7833
622.61	88.5971
620.426	81.9887
618.24	67.862
616.054	54.9469
613.867	41.935
611.679	26.4553
609.49	13.8022
607.301	7.2328
605.11	-0.463874
602.919	-4.42257
600.726	-9.04871
598.532	-15.3378
596.339	-11.6942
594.144	-2.28951
591.948	3.55778
589.751	20.1191
587.554	34.3204
585.355	49.6605
583.156	61.7222
580.956	79.7538
578.755	94.6634
576.553	109.776
574.35	128.82
572.147	144.34
569.943	162.392
567.737	180.037
565.531	194.293
563.323	211.237
561.116	228.495
558.907	244.451
