1674.54	255.67
1672.76	256.93
1670.98	247.518
1669.2	237.329
1667.42	228.359
1665.64	215.676
1663.85	206.895
1662.07	204.06
1660.28	199.813
1658.5	191.29
1656.71	184.99
1654.92	174.692
1653.14	171.804
1651.35	164.416
1649.56	157.888
1647.77	151.355
1645.98	151.692
1644.19	151.565
1642.4	142.938
1640.61	133.043
1638.81	126.966
1637.02	118.616
1635.22	112.272
1633.43	107.108
1631.63	100.496
1629.84	91.6564
1628.04	83.0909
1626.24	73.162
1624.44	62.8193
1622.64	54.122
1620.85	45.434
1619.04	38.6481
1617.24	30.5515
1615.44	19.3771
1613.64	11.6474
1611.84	8.79055
1610.03	11.2069
1608.23	6.99699
1606.42	3.74539
1604.62	-1.95923
1602.81	-3.29461
1601	-0.712206
1599.2	-3.80782
1597.39	-3.62303
1595.58	-0.106043
1593.77	0.633449
1591.96	5.42207
1590.15	3.03219
1588.33	1.07188
1586.52	0.884994
1584.71	1.65864
1582.89	0.210592
1581.08	2.35546
1579.26	9.32463
1577.45	21.8427
1575.63	38.1403
1573.81	60.6661
1571.99	84.5144
1570.18	113.508
1568.36	147.93
1566.54	182.13
1564.72	217.564
1562.89	256.238
1561.07	288.941
1559.25	315.194
1557.42	332.673
1555.6	354.527
1553.78	362.157
1551.95	356.979
1550.12	348.984
1548.3	337.14
1546.47	321.983
1544.64	302.094
1542.81	282.796
1540.98	261.736
1539.15	240.777
1537.32	220.191
1535.49	194.285
1533.65	168.208
1531.82	146.139
1529.99	125.307
1528.15	109.885
1526.32	93.3334
1524.48	76.5641
1522.64	59.7478
1520.81	45.666
1518.97	33.4082
1517.13	26.2049
1515.29	18.1393
1513.45	12.9039
1511.61	10.405
1509.77	9.40783
1507.92	5.37135
1506.08	1.70607
1504.24	1.0932
1502.39	-2.01806
1500.55	-9.07518
1498.7	-10.719
1496.86	-13.0933
1495.01	-15.8714
1493.16	-22.5024
1491.31	-25.9954
1489.46	-28.2641
1487.61	-29.5268
1485.76	-24.8803
1483.91	-25.4519
1482.06	-21.5258
1480.21	-12.5031
1478.35	-1.30314
1476.5	5.95152
1474.64	15.2037
1472.79	27.33
1470.93	39.1885
1469.07	48.6307
1467.22	58.1727
1465.36	65.3003
1463.5	72.9385
1461.64	78.9781
1459.78	83.3837
1457.92	85.9158
1456.05	86.9076
1454.19	90.0307
1452.33	93.7492
1450.46	93.193
1448.6	93.2234
1446.73	90.4384
1444.87	87.6454
1443	90.9887
1441.13	87.4204
1439.26	85.0778
1437.39	77.0897
1435.52	74.0536
1433.65	61.9713
1431.78	56.5136
1429.91	52.1448
1428.04	48.4001
1426.17	47.8379
1424.29	42.5422
1422.42	38.1882
1420.54	32.6536
1418.66	26.3843
1416.79	26.8757
1414.91	24.0868
1413.03	25.3876
1411.15	22.0839
1409.27	20.2706
1407.39	19.7608
1405.51	16.7895
1403.63	15.4018
1401.75	14.0434
1399.86	14
1397.98	17.6708
1396.09	14.5989
1394.21	14.1515
1392.32	11.469
1390.44	12.4516
1388.55	11.0583
1386.66	11.3692
1384.77	15.3497
1382.88	22.3603
1380.99	35.5271
1379.1	53.7337
1377.21	75.412
1375.31	103.483
1373.42	131.959
1371.53	169.358
1369.63	204.347
1367.74	238.784
1365.84	271.195
1363.94	302.773
1362.05	329.926
1360.15	348.917
1358.25	359.901
1356.35	361.585
1354.45	355.79
1352.55	342.609
1350.64	330.576
1348.74	308.614
1346.84	288.584
1344.93	265.161
1343.03	243.752
1341.12	217.406
1339.22	188.904
1337.31	164.962
1335.4	144.492
1333.49	127.45
1331.58	117.429
1329.67	100.054
1327.76	85.5269
1325.85	72.6952
1323.94	61.37
1322.03	49.2869
1320.11	41.2695
1318.2	35.6756
1316.28	33.3674
1314.37	31.1167
1312.45	23.4726
1310.53	17.3816
1308.62	11.7562
1306.7	17.1421
1304.78	14.4094
1302.86	11.2279
1300.94	8.64335
1299.01	11.0236
1297.09	11.9123
1295.17	9.9898
1293.24	8.29996
1291.32	9.94137
1289.39	8.5866
1287.47	8.78248
1285.54	3.56772
1283.61	7.13616
1281.68	8.7541
1279.76	10.0544
1277.83	8.2659
1275.9	7.84302
1273.96	4.74487
1272.03	1.55451
1270.1	-0.179162
1268.17	-1.0955
1266.23	-3.24103
1264.3	-5.34023
1262.36	-6.76543
1260.42	-5.46723
1258.49	-6.03492
1256.55	-6.42236
1254.61	-8.13251
1252.67	-5.06991
1250.73	-1.74058
1248.79	5.57778
1246.85	8.71485
1244.91	11.4373
1242.96	15.1523
1241.02	15.1774
1239.07	19.5956
1237.13	15.6503
1235.18	11.9248
1233.24	10.778
1231.29	9.3458
1229.34	6.90157
1227.39	-1.73658
1225.44	-5.88662
1223.49	-9.46086
1221.54	-13.0932
1219.59	-15.7832
1217.63	-26.9948
1215.68	-24.2167
1213.73	-22.5872
1211.77	-23.6567
1209.81	-27.1057
1207.86	-27.2113
1205.9	-23.5606
1203.94	-16.9769
1201.98	-16.3601
1200.02	-16.2179
1198.06	-10.0531
1196.1	-4.44777
1194.14	-1.41745
1192.18	5.50352
1190.21	8.31862
1188.25	10.1166
1186.29	11.9309
1184.32	13.6732
1182.35	10.7986
1180.39	12.3165
1178.42	12.1287
1176.45	10.542
1174.48	11.0251
1172.51	9.15994
1170.54	3.54015
1168.57	2.53456
1166.6	2.86964
1164.62	1.12512
1162.65	-1.74028
1160.67	-2.40845
1158.7	-4.32849
1156.72	-4.32401
1154.74	-4.17663
1152.77	-5.37548
1150.79	-8.24104
1148.81	-6.82103
1146.83	-3.25313
1144.85	-2.62025
1142.87	-5.88243
1140.88	-6.04663
1138.9	-6.74706
1136.92	-3.57072
1134.93	-2.24622
1132.95	-4.09867
1130.96	-5.2111
1128.97	-4.26773
1126.99	-5.00064
1125	-2.77827
1123.01	3.27836
1121.02	12.4346
1119.03	16.4639
1117.04	24.0411
1115.04	32.1239
1113.05	44.7579
1111.06	57.8508
1109.06	69.4555
1107.07	79.6136
1105.07	92.4143
1103.08	99.5761
1101.08	107.611
1099.08	119.415
1097.08	129.778
1095.08	139.048
1093.08	142.778
1091.08	148.23
1089.08	153.455
1087.07	158.691
1085.07	164.065
1083.06	164.166
1081.06	166.452
1079.05	168.737
1077.05	165.656
1075.04	167.894
1073.03	169.263
1071.02	172.186
1069.01	166.559
1067	164.517
1064.99	166.429
1062.98	161.577
1060.96	160.677
1058.95	158.501
1056.93	153.869
1054.92	153.324
1052.9	153.091
1050.89	151.851
1048.87	151.25
1046.85	153.788
1044.83	154.042
1042.81	152.338
1040.79	160.366
1038.77	165.388
1036.75	173.999
1034.72	185.427
1032.7	193.351
1030.67	200.541
1028.65	205.637
1026.62	215.138
1024.59	224.28
1022.57	234.908
1020.54	246.358
1018.51	258.074
1016.48	268.196
1014.45	275.951
1012.42	285.701
1010.38	296.448
1008.35	303.649
1006.32	315.526
1004.28	323.721
1002.24	330.232
1000.21	334.328
998.171	339.51
996.133	341.416
994.094	347.366
992.054	353.63
990.013	359.205
987.972	361.599
985.93	364.266
983.888	369.603
981.843	373.082
979.799	380.059
977.754	390.304
975.708	397.186
973.661	407.563
971.614	413.718
969.565	423.185
967.516	427.789
965.466	434.216
963.415	448.053
961.364	454.519
959.312	458.813
957.258	466.833
955.204	468.806
953.15	470.42
951.094	468.945
949.038	473.335
946.98	468.365
944.923	470.849
942.864	471.706
940.804	465.197
938.744	458.286
936.683	455.749
934.621	449.392
932.558	444.131
930.495	444.061
928.43	440.864
926.365	435.488
924.299	434.942
922.233	429.173
920.165	421.964
918.096	414.904
916.028	409.401
913.957	402.045
911.887	397.427
909.815	384.098
907.743	372.546
905.669	364.964
903.595	354.715
901.521	346.976
899.445	336.394
897.369	331.375
895.292	327.601
893.214	325.025
891.135	322.247
889.055	321.434
886.975	328.744
884.894	327.394
882.812	326.157
880.729	328.354
878.646	326.164
876.561	331.864
874.475	331.276
872.389	333.35
870.303	331.363
868.215	338.222
866.126	335.565
864.037	332.894
861.947	334.308
859.856	333.212
857.764	329.967
855.671	331.712
853.578	326.083
851.484	325.861
849.389	321.994
847.293	323.987
845.196	320.561
843.099	318.049
841	318.625
838.901	316.298
836.801	314.385
834.701	306.257
832.599	297.575
830.496	291.315
828.393	280.611
826.29	268.147
824.184	254.814
822.079	233.007
819.972	219.111
817.865	201.098
815.757	184.687
813.648	169.115
811.538	164.246
809.428	149.674
807.316	135.352
805.204	123.785
803.091	112.431
800.977	100.051
798.863	93.6231
796.747	82.6713
794.631	69.1717
792.513	56.9305
790.395	47.8599
788.276	33.8701
786.157	25.0197
784.036	21.5704
781.915	12.9464
779.793	9.05099
777.669	3.38387
775.546	3.08585
773.421	3.61294
771.296	3.93135
769.169	5.85325
767.042	5.469
764.915	7.96362
762.786	6.84957
760.656	2.83875
758.526	6.03955
756.394	9.12547
754.262	11.7419
752.129	8.97844
749.995	10.2866
747.861	12.6833
745.725	17.569
743.588	21.1338
741.452	24.6894
739.314	30.5753
737.175	38.1401
735.035	38.2619
732.895	41.8834
730.753	43.8846
728.611	50.0795
726.469	59.2771
724.324	80.8568
722.18	93.9562
720.034	108.318
717.888	124.522
715.741	142.797
713.593	159.155
711.444	183.969
709.294	199.412
707.144	215.587
704.992	225.314
702.84	220.265
700.687	206.349
698.533	197.44
696.378	181.374
694.222	163.259
692.066	143.298
689.909	120.776
687.751	93.3105
685.592	65.0135
683.432	41.4699
681.271	20.1911
679.109	3.31334
676.947	-11.5642
674.784	-24.4031
672.62	-27.7389
670.455	-33.4299
668.289	-30.0247
666.122	-26.147
663.955	-18.5716
661.787	-3.14783
659.618	7.48533
657.448	23.4209
655.277	38.7164
653.104	55.007
650.932	70.0578
648.759	79.1132
646.584	86.8615
644.409	91.5153
642.233	95.2754
640.056	97.9151
637.879	97.9806
635.7	94.2607
633.52	92.6955
631.34	93.1674
629.159	88.5841
626.977	83.1309
624.794	75.7774
622.61	69.2509
620.426	56.9593
618.24	47.1755
616.054	38.5505
613.867	26.6722
611.679	23.0053
609.49	13.689
607.301	5.08686
605.11	-1.33623
602.919	-3.44455
600.726	1.14064
598.532	8.37791
596.339	13.5463
594.144	17.3268
591.948	24.8148
589.751	34.6994
587.554	44.3034
585.355	57.2672
583.156	74.9083
580.956	89.8395
578.755	104.55
576.553	115.872
574.35	128.989
572.147	145.87
569.943	167.193
567.737	185.023
565.531	203.437
563.323	219.011
561.116	231.413
558.907	250.068
