1674.54	522.554
1672.76	515.22
1670.98	500.441
1669.2	489.565
1667.42	479.516
1665.64	467.116
1663.85	459.207
1662.07	448.471
1660.28	439.359
1658.5	426.277
1656.71	412.536
1654.92	398.317
1653.14	387.673
1651.35	370.912
1649.56	357.245
1647.77	340.053
1645.98	327.063
1644.19	310.066
1642.4	290.95
1640.61	275.746
1638.81	264.639
1637.02	248.31
1635.22	234.561
1633.43	219
1631.63	206.433
1629.84	181.716
1628.04	170.4
1626.24	154.847
1624.44	132.825
1622.64	118.653
1620.85	105.412
1619.04	89.5971
1617.24	79.0829
1615.44	65.2277
1613.64	54.9358
1611.84	46.5686
1610.03	43.9017
1608.23	35.4225
1606.42	24.735
1604.62	24.054
1602.81	21.516
1601	15.7963
1599.2	10.9902
1597.39	9.0905
1595.58	6.41915
1593.77	2.47227
1591.96	-2.79824
1590.15	-5.26342
1588.33	-9.78051
1586.52	-8.98642
1584.71	-12.3478
1582.89	-14.4533
1581.08	-11.9429
1579.26	-8.45095
1577.45	-9.4348
1575.63	-4.89944
1573.81	-0.336791
1571.99	5.01816
1570.18	10.6554
1568.36	19.6295
1566.54	26.3467
1564.72	38.7966
1562.89	46.9866
1561.07	50.6398
1559.25	53.3441
1557.42	60.958
1555.6	68.1159
1553.78	71.6003
1551.95	77.8983
1550.12	82.1894
1548.3	82.8411
1546.47	84.4444
1544.64	79.3052
1542.81	75.7047
1540.98	74.8176
1539.15	74.6448
1537.32	68.8645
1535.49	57.6559
1533.65	53.9762
1531.82	43.7722
1529.99	30.2741
1528.15	20.3862
1526.32	14.8335
1524.48	11.5694
1522.64	11.2764
1520.81	4.00057
1518.97	-5.48934
1517.13	-10.0585
1515.29	-9.61924
1513.45	-13.1719
1511.61	-13.5325
1509.77	-13.0673
1507.92	-10.5553
1506.08	-11.3624
1504.24	-13.9899
1502.39	-23.9783
1500.55	-22.5623
1498.7	-24.5959
1496.86	-25.688
1495.01	-26.2929
1493.16	-25.9035
1491.31	-28.4297
1489.46	-26.0167
1487.61	-23.0755
1485.76	-25.0079
1483.91	-22.7321
1482.06	-15.5567
1480.21	-11.1845
1478.35	-1.50405
1476.5	2.20272
1474.64	8.51216
1472.79	18.568
1470.93	33.6062
1469.07	46.7895
1467.22	51.3629
1465.36	66.5893
1463.5	74.0577
1461.64	85.4469
1459.78	88.5322
1457.92	98.7591
1456.05	108.639
1454.19	111.57
1452.33	109.914
1450.46	112.62
1448.6	107.287
1446.73	104.83
1444.87	102.361
1443	103.667
1441.13	96.4756
1439.26	95.7851
1437.39	91.3063
1435.52	88.9178
1433.65	86.1628
1431.78	86.6275
1429.91	76.4447
1428.04	75.4805
1426.17	75.8295
1424.29	74.884
1422.42	71.0636
1420.54	70.5554
1418.66	69.8467
1416.79	64.4381
1414.91	61.2386
1413.03	60.8841
1411.15	59.0084
1409.27	59.8911
1407.39	58.7023
1405.51	59.7186
1403.63	58.3867
1401.75	54.4472
1399.86	54.7998
1397.98	52.3071
1396.09	54.1045
1394.21	49.9673
1392.32	47.4305
1390.44	41.4583
1388.55	42.9487
1386.66	37.6826
1384.77	33.9728
1382.88	27.4517
1380.99	30.6683
1379.1	29.8035
1377.21	34.0357
1375.31	38.8154
1373.42	50.971
1371.53	58.2639
1369.63	72.8405
1367.74	82.3263
1365.84	100.545
1363.94	115.677
1362.05	130.45
1360.15	141.583
1358.25	153.455
1356.35	163.906
1354.45	168.36
1352.55	171.307
1350.64	171.802
1348.74	174.556
1346.84	170.809
1344.93	164.416
1343.03	160.288
1341.12	155.971
1339.22	151.327
1337.31	148.31
1335.4	141.281
1333.49	136.7
1331.58	126.927
1329.67	125.733
1327.76	120.973
1325.85	118.844
1323.94	116.109
1322.03	113.539
1320.11	113.498
1318.2	112.351
1316.28	111.097
1314.37	107.786
1312.45	107
1310.53	113.153
1308.62	109.154
1306.7	104.765
1304.78	102.271
1302.86	100.118
1300.94	95.7611
1299.01	90.4266
1297.09	87.3867
1295.17	81.326
1293.24	82.2431
1291.32	82.8146
1289.39	78.9055
1287.47	76.7549
1285.54	74.7562
1283.61	76.1861
1281.68	77.1353
1279.76	76.6977
1277.83	74.5981
1275.9	75.2379
1273.96	76.9461
1272.03	75.8491
1270.1	68.0003
1268.17	63.9835
1266.23	64.2141
1264.3	64.049
1262.36	65.982
1260.42	64.8434
1258.49	61.68
1256.55	63.0748
1254.61	59.9337
1252.67	61.5777
1250.73	61.6912
1248.79	67.2309
1246.85	68.7391
1244.91	72.258
1242.96	70.4274
1241.02	70.0072
1239.07	67.8802
1237.13	69.6321
1235.18	63.443
1233.24	62.076
1231.29	59.8506
1229.34	52.3698
1227.39	47.3523
1225.44	43.3443
1223.49	37.1587
1221.54	35.2151
1219.59	23.9598
1217.63	15.0806
1215.68	12.6155
1213.73	9.03194
1211.77	3.40235
1209.81	-3.17729
1207.86	-0.425444
1205.9	-2.12271
1203.94	-2.22059
1201.98	-5.98877
1200.02	-9.20671
1198.06	-5.00637
1196.1	0.0699543
1194.14	-0.308132
1192.18	7.28175
1190.21	9.3801
1188.25	11.7106
1186.29	13.225
1184.32	14.3437
1182.35	16.1018
1180.39	19.1018
1178.42	19.7461
1176.45	19.4817
1174.48	15.913
1172.51	14.5742
1170.54	8.83333
1168.57	9.09922
1166.6	2.05854
1164.62	-3.03057
1162.65	-7.74266
1160.67	-19.0384
1158.7	-22.1014
1156.72	-21.8427
1154.74	-24.8054
1152.77	-22.9828
1150.79	-23.3831
1148.81	-21.909
1146.83	-22.3867
1144.85	-20.8456
1142.87	-24.2086
1140.88	-23.3378
1138.9	-19.5411
1136.92	-19.5624
1134.93	-25.3926
1132.95	-29.9875
1130.96	-34.2566
1128.97	-38.0642
1126.99	-40.7724
1125	-42.93
1123.01	-38.213
1121.02	-34.8924
1119.03	-32.9727
1117.04	-28.8132
1115.04	-22.875
1113.05	-12.2864
1111.06	-4.91172
1109.06	3.79161
1107.07	12.8235
1105.07	19.0998
1103.08	24.7013
1101.08	29.5851
1099.08	36.2095
1097.08	41.9844
1095.08	53.9941
1093.08	57.0655
1091.08	59.4212
1089.08	62.432
1087.07	64.7285
1085.07	67.2622
1083.06	68.2719
1081.06	70.7476
1079.05	70.5089
1077.05	74.1015
1075.04	75.8941
1073.03	70.3775
1071.02	70.0194
1069.01	67.1345
1067	64.7691
1064.99	60.5575
1062.98	55.4501
1060.96	53.8668
1058.95	49.2514
1056.93	46.0174
1054.92	39.3444
1052.9	30.7406
1050.89	28.3337
1048.87	23.2222
1046.85	17.409
1044.83	18.8836
1042.81	23.0167
1040.79	28.8068
1038.77	34.3006
1036.75	35.5085
1034.72	43.5488
1032.7	46.029
1030.67	53.9454
1028.65	56.7905
1026.62	61.8474
1024.59	70.3443
1022.57	78.8098
1020.54	85.4392
1018.51	86.1435
1016.48	91.0971
1014.45	104.13
1012.42	108.413
1010.38	114.372
1008.35	122.038
1006.32	128.691
1004.28	134.789
1002.24	144.912
1000.21	146.747
998.171	148.295
996.133	155.199
994.094	157.406
992.054	159.459
990.013	163.047
987.972	168.268
985.93	173.291
983.888	182.211
981.843	193.629
979.799	203.572
977.754	217.108
975.708	230.684
973.661	244.972
971.614	255.904
969.565	264.555
967.516	272.384
965.466	281.441
963.415	288.401
961.364	295.533
959.312	299.892
957.258	298.929
955.204	297.781
953.15	295.18
951.094	291.438
949.038	291.019
946.98	292.279
944.923	288.275
942.864	290.405
940.804	288.311
938.744	284.853
936.683	273.546
934.621	272.779
932.558	267.974
930.495	267.63
928.43	259.932
926.365	253.468
924.299	245.871
922.233	245.83
920.165	238.747
918.096	235.405
916.028	225.984
913.957	229.124
911.887	218.683
909.815	213.252
907.743	206.238
905.669	203.518
903.595	199.403
901.521	195.528
899.445	188.802
897.369	183.276
895.292	181.125
893.214	179.18
891.135	174.887
889.055	179.023
886.975	180.497
884.894	178.854
882.812	180.688
880.729	186.269
878.646	193.187
876.561	194.682
874.475	199.837
872.389	199.058
870.303	204.851
868.215	208.717
866.126	205.383
864.037	204.619
861.947	205.658
859.856	205.859
857.764	209.126
855.671	203.062
853.578	201.082
851.484	200.262
849.389	201.611
847.293	201.851
845.196	199.948
843.099	206.759
841	206.018
838.901	208.628
836.801	207.774
834.701	199.725
832.599	195.902
830.496	193.21
828.393	188.549
826.29	179.93
824.184	170.525
822.079	161.215
819.972	144.391
817.865	133.435
815.757	119.601
813.648	108.447
811.538	95.4761
809.428	87.047
807.316	77.7552
805.204	68.6843
803.091	56.5321
800.977	43.2379
798.863	38.7631
796.747	32.6128
794.631	25.6038
792.513	18.957
790.395	9.36108
788.276	4.8161
786.157	0.0889701
784.036	-2.17707
781.915	-4.80532
779.793	-8.36624
777.669	-5.60795
775.546	-9.21014
773.421	-8.84361
771.296	-4.78896
769.169	-4.72004
767.042	0.768742
764.915	2.99594
762.786	4.77668
760.656	6.34155
758.526	4.6457
756.394	14.4693
754.262	17.6192
752.129	19.1504
749.995	22.1522
747.861	26.4788
745.725	33.238
743.588	32.3344
741.452	33.8564
739.314	38.7081
737.175	39.3094
735.035	45.4721
732.895	43.836
730.753	47.0348
728.611	51.2115
726.469	53.8181
724.324	49.6711
722.18	53.3107
720.034	58.6651
717.888	61.9512
715.741	60.7536
713.593	59.1792
711.444	56.3015
709.294	52.3662
707.144	51.215
704.992	44.3224
702.84	38.8198
700.687	35.4811
698.533	28.1541
696.378	15.1406
694.222	9.64337
692.066	-2.68651
689.909	-11.4358
687.751	-21.8947
685.592	-25.5961
683.432	-32.2365
681.271	-32.2953
679.109	-35.4154
676.947	-37.9604
674.784	-46.977
672.62	-43.8211
670.455	-47.0972
668.289	-42.3829
666.122	-32.05
663.955	-22.3248
661.787	-14.0222
659.618	-7.9206
657.448	-3.37492
655.277	8.42773
653.104	15.9555
650.932	32.4175
648.759	47.955
646.584	59.1278
644.409	67.7836
642.233	76.0575
640.056	79.3689
637.879	90.0666
635.7	97.71
633.52	105.438
631.34	104.969
629.159	111.808
626.977	108.498
624.794	104.853
622.61	101.113
620.426	95.7285
618.24	87.0479
616.054	82.0008
613.867	70.0621
611.679	54.3876
609.49	42.2053
607.301	34.5969
605.11	21.8808
602.919	15.0192
600.726	6.05009
598.532	3.34203
596.339	4.89607
594.144	2.34714
591.948	5.09961
589.751	8.83469
587.554	18.4281
585.355	28.5972
583.156	35.0684
580.956	47.4376
578.755	58.8387
576.553	70.3636
574.35	81.8266
572.147	94.3163
569.943	104.211
567.737	113.641
565.531	121.601
563.323	128.82
561.116	136.439
558.907	136.149
