1674.54	312.778
1672.76	310.164
1670.98	304.774
1669.2	300.845
1667.42	293.695
1665.64	285.756
1663.85	281.558
1662.07	270.583
1660.28	269.335
1658.5	260.54
1656.71	248.6
1654.92	242.437
1653.14	236.407
1651.35	230.915
1649.56	219.063
1647.77	211.755
1645.98	200.223
1644.19	191.04
1642.4	183.539
1640.61	170.261
1638.81	161.756
1637.02	152.38
1635.22	145.36
1633.43	132.434
1631.63	118.995
1629.84	108.605
1628.04	99.1644
1626.24	92.5868
1624.44	81.3629
1622.64	69.0004
1620.85	64.0394
1619.04	55.2077
1617.24	44.8245
1615.44	33.9362
1613.64	27.271
1611.84	22.1845
1610.03	18.0522
1608.23	10.6856
1606.42	9.35431
1604.62	6.74437
1602.81	7.3566
1601	1.95744
1599.2	-0.400474
1597.39	-2.58289
1595.58	-2.368
1593.77	-3.38692
1591.96	-7.05434
1590.15	-8.95509
1588.33	-6.18301
1586.52	-4.61189
1584.71	-5.63473
1582.89	-1.85598
1581.08	4.27757
1579.26	12.9893
1577.45	25.1029
1575.63	44.1892
1573.81	68.546
1571.99	99.7526
1570.18	134.039
1568.36	171.22
1566.54	208.385
1564.72	249.682
1562.89	282.332
1561.07	316.581
1559.25	344.86
1557.42	373.975
1555.6	387.495
1553.78	398.541
1551.95	398.114
1550.12	394.121
1548.3	379.751
1546.47	363.449
1544.64	343.032
1542.81	329.639
1540.98	306.596
1539.15	290.622
1537.32	268.491
1535.49	248.438
1533.65	219.869
1531.82	197.27
1529.99	170.572
1528.15	150.844
1526.32	127.047
1524.48	109.092
1522.64	83.3855
1520.81	67.0664
1518.97	48.4378
1517.13	28.7523
1515.29	12.6754
1513.45	8.35204
1511.61	3.49724
1509.77	0.308657
1507.92	-3.00008
1506.08	-4.6057
1504.24	-10.1466
1502.39	-11.1209
1500.55	-13.1261
1498.7	-18.5212
1496.86	-14.7652
1495.01	-14.1247
1493.16	-16.7459
1491.31	-19.0823
1489.46	-17.3544
1487.61	-13.7971
1485.76	-15.5843
1483.91	-10.0857
1482.06	-5.52794
1480.21	-0.915617
1478.35	8.5303
1476.5	11.2605
1474.64	22.6347
1472.79	29.5688
1470.93	41.6463
1469.07	53.3671
1467.22	59.7384
1465.36	71.0355
1463.5	82.3325
1461.64	95.001
1459.78	104.453
1457.92	110.865
1456.05	117.651
1454.19	118.213
1452.33	122.42
1450.46	116.265
1448.6	113.972
1446.73	113.276
1444.87	109.997
1443	101.62
1441.13	97.2409
1439.26	90.5961
1437.39	86.0846
1435.52	74.3089
1433.65	65.5329
1431.78	60.6115
1429.91	55.7863
1428.04	50.9023
1426.17	44.884
1424.29	42.9553
1422.42	42.3383
1420.54	34.033
1418.66	28.0914
1416.79	25.228
1414.91	30.3224
1413.03	32.7276
1411.15	30.0318
1409.27	31.9213
1407.39	28.3008
1405.51	24.946
1403.63	22.852
1401.75	18.1107
1399.86	16.0876
1397.98	13.8759
1396.09	11.1887
1394.21	7.26275
1392.32	1.55231
1390.44	-0.218236
1388.55	-1.68856
1386.66	-1.53507
1384.77	5.91655
1382.88	21.0227
1380.99	34.8026
1379.1	54.4322
1377.21	81.809
1375.31	113.25
1373.42	147.1
1371.53	189.366
1369.63	228.227
1367.74	262.485
1365.84	296.496
1363.94	329.161
1362.05	348.529
1360.15	371.788
1358.25	385.074
1356.35	390.469
1354.45	383.334
1352.55	374.896
1350.64	357.973
1348.74	334.936
1346.84	316.188
1344.93	298.412
1343.03	273.918
1341.12	245.8
1339.22	218.475
1337.31	196.97
1335.4	172.212
1333.49	154.876
1331.58	134.735
1329.67	118.65
1327.76	107.448
1325.85	97.6141
1323.94	81.7438
1322.03	69.7947
1320.11	64.0852
1318.2	57.6083
1316.28	46.684
1314.37	46.9031
1312.45	42.8085
1310.53	42.4043
1308.62	39.5946
1306.7	37.9285
1304.78	30.1304
1302.86	31.2466
1300.94	31.9534
1299.01	30.9387
1297.09	32.5577
1295.17	34.1828
1293.24	27.9873
1291.32	23.7911
1289.39	16.3216
1287.47	12.3493
1285.54	9.91807
1283.61	10.943
1281.68	8.50672
1279.76	7.01727
1277.83	7.75361
1275.9	1.84748
1273.96	-0.336897
1272.03	1.2923
1270.1	0.460241
1268.17	1.48904
1266.23	1.05062
1264.3	-0.305455
1262.36	1.59808
1260.42	1.99345
1258.49	1.28452
1256.55	-3.47686
1254.61	-4.79268
1252.67	-2.53664
1250.73	0.976486
1248.79	-1.96935
1246.85	3.70135
1244.91	5.13266
1242.96	8.18416
1241.02	8.126
1239.07	8.3736
1237.13	10.5535
1235.18	13.2252
1233.24	15.3345
1231.29	15.5532
1229.34	11.161
1227.39	14.0316
1225.44	6.92124
1223.49	3.87994
1221.54	-1.45458
1219.59	-7.03836
1217.63	-9.14931
1215.68	-16.8269
1213.73	-19.0284
1211.77	-18.4838
1209.81	-20.1944
1207.86	-21.7
1205.9	-20.776
1203.94	-19.1928
1201.98	-16.1401
1200.02	-12.6583
1198.06	-8.4747
1196.1	-6.32167
1194.14	-1.69564
1192.18	3.21784
1190.21	1.87582
1188.25	2.8631
1186.29	4.91343
1184.32	5.02296
1182.35	9.46346
1180.39	14.3664
1178.42	16.9691
1176.45	14.6334
1174.48	10.8553
1172.51	9.67652
1170.54	8.8224
1168.57	10.9385
1166.6	6.1564
1164.62	5.8785
1162.65	3.79617
1160.67	-1.5092
1158.7	-8.58291
1156.72	-13.4205
1154.74	-12.3383
1152.77	-11.973
1150.79	-12.1509
1148.81	-13.7804
1146.83	-11.5886
1144.85	-7.38474
1142.87	-8.35904
1140.88	-10.7782
1138.9	-7.24278
1136.92	-9.9725
1134.93	-13.3797
1132.95	-15.6516
1130.96	-13.9662
1128.97	-10.1477
1126.99	-9.73371
1125	-9.7792
1123.01	-5.09513
1121.02	1.63365
1119.03	13.3726
1117.04	18.381
1115.04	28.5326
1113.05	38.0514
1111.06	46.2945
1109.06	58.8031
1107.07	62.8579
1105.07	74.2313
1103.08	82.8271
1101.08	92.101
1099.08	100.778
1097.08	108.048
1095.08	116.318
1093.08	123.634
1091.08	135.128
1089.08	145.211
1087.07	152.649
1085.07	161.951
1083.06	165.566
1081.06	169.543
1079.05	171.965
1077.05	172.884
1075.04	174.752
1073.03	177.844
1071.02	182.613
1069.01	184.24
1067	180.186
1064.99	173.849
1062.98	167.009
1060.96	165.072
1058.95	158.767
1056.93	146.094
1054.92	142.543
1052.9	140.393
1050.89	135.056
1048.87	130.846
1046.85	131.353
1044.83	135.955
1042.81	141.637
1040.79	151.229
1038.77	159.94
1036.75	169.616
1034.72	186.379
1032.7	194.177
1030.67	201.512
1028.65	207.485
1026.62	218.489
1024.59	226.351
1022.57	234.891
1020.54	247.148
1018.51	260.082
1016.48	268.642
1014.45	280.978
1012.42	294.033
1010.38	306.361
1008.35	312.325
1006.32	326.696
1004.28	332.923
1002.24	337.689
1000.21	343.047
998.171	348.025
996.133	355.767
994.094	356.246
992.054	362.26
990.013	362.589
987.972	366.961
985.93	375.61
983.888	383.022
981.843	389.758
979.799	398.854
977.754	417.127
975.708	427.49
973.661	432.708
971.614	449.213
969.565	461.076
967.516	469.949
965.466	477.413
963.415	489.153
961.364	495.527
959.312	502.273
957.258	506.614
955.204	507.626
953.15	508.374
951.094	504.86
949.038	500.255
946.98	500.148
944.923	499.83
942.864	499.791
940.804	494.437
938.744	490.23
936.683	486.261
934.621	488.613
932.558	483.153
930.495	478.163
928.43	472.104
926.365	469.911
924.299	458.5
922.233	450.2
920.165	444.723
918.096	441.763
916.028	435.868
913.957	430.897
911.887	421.391
909.815	412.632
907.743	402.122
905.669	397.001
903.595	388.619
901.521	378.266
899.445	371.935
897.369	361.667
895.292	351.827
893.214	347.056
891.135	338.045
889.055	334.186
886.975	330.178
884.894	327.749
882.812	327.53
880.729	328.882
878.646	335.091
876.561	343.737
874.475	348.244
872.389	350.556
870.303	352.993
868.215	357.432
866.126	361.624
864.037	363.226
861.947	365.42
859.856	368.698
857.764	370.333
855.671	371.832
853.578	372.415
851.484	370.058
849.389	369.295
847.293	366.127
845.196	369.1
843.099	362.079
841	364.292
838.901	361.797
836.801	354.358
834.701	344.025
832.599	333.245
830.496	317.618
828.393	306.471
826.29	287.123
824.184	274.642
822.079	255.328
819.972	240.893
817.865	220.941
815.757	206.785
813.648	194.071
811.538	182.25
809.428	168.737
807.316	157.167
805.204	144.411
803.091	137.611
800.977	122.522
798.863	112.572
796.747	98.1599
794.631	84.4352
792.513	69.6156
790.395	53.5281
788.276	42.8943
786.157	33.1356
784.036	21.5229
781.915	15.333
779.793	5.8896
777.669	4.86517
775.546	-0.230162
773.421	2.46693
771.296	-1.17015
769.169	0.533999
767.042	0.771402
764.915	-3.9673
762.786	-7.12756
760.656	-6.07307
758.526	-4.39464
756.394	0.284692
754.262	0.271068
752.129	5.84521
749.995	2.74026
747.861	8.68617
745.725	7.41297
743.588	14.9652
741.452	19.7561
739.314	27.0614
737.175	28.2484
735.035	28.5868
732.895	33.4457
730.753	31.8786
728.611	34.2814
726.469	46.4859
724.324	63.6729
722.18	84.5774
720.034	102.251
717.888	119.338
715.741	139.678
713.593	161.949
711.444	178.687
709.294	193.156
707.144	209.966
704.992	218.785
702.84	214.985
700.687	202.244
698.533	189.2
696.378	172.277
694.222	152.154
692.066	130.095
689.909	105.358
687.751	88.6018
685.592	66.3891
683.432	48.2204
681.271	25.0581
679.109	8.44757
676.947	-8.00881
674.784	-21.7302
672.62	-28.3078
670.455	-24.9944
668.289	-23.3908
666.122	-17.4337
663.955	-14.4071
661.787	-1.24994
659.618	9.63125
657.448	23.5661
655.277	40.0042
653.104	58.3219
650.932	76.0028
648.759	91.102
646.584	102.63
644.409	110.222
642.233	116.527
640.056	123.814
637.879	125.174
635.7	123.988
633.52	127.98
631.34	125.248
629.159	123.61
626.977	115.619
624.794	105.859
622.61	88.8542
620.426	73.8709
618.24	61.451
616.054	46.6122
613.867	36.3422
611.679	22.5757
609.49	8.80752
607.301	1.63086
605.11	-5.54267
602.919	-6.69983
600.726	-13.8806
598.532	-11.3513
596.339	-4.70709
594.144	3.55671
591.948	13.9986
589.751	21.3386
587.554	36.4222
585.355	49.8753
583.156	64.7867
580.956	82.2631
578.755	93.1318
576.553	112.533
574.35	132.873
572.147	147.797
569.943	162.534
567.737	177.045
565.531	192.06
563.323	206.953
561.116	219.346
558.907	230.791
