1674.54	255.042
1672.76	251.017
1670.98	248.96
1669.2	247.482
1667.42	240.861
1665.64	235.153
1663.85	236.316
1662.07	228.703
1660.28	226.581
1658.5	212.828
1656.71	206.155
1654.92	205.797
1653.14	196.755
1651.35	188.386
1649.56	182.196
1647.77	179.232
1645.98	169.402
1644.19	162.279
1642.4	158.52
1640.61	147.796
1638.81	145.578
1637.02	135.94
1635.22	127.328
1633.43	120.719
1631.63	111.734
1629.84	97.0641
1628.04	86.8821
1626.24	76.562
1624.44	66.3098
1622.64	53.5974
1620.85	44.3287
1619.04	37.7291
1617.24	29.4407
1615.44	17.8668
1613.64	6.96513
1611.84	1.00085
1610.03	7.52517
1608.23	8.67387
1606.42	7.91052
1604.62	2.30872
1602.81	0.469239
1601	-1.56837
1599.2	-2.93949
1597.39	-2.27545
1595.58	-5.71345
1593.77	1.87214
1591.96	1.76156
1590.15	-2.64674
1588.33	-5.11468
1586.52	-1.63851
1584.71	-0.315095
1582.89	3.48828
1581.08	9.04357
1579.26	15.4416
1577.45	28.2304
1575.63	45.82
1573.81	58.6576
1571.99	80.5683
1570.18	104.773
1568.36	139.089
1566.54	168.347
1564.72	196.817
1562.89	224.221
1561.07	247.891
1559.25	270.581
1557.42	289.507
1555.6	304.151
1553.78	311.044
1551.95	313.362
1550.12	310.467
1548.3	299.81
1546.47	285.413
1544.64	270.397
1542.81	250.716
1540.98	234.458
1539.15	219.35
1537.32	202.12
1535.49	185.003
1533.65	169.089
1531.82	147.367
1529.99	126.666
1528.15	101.697
1526.32	92.0159
1524.48	79.6739
1522.64	65.1265
1520.81	51.4926
1518.97	36.8154
1517.13	24.064
1515.29	15.7301
1513.45	8.7763
1511.61	4.06607
1509.77	-1.49658
1507.92	-4.45726
1506.08	-12.009
1504.24	-12.367
1502.39	-10.7526
1500.55	-13.5419
1498.7	-16.687
1496.86	-20.0574
1495.01	-24.5133
1493.16	-23.5112
1491.31	-20.9541
1489.46	-15.7101
1487.61	-12.3217
1485.76	-11.1592
1483.91	-11.7209
1482.06	-7.91267
1480.21	-1.51289
1478.35	7.02553
1476.5	15.9306
1474.64	25.29
1472.79	29.6477
1470.93	38.8253
1469.07	45.5897
1467.22	54.0873
1465.36	65.7191
1463.5	75.4427
1461.64	85.2993
1459.78	97.7406
1457.92	102.137
1456.05	105.029
1454.19	107.01
1452.33	108.578
1450.46	108.408
1448.6	109.596
1446.73	112.049
1444.87	106.679
1443	106.025
1441.13	101.639
1439.26	95.282
1437.39	91.832
1435.52	89.9611
1433.65	82.6328
1431.78	78.0193
1429.91	75.3412
1428.04	66.6532
1426.17	60.5403
1424.29	62.9609
1422.42	60.4568
1420.54	60.3965
1418.66	55.5494
1416.79	56.9587
1414.91	51.1287
1413.03	56.2836
1411.15	59.6493
1409.27	60.3565
1407.39	65.0078
1405.51	65.0014
1403.63	59.2022
1401.75	55.43
1399.86	54.4077
1397.98	53.0074
1396.09	45.0848
1394.21	45.5976
1392.32	38.6286
1390.44	31.3219
1388.55	27.9362
1386.66	27.028
1384.77	30.0933
1382.88	39.4956
1380.99	50.8274
1379.1	59.0476
1377.21	76.7795
1375.31	102.077
1373.42	128.717
1371.53	157.139
1369.63	187.915
1367.74	215.024
1365.84	243.556
1363.94	264.789
1362.05	281.9
1360.15	298.024
1358.25	308.768
1356.35	312.653
1354.45	310.547
1352.55	304.947
1350.64	293.274
1348.74	278.609
1346.84	261.724
1344.93	238.894
1343.03	220.029
1341.12	202.931
1339.22	182.304
1337.31	166.228
1335.4	148.159
1333.49	136.365
1331.58	121.031
1329.67	108.621
1327.76	99.3505
1325.85	94.0796
1323.94	90.7244
1322.03	87.1928
1320.11	80.0247
1318.2	74.998
1316.28	74.6983
1314.37	77.7653
1312.45	74.6475
1310.53	71.8074
1308.62	75.4685
1306.7	75.1299
1304.78	71.604
1302.86	65.6721
1300.94	64.2323
1299.01	62.9752
1297.09	60.3075
1295.17	54.2227
1293.24	48.5401
1291.32	41.5823
1289.39	38.708
1287.47	31.1014
1285.54	27.4405
1283.61	25.225
1281.68	24.7358
1279.76	22.913
1277.83	20.2672
1275.9	19.9317
1273.96	19.1326
1272.03	14.6875
1270.1	14.9141
1268.17	15.3984
1266.23	12.5604
1264.3	11.0707
1262.36	6.02114
1260.42	5.5023
1258.49	1.19632
1256.55	0.0593977
1254.61	2.26692
1252.67	2.46351
1250.73	9.96134
1248.79	13.8502
1246.85	14.5882
1244.91	19.1811
1242.96	21.9799
1241.02	26.9451
1239.07	27.8021
1237.13	29.8222
1235.18	30.0972
1233.24	29.39
1231.29	26.6245
1229.34	19.2869
1227.39	14.2025
1225.44	12.4569
1223.49	12.0995
1221.54	8.58543
1219.59	0.052407
1217.63	-1.73687
1215.68	-4.13894
1213.73	-5.9287
1211.77	-11.8362
1209.81	-12.1745
1207.86	-9.94908
1205.9	-12.5203
1203.94	-16.8925
1201.98	-16.569
1200.02	-16.2687
1198.06	-9.94477
1196.1	-4.79254
1194.14	-2.07593
1192.18	0.433941
1190.21	5.41548
1188.25	10.1396
1186.29	11.5587
1184.32	18.0902
1182.35	16.9151
1180.39	12.2951
1178.42	8.96321
1176.45	8.86604
1174.48	1.01223
1172.51	-3.51134
1170.54	-6.97672
1168.57	-8.52516
1166.6	-11.9251
1164.62	-14.9501
1162.65	-22.5074
1160.67	-18.6403
1158.7	-20.2137
1156.72	-16.3255
1154.74	-17.3857
1152.77	-14.7037
1150.79	-12.1038
1148.81	-9.58568
1146.83	-11.197
1144.85	-14.3864
1142.87	-14.7979
1140.88	-12.6056
1138.9	-15.2722
1136.92	-13.6539
1134.93	-15.4435
1132.95	-18.6785
1130.96	-17.0926
1128.97	-15.5916
1126.99	-16.6734
1125	-14.8412
1123.01	-8.68125
1121.02	-5.15665
1119.03	-2.21169
1117.04	10.4131
1115.04	19.2767
1113.05	24.6468
1111.06	33.704
1109.06	40.6238
1107.07	48.5924
1105.07	58.3912
1103.08	68.5513
1101.08	76.5377
1099.08	82.5266
1097.08	88.2988
1095.08	89.7427
1093.08	95.7393
1091.08	105.422
1089.08	116.196
1087.07	119.661
1085.07	119.853
1083.06	125.59
1081.06	125.922
1079.05	130.709
1077.05	134.049
1075.04	144.751
1073.03	144.232
1071.02	144.804
1069.01	142.695
1067	138.084
1064.99	136.436
1062.98	136.745
1060.96	134.867
1058.95	133.723
1056.93	129.211
1054.92	131.474
1052.9	125.372
1050.89	127.004
1048.87	125.228
1046.85	128.406
1044.83	125.229
1042.81	128.323
1040.79	130.239
1038.77	134.194
1036.75	143.379
1034.72	147.073
1032.7	145.267
1030.67	153.005
1028.65	161.016
1026.62	170.17
1024.59	178.143
1022.57	191.531
1020.54	202.377
1018.51	216.454
1016.48	223.074
1014.45	230.15
1012.42	243.417
1010.38	257.784
1008.35	266.557
1006.32	274.651
1004.28	280.621
1002.24	288.131
1000.21	295.786
998.171	298.537
996.133	305.015
994.094	312.048
992.054	315.449
990.013	320.397
987.972	327.489
985.93	329.68
983.888	340.777
981.843	350.303
979.799	355.783
977.754	363.728
975.708	377.774
973.661	388.544
971.614	398.515
969.565	408.452
967.516	419.574
965.466	423.849
963.415	437.771
961.364	436.88
959.312	444.454
957.258	450.227
955.204	453.145
953.15	453.982
951.094	449.513
949.038	451.419
946.98	454.748
944.923	449.41
942.864	446.005
940.804	439.739
938.744	437.543
936.683	434.308
934.621	432.091
932.558	427.395
930.495	421.264
928.43	419.694
926.365	412.459
924.299	404.242
922.233	400.731
920.165	394.975
918.096	390.326
916.028	382.205
913.957	373.005
911.887	362.335
909.815	357.321
907.743	348.745
905.669	337.647
903.595	335.387
901.521	328.432
899.445	319.279
897.369	314.026
895.292	308.746
893.214	308.001
891.135	308.646
889.055	307.965
886.975	301.454
884.894	305.156
882.812	309.576
880.729	306.526
878.646	307.926
876.561	311.458
874.475	319.303
872.389	323.772
870.303	329.237
868.215	328.153
866.126	328.754
864.037	335.67
861.947	332.54
859.856	330.725
857.764	328.549
855.671	328.238
853.578	324.978
851.484	325.668
849.389	325.135
847.293	319.612
845.196	319.234
843.099	320.003
841	315.782
838.901	313.76
836.801	307.613
834.701	302.303
832.599	295.861
830.496	290.671
828.393	274.359
826.29	252.798
824.184	241.925
822.079	229.306
819.972	212.297
817.865	192.369
815.757	179.862
813.648	167.023
811.538	152.168
809.428	135.977
807.316	124.723
805.204	117.461
803.091	115.149
800.977	101.366
798.863	86.7128
796.747	75.464
794.631	67.7197
792.513	53.8696
790.395	45.1532
788.276	38.0299
786.157	29.1833
784.036	18.3793
781.915	8.76113
779.793	2.23638
777.669	3.22181
775.546	-0.63996
773.421	-0.0362096
771.296	-1.64142
769.169	1.17499
767.042	2.36991
764.915	4.26557
762.786	9.91276
760.656	13.7196
758.526	16.7794
756.394	18.7265
754.262	15.0655
752.129	19.7102
749.995	23.3393
747.861	27.5552
745.725	31.9828
743.588	36.222
741.452	38.5482
739.314	37.5106
737.175	39.0168
735.035	36.6662
732.895	37.1312
730.753	38.971
728.611	42.948
726.469	46.0237
724.324	61.5631
722.18	74.4743
720.034	82.5051
717.888	101.007
715.741	118.936
713.593	128.497
711.444	143.728
709.294	152.94
707.144	165.323
704.992	169.512
702.84	169.559
700.687	155.64
698.533	139.39
696.378	129.737
694.222	109.34
692.066	89.8584
689.909	70.5379
687.751	49.9415
685.592	35.2146
683.432	15.9105
681.271	-4.69021
679.109	-20.3238
676.947	-30.5167
674.784	-38.3237
672.62	-44.4321
670.455	-46.0078
668.289	-43.9134
666.122	-37.9525
663.955	-30.6384
661.787	-23.2406
659.618	-9.83945
657.448	4.98414
655.277	15.681
653.104	25.5288
650.932	38.4249
648.759	46.3366
646.584	56.2183
644.409	59.26
642.233	67.5122
640.056	75.2459
637.879	77.2349
635.7	78.1648
633.52	78.549
631.34	81.6137
629.159	82.8171
626.977	80.8347
624.794	78.2692
622.61	67.7589
620.426	60.2225
618.24	50.6029
616.054	39.5067
613.867	29.0668
611.679	19.9201
609.49	14.0847
607.301	4.6463
605.11	-3.84356
602.919	-11.0692
600.726	-16.1581
598.532	-9.79197
596.339	-5.13826
594.144	-2.83475
591.948	2.07677
589.751	9.64184
587.554	18.7723
585.355	27.1613
583.156	38.5367
580.956	50.6833
578.755	62.8659
576.553	76.365
574.35	83.4494
572.147	96.0892
569.943	112.288
567.737	126.536
565.531	139.784
563.323	153.288
561.116	171.416
558.907	192.581
