1674.54	96.9125
1672.76	111.843
1670.98	119.665
1669.2	126.638
1667.42	131.617
1665.64	135.805
1663.85	139.544
1662.07	144.159
1660.28	148.923
1658.5	151.654
1656.71	153.672
1654.92	149.07
1653.14	148.803
1651.35	146.731
1649.56	143.177
1647.77	140.957
1645.98	136.621
1644.19	135.979
1642.4	126.181
1640.61	115.581
1638.81	103.912
1637.02	96.0743
1635.22	94.1205
1633.43	88.7377
1631.63	80.8298
1629.84	71.2193
1628.04	65.4454
1626.24	55.5191
1624.44	43.8822
1622.64	42.4567
1620.85	36.3792
1619.04	33.3686
1617.24	29.8756
1615.44	21.3667
1613.64	15.2473
1611.84	10.7933
1610.03	9.50551
1608.23	6.96477
1606.42	9.05022
1604.62	4.16734
1602.81	-2.28009
1601	-2.46895
1599.2	-2.04105
1597.39	-7.31224
1595.58	-7.1429
1593.77	-6.03459
1591.96	-7.16428
1590.15	-4.8576
1588.33	-9.60832
1586.52	-11.2379
1584.71	-4.83182
1582.89	4.0591
1581.08	13.2085
1579.26	24.067
1577.45	43.0987
1575.63	61.7023
1573.81	85.572
1571.99	112.621
1570.18	140.424
1568.36	173.907
1566.54	205.835
1564.72	236.026
1562.89	268.114
1561.07	297.529
1559.25	318.933
1557.42	336.223
1555.6	349.017
1553.78	352.435
1551.95	357.071
1550.12	355.286
1548.3	348.632
1546.47	338.836
1544.64	324.3
1542.81	305.43
1540.98	282.284
1539.15	265.945
1537.32	244.235
1535.49	223.067
1533.65	198.58
1531.82	173.661
1529.99	153.422
1528.15	130.901
1526.32	112.237
1524.48	96.2043
1522.64	76.4391
1520.81	61.2152
1518.97	46.8345
1517.13	37.7718
1515.29	29.1114
1513.45	26.5891
1511.61	20.9685
1509.77	12.2019
1507.92	8.07152
1506.08	1.70677
1504.24	-4.39181
1502.39	-3.63221
1500.55	-5.87597
1498.7	-9.35654
1496.86	-14.8486
1495.01	-22.114
1493.16	-23.7548
1491.31	-23.8541
1489.46	-25.2303
1487.61	-23.6128
1485.76	-21.4098
1483.91	-13.9424
1482.06	-10.0742
1480.21	-2.39337
1478.35	3.1002
1476.5	11.2265
1474.64	25.3453
1472.79	30.6837
1470.93	37.7472
1469.07	51.116
1467.22	61.7556
1465.36	72.9354
1463.5	81.8299
1461.64	89.9003
1459.78	100.235
1457.92	108.293
1456.05	109.528
1454.19	110.57
1452.33	116.153
1450.46	119.773
1448.6	117.744
1446.73	116.299
1444.87	111.394
1443	107.971
1441.13	103.997
1439.26	93.9234
1437.39	89.881
1435.52	86.2005
1433.65	84.4605
1431.78	82.7059
1429.91	80.4427
1428.04	76.2635
1426.17	73.7089
1424.29	73.9197
1422.42	68.3895
1420.54	64.0768
1418.66	60.5309
1416.79	58.7348
1414.91	55.7091
1413.03	50.0736
1411.15	42.0159
1409.27	36.4875
1407.39	39.2635
1405.51	34.6662
1403.63	28.4211
1401.75	26.4335
1399.86	26.0663
1397.98	29.6414
1396.09	24.1539
1394.21	25.4272
1392.32	24.3206
1390.44	23.6558
1388.55	20.3371
1386.66	18.4445
1384.77	23.0401
1382.88	35.4802
1380.99	53.94
1379.1	71.3899
1377.21	90.3138
1375.31	118.675
1373.42	147.802
1371.53	177.669
1369.63	212.582
1367.74	247.121
1365.84	277.405
1363.94	306.764
1362.05	328.965
1360.15	339.688
1358.25	350.259
1356.35	352.083
1354.45	350.875
1352.55	345.641
1350.64	334.754
1348.74	321.107
1346.84	303.987
1344.93	283.613
1343.03	263.936
1341.12	240.776
1339.22	218.328
1337.31	192.663
1335.4	174.018
1333.49	152.796
1331.58	129.458
1329.67	112.048
1327.76	96.6961
1325.85	85.4091
1323.94	73.2248
1322.03	58.9242
1320.11	52.7717
1318.2	45.1409
1316.28	44.9317
1314.37	47.1421
1312.45	42.1903
1310.53	44.2974
1308.62	39.9697
1306.7	36.7349
1304.78	32.6066
1302.86	28.2643
1300.94	26.5693
1299.01	25.3328
1297.09	24.1595
1295.17	18.6264
1293.24	7.23735
1291.32	6.40389
1289.39	-1.15076
1287.47	4.57523
1285.54	2.21622
1283.61	4.2272
1281.68	5.97593
1279.76	4.91342
1277.83	3.93906
1275.9	6.01966
1273.96	6.83266
1272.03	5.38483
1270.1	3.43302
1268.17	2.12511
1266.23	-0.875455
1264.3	-1.5952
1262.36	-1.36738
1260.42	-2.72317
1258.49	-3.53003
1256.55	-6.61571
1254.61	-9.42875
1252.67	-5.70182
1250.73	-0.9212
1248.79	3.25921
1246.85	10.805
1244.91	8.93754
1242.96	8.06763
1241.02	7.73064
1239.07	12.1202
1237.13	13.9638
1235.18	15.5266
1233.24	18.9466
1231.29	17.8077
1229.34	14.1254
1227.39	9.43131
1225.44	7.72216
1223.49	10.0541
1221.54	8.6997
1219.59	5.10225
1217.63	0.490667
1215.68	-4.93969
1213.73	-5.70956
1211.77	-9.44587
1209.81	-15.1953
1207.86	-13.8149
1205.9	-11.6812
1203.94	-15.6528
1201.98	-19.458
1200.02	-20.5912
1198.06	-17.1122
1196.1	-13.5116
1194.14	-6.73984
1192.18	-1.99321
1190.21	3.42153
1188.25	6.00572
1186.29	7.48034
1184.32	8.34209
1182.35	12.7298
1180.39	15.8725
1178.42	18.317
1176.45	17.4124
1174.48	15.2608
1172.51	10.7735
1170.54	3.62075
1168.57	1.12337
1166.6	-0.299679
1164.62	0.977533
1162.65	1.77369
1160.67	-1.45357
1158.7	-2.47922
1156.72	-3.25381
1154.74	-8.14826
1152.77	-9.75311
1150.79	-10.151
1148.81	-12.3049
1146.83	-12.0417
1144.85	-11.0749
1142.87	-13.0488
1140.88	-18.6877
1138.9	-19.447
1136.92	-18.9218
1134.93	-15.6075
1132.95	-15.637
1130.96	-14.5217
1128.97	-14.7948
1126.99	-8.87782
1125	-10.2711
1123.01	-4.56325
1121.02	3.74474
1119.03	10.8936
1117.04	18.8217
1115.04	24.6686
1113.05	29.9339
1111.06	40.9856
1109.06	52.087
1107.07	65.5703
1105.07	71.2904
1103.08	82.3779
1101.08	90.2891
1099.08	95.7039
1097.08	106.45
1095.08	113.522
1093.08	118.33
1091.08	125.642
1089.08	129.779
1087.07	132.828
1085.07	139.199
1083.06	147.352
1081.06	151.009
1079.05	149.217
1077.05	150.245
1075.04	151.455
1073.03	150.31
1071.02	152.079
1069.01	151.937
1067	153.483
1064.99	155.663
1062.98	157.751
1060.96	152.894
1058.95	150.219
1056.93	149.96
1054.92	149.652
1052.9	148.069
1050.89	149.219
1048.87	149.278
1046.85	152.378
1044.83	153.663
1042.81	157.622
1040.79	153.542
1038.77	161.19
1036.75	165.024
1034.72	173.855
1032.7	179.959
1030.67	185.425
1028.65	190.393
1026.62	198.768
1024.59	206.546
1022.57	213.146
1020.54	221.599
1018.51	236.743
1016.48	246.924
1014.45	258.703
1012.42	269.022
1010.38	278.571
1008.35	289.164
1006.32	304.664
1004.28	315.44
1002.24	321.756
1000.21	329.67
998.171	330.483
996.133	335.065
994.094	339.693
992.054	340.78
990.013	345.948
987.972	351.619
985.93	359.513
983.888	363.039
981.843	366.481
979.799	370.104
977.754	377.73
975.708	387.127
973.661	390.839
971.614	396.28
969.565	409.951
967.516	415.71
965.466	422.699
963.415	425.371
961.364	431.54
959.312	432.358
957.258	437.722
955.204	444.991
953.15	443.221
951.094	444.547
949.038	446.555
946.98	446.151
944.923	445.572
942.864	438.231
940.804	435.525
938.744	429.868
936.683	429.134
934.621	425.309
932.558	420.436
930.495	419.581
928.43	416.095
926.365	409.661
924.299	402.277
922.233	393.541
920.165	392.816
918.096	431.196
916.028	428.901
913.957	424.445
911.887	421.449
909.815	411.284
907.743	404.95
905.669	398.676
903.595	391.599
901.521	382.219
899.445	377.81
897.369	369.282
895.292	321.712
893.214	313.56
891.135	308.345
889.055	305.548
886.975	303.279
884.894	303.797
882.812	305.385
880.729	309.861
878.646	313.727
876.561	317.387
874.475	322.079
872.389	322.019
870.303	323.216
868.215	326.669
866.126	327.053
864.037	329.882
861.947	329.237
859.856	327.808
857.764	324.91
855.671	322.231
853.578	317.268
851.484	316.521
849.389	316.993
847.293	312.691
845.196	309.787
843.099	304.288
841	298.468
838.901	295.596
836.801	289.001
834.701	280.411
832.599	270.23
830.496	259.238
828.393	247.924
826.29	236.75
824.184	224.679
822.079	211.208
819.972	197.242
817.865	182.114
815.757	168.708
813.648	155.235
811.538	145.868
809.428	136.388
807.316	126.975
805.204	115.26
803.091	102.111
800.977	92.9433
798.863	79.1707
796.747	69.6002
794.631	59.7047
792.513	42.1029
790.395	32.67
788.276	22.677
786.157	12.3632
784.036	6.53897
781.915	-3.65111
779.793	-10.9835
777.669	-14.0928
775.546	-10.6992
773.421	-9.53221
771.296	-8.40122
769.169	-2.35167
767.042	-0.749488
764.915	-0.184925
762.786	3.40046
760.656	5.08735
758.526	9.43515
756.394	12.6183
754.262	11.7775
752.129	13.498
749.995	9.84062
747.861	11.0311
745.725	9.65976
743.588	10.9586
741.452	11.6571
739.314	14.9849
737.175	15.9904
735.035	14.1821
732.895	13.9165
730.753	17.5626
728.611	19.4334
726.469	28.3161
724.324	46.2923
722.18	63.8723
720.034	82.6113
717.888	99.922
715.741	119.239
713.593	140.324
711.444	164.765
709.294	181.424
707.144	194.075
704.992	202.036
702.84	205.99
700.687	195.572
698.533	182.787
696.378	165.282
694.222	150.911
692.066	128.591
689.909	105.973
687.751	82.8142
685.592	63.2707
683.432	41.2989
681.271	16.2641
679.109	-3.52684
676.947	-19.1392
674.784	-25.4036
672.62	-31.7198
670.455	-33.8601
668.289	-30.6783
666.122	-28.5339
663.955	-19.1627
661.787	-10.3131
659.618	0.880366
657.448	19.9602
655.277	34.1111
653.104	47.8408
650.932	56.2733
648.759	66.9283
646.584	70.7583
644.409	70.1336
642.233	73.4181
640.056	70.7939
637.879	73.9523
635.7	82.6703
633.52	82.0011
631.34	81.4041
629.159	77.655
626.977	74.5704
624.794	72.1571
622.61	65.3826
620.426	63.2009
618.24	56.7442
616.054	47.8939
613.867	33.5487
611.679	16.4859
609.49	7.90752
607.301	3.12286
605.11	-1.76099
602.919	-6.88388
600.726	-8.5625
598.532	-6.59303
596.339	-2.66778
594.144	2.36048
591.948	14.5451
589.751	25.4813
587.554	38.6742
585.355	57.3451
583.156	69.9147
580.956	86.7644
578.755	101.391
576.553	116.882
574.35	134.346
572.147	153.186
569.943	171.009
567.737	186.747
565.531	205.78
563.323	220.953
561.116	240.368
558.907	262.186
