1674.54	315.201
1672.76	311.487
1670.98	309.287
1669.2	305.322
1667.42	299.263
1665.64	291.837
1663.85	286.571
1662.07	281.935
1660.28	269.799
1658.5	259.299
1656.71	250.52
1654.92	243.608
1653.14	237.371
1651.35	229.315
1649.56	224.215
1647.77	215.658
1645.98	209.146
1644.19	202.358
1642.4	190.202
1640.61	184.41
1638.81	177.844
1637.02	167.092
1635.22	157.74
1633.43	146.611
1631.63	134.568
1629.84	123.519
1628.04	112.562
1626.24	99.8717
1624.44	91.7625
1622.64	83.6078
1620.85	75.2178
1619.04	63.9585
1617.24	58.0541
1615.44	49.3309
1613.64	41.9104
1611.84	32.9449
1610.03	23.6071
1608.23	18.4868
1606.42	15.7696
1604.62	6.26817
1602.81	3.39538
1601	-0.624731
1599.2	-3.51079
1597.39	-7.41265
1595.58	-5.18781
1593.77	-8.7906
1591.96	-7.94501
1590.15	-5.51963
1588.33	-7.23914
1586.52	-7.52052
1584.71	0.867287
1582.89	1.01755
1581.08	6.56114
1579.26	18.637
1577.45	34.7424
1575.63	53.3228
1573.81	75.6309
1571.99	105.469
1570.18	135.02
1568.36	174.194
1566.54	212.581
1564.72	244.36
1562.89	281.362
1561.07	311.549
1559.25	338.35
1557.42	359.302
1555.6	370.159
1553.78	380.406
1551.95	380.541
1550.12	376.928
1548.3	366.43
1546.47	350.004
1544.64	332.916
1542.81	313.352
1540.98	293.18
1539.15	276.48
1537.32	253.216
1535.49	236.386
1533.65	209.54
1531.82	183.712
1529.99	160.458
1528.15	137.896
1526.32	122.264
1524.48	106.292
1522.64	87.0734
1520.81	74.4165
1518.97	56.4972
1517.13	45.0616
1515.29	28.777
1513.45	24.1562
1511.61	19.4194
1509.77	12.9293
1507.92	8.13406
1506.08	-2.14546
1504.24	-8.91107
1502.39	-10.6536
1500.55	-15.0237
1498.7	-17.5582
1496.86	-19.2177
1495.01	-19.3126
1493.16	-23.3935
1491.31	-19.8284
1489.46	-16.2458
1487.61	-16.0595
1485.76	-12.0885
1483.91	-11.7853
1482.06	-6.11211
1480.21	-5.0172
1478.35	0.85561
1476.5	1.51622
1474.64	13.5405
1472.79	26.169
1470.93	29.9908
1469.07	36.8624
1467.22	47.0187
1465.36	54.7736
1463.5	66.6726
1461.64	70.303
1459.78	81.7575
1457.92	90.1199
1456.05	97.5885
1454.19	96.1869
1452.33	94.383
1450.46	96.4926
1448.6	94.9248
1446.73	95.6242
1444.87	97.8711
1443	99.8428
1441.13	98.0973
1439.26	93.8453
1437.39	86.0895
1435.52	81.3379
1433.65	77.2189
1431.78	72.328
1429.91	66.8865
1428.04	66.3474
1426.17	61.8934
1424.29	57.7052
1422.42	48.8291
1420.54	46.727
1418.66	40.7086
1416.79	40.6795
1414.91	35.1524
1413.03	30.5212
1411.15	29.8831
1409.27	27.9173
1407.39	26.0753
1405.51	24.6746
1403.63	17.586
1401.75	15.8496
1399.86	14.6009
1397.98	10.9828
1396.09	2.98253
1394.21	4.56463
1392.32	4.40128
1390.44	3.81372
1388.55	0.442659
1386.66	1.36498
1384.77	2.08763
1382.88	15.6547
1380.99	32.5631
1379.1	57.7294
1377.21	91.1915
1375.31	123.823
1373.42	155.222
1371.53	194.077
1369.63	231.8
1367.74	271.289
1365.84	309.927
1363.94	343.053
1362.05	366.11
1360.15	381.599
1358.25	388.696
1356.35	385.77
1354.45	383.137
1352.55	373.889
1350.64	359.922
1348.74	341.475
1346.84	321.867
1344.93	298.223
1343.03	278.733
1341.12	258.981
1339.22	232.034
1337.31	205.998
1335.4	184.071
1333.49	160.432
1331.58	143.309
1329.67	123.009
1327.76	106.683
1325.85	95.0033
1323.94	78.918
1322.03	64.0291
1320.11	55.2335
1318.2	51.3717
1316.28	47.3799
1314.37	46.0798
1312.45	45.927
1310.53	42.0113
1308.62	35.7856
1306.7	32.8803
1304.78	29.526
1302.86	31.5838
1300.94	32.8288
1299.01	30.2567
1297.09	27.8782
1295.17	25.9089
1293.24	21.8519
1291.32	17.5711
1289.39	18.8825
1287.47	23.651
1285.54	26.19
1283.61	28.9551
1281.68	24.2212
1279.76	19.5314
1277.83	16.4739
1275.9	14.467
1273.96	10.138
1272.03	10.2114
1270.1	7.97001
1268.17	6.80548
1266.23	-2.35946
1264.3	-4.71764
1262.36	-8.9487
1260.42	-10.9974
1258.49	-9.10139
1256.55	-4.58244
1254.61	-0.927801
1252.67	-0.592471
1250.73	2.5433
1248.79	5.1753
1246.85	6.51979
1244.91	14.316
1242.96	15.5484
1241.02	16.2265
1239.07	20.394
1237.13	19.2745
1235.18	14.4541
1233.24	11.7169
1231.29	11.0619
1229.34	6.61131
1227.39	7.42237
1225.44	3.62478
1223.49	0.853108
1221.54	-0.435852
1219.59	-7.59705
1217.63	-12.6017
1215.68	-16.4843
1213.73	-21.7057
1211.77	-22.084
1209.81	-23.1136
1207.86	-24.7103
1205.9	-24.4252
1203.94	-24.7462
1201.98	-27.3613
1200.02	-29.8672
1198.06	-22.3884
1196.1	-16.7086
1194.14	-11.5973
1192.18	-5.55115
1190.21	-0.397146
1188.25	4.46638
1186.29	10.3018
1184.32	11.9311
1182.35	13.4921
1180.39	19.5719
1178.42	19.6735
1176.45	19.7422
1174.48	15.6492
1172.51	10.8932
1170.54	11.9203
1168.57	7.51131
1166.6	5.48563
1164.62	2.92464
1162.65	-0.707773
1160.67	-0.233288
1158.7	-4.24588
1156.72	-4.51296
1154.74	-5.86127
1152.77	-8.82551
1150.79	-2.87224
1148.81	-7.90683
1146.83	-10.243
1144.85	-8.9787
1142.87	-9.06851
1140.88	-7.23498
1138.9	-7.02699
1136.92	-8.21308
1134.93	-10.0243
1132.95	-9.467
1130.96	-6.43871
1128.97	-8.22825
1126.99	-3.23232
1125	1.91153
1123.01	6.60557
1121.02	6.49271
1119.03	10.7047
1117.04	15.3345
1115.04	23.0666
1113.05	32.7614
1111.06	38.8691
1109.06	49.9838
1107.07	57.6057
1105.07	64.281
1103.08	72.6871
1101.08	79.2827
1099.08	89.4772
1097.08	95.4957
1095.08	101.611
1093.08	111.819
1091.08	117.535
1089.08	125.39
1087.07	126.435
1085.07	131.436
1083.06	134.896
1081.06	139.177
1079.05	145.232
1077.05	147.388
1075.04	150.773
1073.03	157.25
1071.02	156.048
1069.01	155.537
1067	150.982
1064.99	147.755
1062.98	147.474
1060.96	143.158
1058.95	138.61
1056.93	131.243
1054.92	131.199
1052.9	130.11
1050.89	123.886
1048.87	124.571
1046.85	126.535
1044.83	130.142
1042.81	135.071
1040.79	138.586
1038.77	145.652
1036.75	149.769
1034.72	157.84
1032.7	163.23
1030.67	168.349
1028.65	176.655
1026.62	181.867
1024.59	190.495
1022.57	203.482
1020.54	217.524
1018.51	223.525
1016.48	231.206
1014.45	245.392
1012.42	257.304
1010.38	265.089
1008.35	272.743
1006.32	284.848
1004.28	292.782
1002.24	300.078
1000.21	302.103
998.171	305.22
996.133	310.804
994.094	312.349
992.054	313.388
990.013	313.022
987.972	317.391
985.93	323.401
983.888	328.132
981.843	335.968
979.799	337.447
977.754	347.43
975.708	351.877
973.661	363.64
971.614	375.061
969.565	381.803
967.516	388.463
965.466	395.811
963.415	404.394
961.364	409.206
959.312	415.026
957.258	427.773
955.204	429.752
953.15	432.611
951.094	434.153
949.038	437.894
946.98	437.287
944.923	437.509
942.864	432.836
940.804	424.352
938.744	418.515
936.683	416.004
934.621	406.734
932.558	402.297
930.495	401.38
928.43	396.743
926.365	389.945
924.299	387.986
922.233	382.863
920.165	383.122
918.096	381.723
916.028	373.797
913.957	364.062
911.887	356.721
909.815	348.438
907.743	339.358
905.669	329.208
903.595	324.99
901.521	317.071
899.445	310.996
897.369	303.352
895.292	296.875
893.214	294.923
891.135	293.813
889.055	294.552
886.975	292.276
884.894	294.89
882.812	298.534
880.729	300.436
878.646	301.468
876.561	302.944
874.475	304.956
872.389	308.276
870.303	309.224
868.215	310.248
866.126	314.763
864.037	316.87
861.947	312.878
859.856	307.608
857.764	298.563
855.671	299.514
853.578	298.647
851.484	295.554
849.389	296.502
847.293	295.957
845.196	296.18
843.099	286.82
841	283.467
838.901	283.349
836.801	280.968
834.701	281.421
832.599	273.012
830.496	264.212
828.393	255.426
826.29	242.831
824.184	229.794
822.079	210.232
819.972	197.957
817.865	188.201
815.757	175.64
813.648	163.241
811.538	149.594
809.428	137.701
807.316	126.382
805.204	115.91
803.091	104.967
800.977	93.1913
798.863	84.8173
796.747	76.8327
794.631	59.7523
792.513	48.0621
790.395	37.64
788.276	27.9877
786.157	18.1055
784.036	12.3104
781.915	11.1018
779.793	4.35573
777.669	0.706765
775.546	-0.713468
773.421	-4.80901
771.296	-3.98113
769.169	-5.55803
767.042	-8.21072
764.915	-9.03026
762.786	-4.06484
760.656	-3.08173
758.526	-11.8504
756.394	-10.4137
754.262	-10.5871
752.129	-12.3304
749.995	-11.0461
747.861	-4.32767
745.725	-2.80091
743.588	2.30646
741.452	7.44731
739.314	9.12196
737.175	12.1578
735.035	18.8358
732.895	21.5548
730.753	29.0044
728.611	36.5445
726.469	48.4026
724.324	58.9912
722.18	80.6746
720.034	101.515
717.888	122.647
715.741	138.789
713.593	156.873
711.444	179.664
709.294	200.438
707.144	216.062
704.992	227.267
702.84	229.681
700.687	225.903
698.533	211.152
696.378	194.627
694.222	176.815
692.066	159.869
689.909	141.114
687.751	118.531
685.592	93.8679
683.432	71.6232
681.271	49.5301
679.109	28.5836
676.947	9.25548
674.784	0.98688
672.62	-5.58138
670.455	-10.5288
668.289	-7.67707
666.122	-1.97339
663.955	1.76649
661.787	11.7352
659.618	24.065
657.448	41.6244
655.277	59.6032
653.104	76.1006
650.932	88.5005
648.759	98.7356
646.584	110.442
644.409	117.07
642.233	121.313
640.056	125.497
637.879	126.028
635.7	126.269
633.52	120.774
631.34	114.912
629.159	111.821
626.977	99.2327
624.794	94.1384
622.61	82.8295
620.426	70.6675
618.24	56.4245
616.054	39.7583
613.867	27.0149
611.679	15.1993
609.49	5.19554
607.301	-1.09844
605.11	-9.53738
602.919	-12.836
600.726	-15.4683
598.532	-12.8661
596.339	-11.3439
594.144	-4.13073
591.948	9.56438
589.751	19.7747
587.554	33.8239
585.355	47.7711
583.156	60.6525
580.956	76.4427
578.755	95.1389
576.553	110.281
574.35	120.84
572.147	139.269
569.943	153.436
567.737	168.499
565.531	184.426
563.323	198.535
561.116	214.874
558.907	230.761
