1674.54	604.747
1672.76	581.388
1670.98	559.535
1669.2	540.107
1667.42	523.15
1665.64	503.56
1663.85	494.469
1662.07	477.224
1660.28	458.091
1658.5	439.932
1656.71	426.482
1654.92	415.64
1653.14	400.314
1651.35	383.408
1649.56	369.234
1647.77	353.149
1645.98	339.809
1644.19	322.086
1642.4	305.821
1640.61	287.737
1638.81	269.824
1637.02	253.855
1635.22	236.727
1633.43	219.458
1631.63	203.12
1629.84	185.797
1628.04	170.315
1626.24	158.261
1624.44	141.13
1622.64	124.697
1620.85	111.779
1619.04	98.8136
1617.24	86.1263
1615.44	73.9
1613.64	61.9934
1611.84	51.8559
1610.03	43.3441
1608.23	37.3632
1606.42	29.5567
1604.62	21.8772
1602.81	16.0491
1601	8.4326
1599.2	4.38085
1597.39	0.307312
1595.58	-2.42896
1593.77	-0.100959
1591.96	-0.391003
1590.15	-6.39492
1588.33	-13.667
1586.52	-19.613
1584.71	-20.5522
1582.89	-22.622
1581.08	-18.418
1579.26	-15.0859
1577.45	-14.0709
1575.63	-5.11765
1573.81	-0.168223
1571.99	3.64144
1570.18	13.2564
1568.36	24.8092
1566.54	34.393
1564.72	44.8175
1562.89	55.9982
1561.07	66.9271
1559.25	70.1037
1557.42	75.5729
1555.6	74.8653
1553.78	74.7202
1551.95	82.2216
1550.12	85.7315
1548.3	81.7042
1546.47	81.1357
1544.64	75.4313
1542.81	69.0923
1540.98	64.9245
1539.15	67.301
1537.32	64.4508
1535.49	55.7744
1533.65	52.3584
1531.82	45.0588
1529.99	36.7493
1528.15	34.8793
1526.32	29.4908
1524.48	28.2644
1522.64	26.157
1520.81	15.5228
1518.97	6.48999
1517.13	5.57118
1515.29	3.31082
1513.45	1.10412
1511.61	-1.18387
1509.77	-5.72738
1507.92	-14.9897
1506.08	-21.2459
1504.24	-24.3703
1502.39	-25.3056
1500.55	-22.8731
1498.7	-22.7629
1496.86	-24.1588
1495.01	-23.8238
1493.16	-27.3165
1491.31	-28.82
1489.46	-26.146
1487.61	-21.0228
1485.76	-13.3718
1483.91	-11.556
1482.06	-4.89549
1480.21	1.01933
1478.35	6.55159
1476.5	9.79627
1474.64	19.7417
1472.79	28.9377
1470.93	40.5616
1469.07	55.9702
1467.22	66.5906
1465.36	72.7237
1463.5	82.8689
1461.64	91.4288
1459.78	94.9614
1457.92	105.813
1456.05	112.409
1454.19	117.961
1452.33	122.975
1450.46	124.441
1448.6	120.134
1446.73	119.607
1444.87	125.121
1443	123.768
1441.13	120.135
1439.26	123.366
1437.39	115.174
1435.52	112.707
1433.65	111.451
1431.78	108.87
1429.91	101.324
1428.04	100.351
1426.17	104.091
1424.29	101.765
1422.42	104.333
1420.54	103.521
1418.66	102.279
1416.79	103.02
1414.91	102.65
1413.03	96.0261
1411.15	93.3789
1409.27	100.294
1407.39	96.5955
1405.51	95.8571
1403.63	90.8237
1401.75	84.8928
1399.86	82.023
1397.98	80.9808
1396.09	78.4995
1394.21	78.9372
1392.32	78.2082
1390.44	77.1228
1388.55	71.3539
1386.66	71.5977
1384.77	66.9769
1382.88	67.9999
1380.99	64.9845
1379.1	70.6888
1377.21	69.6697
1375.31	77.0116
1373.42	83.0818
1371.53	95.3294
1369.63	113.029
1367.74	127.23
1365.84	140.066
1363.94	152.352
1362.05	162.316
1360.15	177.278
1358.25	185.952
1356.35	196.124
1354.45	200.465
1352.55	199.937
1350.64	200.753
1348.74	197.095
1346.84	193.928
1344.93	192.022
1343.03	183.607
1341.12	181.397
1339.22	173.133
1337.31	167.884
1335.4	160.534
1333.49	153.756
1331.58	152.689
1329.67	144.874
1327.76	136.943
1325.85	130.946
1323.94	126.198
1322.03	129.887
1320.11	126.369
1318.2	130.375
1316.28	129.715
1314.37	129.494
1312.45	132.335
1310.53	134.376
1308.62	134.899
1306.7	137.208
1304.78	136.493
1302.86	132.569
1300.94	129.11
1299.01	128.897
1297.09	123.427
1295.17	116.47
1293.24	116.439
1291.32	113.918
1289.39	106.323
1287.47	108.695
1285.54	107.257
1283.61	102.116
1281.68	106.663
1279.76	102.362
1277.83	97.888
1275.9	97.2908
1273.96	97.0229
1272.03	93.8979
1270.1	90.3736
1268.17	89.6825
1266.23	83.2667
1264.3	76.1799
1262.36	78.4684
1260.42	72.303
1258.49	70.3356
1256.55	66.5133
1254.61	64.149
1252.67	64.4243
1250.73	62.256
1248.79	63.0903
1246.85	66.66
1244.91	65.9681
1242.96	65.5569
1241.02	68.9149
1239.07	66.8792
1237.13	65.7592
1235.18	72.4132
1233.24	72.7561
1231.29	64.879
1229.34	61.734
1227.39	56.3638
1225.44	48.2686
1223.49	43.7248
1221.54	42.0506
1219.59	31.2397
1217.63	27.9351
1215.68	24.9118
1213.73	15.1555
1211.77	10.087
1209.81	4.07916
1207.86	-1.29012
1205.9	-4.52943
1203.94	-1.7191
1201.98	-0.674336
1200.02	-3.94395
1198.06	-1.20965
1196.1	0.165505
1194.14	2.31613
1192.18	5.33657
1190.21	7.76914
1188.25	12.4907
1186.29	20.4819
1184.32	25.7023
1182.35	24.2886
1180.39	23.8377
1178.42	23.0788
1176.45	20.319
1174.48	20.3812
1172.51	19.0846
1170.54	15.3398
1168.57	10.1914
1166.6	10.5969
1164.62	4.68148
1162.65	-4.54312
1160.67	-9.44595
1158.7	-12.0684
1156.72	-12.5468
1154.74	-12.3852
1152.77	-14.0381
1150.79	-17.544
1148.81	-17.4973
1146.83	-19.1669
1144.85	-18.6523
1142.87	-20.3986
1140.88	-20.542
1138.9	-23.4517
1136.92	-27.2637
1134.93	-30.6579
1132.95	-35.0005
1130.96	-41.3338
1128.97	-40.3864
1126.99	-42.6564
1125	-40.5516
1123.01	-42.3027
1121.02	-40.8596
1119.03	-36.3583
1117.04	-34.6584
1115.04	-28.0417
1113.05	-20.0947
1111.06	-14.6792
1109.06	-8.74689
1107.07	-7.39557
1105.07	-3.07376
1103.08	1.75755
1101.08	4.60868
1099.08	9.97048
1097.08	17.7972
1095.08	28.2838
1093.08	35.7356
1091.08	40.6133
1089.08	41.1075
1087.07	42.6678
1085.07	49.4213
1083.06	53.1497
1081.06	54.3051
1079.05	55.3933
1077.05	56.4958
1075.04	49.9821
1073.03	46.5762
1071.02	43.9585
1069.01	37.9593
1067	36.6708
1064.99	35.5868
1062.98	29.3823
1060.96	25.7486
1058.95	20.6392
1056.93	13.8329
1054.92	8.27082
1052.9	4.64708
1050.89	0.818255
1048.87	-6.12399
1046.85	-7.12697
1044.83	-6.82868
1042.81	-3.5509
1040.79	-0.242318
1038.77	4.86234
1036.75	9.77863
1034.72	12.8721
1032.7	17.169
1030.67	23.1354
1028.65	28.3592
1026.62	30.8025
1024.59	35.6387
1022.57	42.2347
1020.54	42.8658
1018.51	46.757
1016.48	47.0441
1014.45	52.0051
1012.42	62.103
1010.38	69.1404
1008.35	72.9467
1006.32	80.241
1004.28	89.4472
1002.24	96.8222
1000.21	100.242
998.171	104.115
996.133	107.707
994.094	115.886
992.054	122.968
990.013	126.919
987.972	129.002
985.93	139.763
983.888	143.705
981.843	152.922
979.799	157.957
977.754	170.677
975.708	188.766
973.661	201.717
971.614	212.492
969.565	219.455
967.516	231.201
965.466	243.5
963.415	249.985
961.364	258.022
959.312	260.204
957.258	266.986
955.204	269.407
953.15	267.2
951.094	267.641
949.038	266.546
946.98	267.829
944.923	271.166
942.864	267.611
940.804	268.111
938.744	265.13
936.683	263.212
934.621	260.713
932.558	257.818
930.495	257.396
928.43	256.58
926.365	257.19
924.299	251.098
922.233	239.115
920.165	235.425
918.096	226.843
916.028	223.512
913.957	222.518
911.887	215.597
909.815	208.692
907.743	200.945
905.669	187.817
903.595	177.888
901.521	175.08
899.445	173.077
897.369	170.64
895.292	169.367
893.214	165.394
891.135	162.036
889.055	157.988
886.975	158.328
884.894	157.743
882.812	162.286
880.729	160.949
878.646	163.093
876.561	168.953
874.475	172.619
872.389	174.5
870.303	176.464
868.215	182.139
866.126	189.268
864.037	195.104
861.947	202.071
859.856	206.171
857.764	211.582
855.671	213.164
853.578	214.236
851.484	215.621
849.389	218.183
847.293	221.652
845.196	222.198
843.099	220.295
841	213.792
838.901	206.148
836.801	201.185
834.701	192.817
832.599	184.074
830.496	178.963
828.393	170.035
826.29	155.611
824.184	143.678
822.079	126.429
819.972	116.269
817.865	104.162
815.757	94.1393
813.648	86.5703
811.538	79.2816
809.428	74.5379
807.316	64.2918
805.204	54.9173
803.091	50.9605
800.977	43.4588
798.863	35.6946
796.747	30.3352
794.631	24.08
792.513	16.8236
790.395	10.1117
788.276	10.6317
786.157	1.70722
784.036	-5.12212
781.915	-10.6689
779.793	-12.5772
777.669	-14.1125
775.546	-10.0953
773.421	-7.6213
771.296	-5.0878
769.169	-0.0940073
767.042	1.04295
764.915	-0.728979
762.786	5.92451
760.656	9.49682
758.526	17.1681
756.394	23.1178
754.262	29.9857
752.129	34.3141
749.995	35.4253
747.861	42.4989
745.725	45.3555
743.588	48.3141
741.452	51.6413
739.314	57.1102
737.175	62.5476
735.035	61.8134
732.895	57.6781
730.753	56.3205
728.611	54.3808
726.469	60.7614
724.324	64.6942
722.18	67.5022
720.034	70.3228
717.888	75.5096
715.741	73.6111
713.593	72.5431
711.444	74.9868
709.294	77.5322
707.144	78.8537
704.992	76.5922
702.84	65.5153
700.687	54.6238
698.533	45.9172
696.378	33.7707
694.222	19.8877
692.066	7.05871
689.909	-1.40035
687.751	-11.996
685.592	-22.5412
683.432	-34.7679
681.271	-42.1727
679.109	-46.0789
676.947	-45.7131
674.784	-48.026
672.62	-45.8779
670.455	-45.5972
668.289	-36.5006
666.122	-30.0886
663.955	-20.0451
661.787	-6.13466
659.618	7.59522
657.448	16.8255
655.277	30.5443
653.104	34.9919
650.932	45.1566
648.759	61.902
646.584	76.8748
644.409	84.7409
642.233	91.8296
640.056	95.9093
637.879	99.6529
635.7	104.843
633.52	112.026
631.34	116.051
629.159	122.069
626.977	126.07
624.794	122.412
622.61	116.74
620.426	108.69
618.24	101.162
616.054	95.7979
613.867	82.9557
611.679	70.2667
609.49	55.4734
607.301	40.6838
605.11	26.2787
602.919	11.661
600.726	0.690845
598.532	-6.5837
596.339	-6.56992
594.144	-9.72505
591.948	-8.64754
589.751	-0.694882
587.554	9.4025
585.355	17.5175
583.156	25.8082
580.956	33.5679
578.755	44.4167
576.553	49.1313
574.35	56.2962
572.147	58.6366
569.943	63.6124
567.737	63.5497
565.531	61.7417
563.323	60.5993
561.116	59.3848
558.907	61.8843
