1674.54	246.539
1672.76	239.274
1670.98	236.911
1669.2	233.15
1667.42	229.43
1665.64	227.4
1663.85	226.093
1662.07	227.884
1660.28	221.61
1658.5	217.445
1656.71	214.71
1654.92	210.765
1653.14	208.422
1651.35	202.47
1649.56	195.764
1647.77	192.432
1645.98	186.894
1644.19	180.465
1642.4	169.455
1640.61	163.564
1638.81	153.421
1637.02	144.978
1635.22	138.094
1633.43	125.048
1631.63	117.613
1629.84	109.152
1628.04	98.2049
1626.24	85.0976
1624.44	76.4615
1622.64	66.9771
1620.85	60.4671
1619.04	53.3444
1617.24	44.6937
1615.44	35.6983
1613.64	31.263
1611.84	25.8478
1610.03	23.2254
1608.23	19.2541
1606.42	15.8536
1604.62	12.1932
1602.81	4.37271
1601	-0.980399
1599.2	-3.08296
1597.39	-4.30293
1595.58	-4.09807
1593.77	-3.74448
1591.96	-2.41584
1590.15	-2.61454
1588.33	-0.706212
1586.52	0.135662
1584.71	6.71375
1582.89	11.7272
1581.08	16.0272
1579.26	27.2031
1577.45	42.4885
1575.63	61.0546
1573.81	77.9609
1571.99	102.382
1570.18	129.639
1568.36	161.954
1566.54	194.614
1564.72	219.285
1562.89	249.119
1561.07	281.936
1559.25	307.854
1557.42	327.053
1555.6	343.635
1553.78	352.92
1551.95	354.624
1550.12	351.251
1548.3	335.8
1546.47	320.279
1544.64	305.535
1542.81	290.076
1540.98	268.853
1539.15	246.369
1537.32	226.989
1535.49	199.759
1533.65	175.502
1531.82	150.339
1529.99	130.42
1528.15	110.196
1526.32	93.7575
1524.48	77.0091
1522.64	60.8621
1520.81	48.221
1518.97	33.727
1517.13	19.6093
1515.29	10.593
1513.45	7.22506
1511.61	4.04953
1509.77	-2.07261
1507.92	-0.456292
1506.08	-2.73683
1504.24	-4.0106
1502.39	-4.04989
1500.55	-11.4436
1498.7	-15.1884
1496.86	-17.2495
1495.01	-18.2585
1493.16	-18.9023
1491.31	-21.399
1489.46	-19.6645
1487.61	-23.5151
1485.76	-20.8148
1483.91	-18.7913
1482.06	-16.9918
1480.21	-10.9578
1478.35	1.48738
1476.5	8.85076
1474.64	18.5752
1472.79	23.7564
1470.93	37.8078
1469.07	43.3147
1467.22	52.5131
1465.36	62.662
1463.5	70.4511
1461.64	77.3313
1459.78	86.0766
1457.92	87.954
1456.05	88.7021
1454.19	89.8971
1452.33	89.6869
1450.46	88.9646
1448.6	90.2042
1446.73	88.4429
1444.87	88.0324
1443	88.1225
1441.13	82.8957
1439.26	77.4804
1437.39	74.0134
1435.52	69.8219
1433.65	65.438
1431.78	65.9571
1429.91	56.5596
1428.04	54.1076
1426.17	50.8375
1424.29	42.1452
1422.42	40.8475
1420.54	40.5515
1418.66	39.836
1416.79	36.4753
1414.91	36.4743
1413.03	35.3663
1411.15	28.5681
1409.27	25.4449
1407.39	23.8484
1405.51	23.9701
1403.63	23.9002
1401.75	18.6724
1399.86	14.4385
1397.98	11.6876
1396.09	9.60674
1394.21	9.42045
1392.32	3.9009
1390.44	1.64351
1388.55	5.32003
1386.66	2.06802
1384.77	9.11025
1382.88	18.7696
1380.99	29.4562
1379.1	50.9019
1377.21	76.544
1375.31	105.079
1373.42	137.196
1371.53	171.192
1369.63	210.46
1367.74	243.165
1365.84	271.721
1363.94	298.243
1362.05	318.293
1360.15	338.684
1358.25	346.917
1356.35	347.211
1354.45	338.167
1352.55	326.586
1350.64	314.664
1348.74	301.16
1346.84	281.909
1344.93	268.545
1343.03	249.413
1341.12	228.254
1339.22	202.344
1337.31	180.08
1335.4	157.421
1333.49	143.555
1331.58	123.159
1329.67	107.181
1327.76	89.1203
1325.85	76.942
1323.94	66.5399
1322.03	56.6037
1320.11	46.7784
1318.2	38.7391
1316.28	32.2091
1314.37	27.2358
1312.45	22.9493
1310.53	24.4935
1308.62	23.9958
1306.7	19.4613
1304.78	16.7086
1302.86	16.0009
1300.94	9.21098
1299.01	7.97777
1297.09	9.38508
1295.17	8.20712
1293.24	11.2121
1291.32	14.1254
1289.39	11.9534
1287.47	10.9616
1285.54	12.9306
1283.61	15.2182
1281.68	10.1427
1279.76	7.98155
1277.83	10.8614
1275.9	9.37811
1273.96	11.2124
1272.03	8.58502
1270.1	4.68104
1268.17	3.0963
1266.23	-2.266
1264.3	-4.63454
1262.36	-10.2344
1260.42	-8.29486
1258.49	-5.49434
1256.55	-7.93112
1254.61	-5.60164
1252.67	-4.68931
1250.73	-0.876182
1248.79	0.11004
1246.85	-0.587315
1244.91	4.33999
1242.96	6.20993
1241.02	11.3906
1239.07	9.83259
1237.13	10.8524
1235.18	12.1346
1233.24	10.9476
1231.29	7.5223
1229.34	1.85335
1227.39	-4.18807
1225.44	-5.51613
1223.49	-10.2768
1221.54	-15.4131
1219.59	-19.0235
1217.63	-19.6045
1215.68	-23.5196
1213.73	-22.2763
1211.77	-23.0929
1209.81	-23.9232
1207.86	-22.1858
1205.9	-16.6905
1203.94	-12.7623
1201.98	-9.3093
1200.02	-4.01321
1198.06	-1.46525
1196.1	-3.02647
1194.14	2.74883
1192.18	1.00011
1190.21	2.95669
1188.25	8.52774
1186.29	12.8441
1184.32	14.8647
1182.35	13.5446
1180.39	14.3786
1178.42	16.4566
1176.45	15.2402
1174.48	17.3653
1172.51	16.7718
1170.54	16.3383
1168.57	13.0587
1166.6	5.5244
1164.62	0.270621
1162.65	0.622171
1160.67	-0.503026
1158.7	-2.70642
1156.72	-4.03877
1154.74	-5.66617
1152.77	-6.59739
1150.79	-9.51977
1148.81	-11.6976
1146.83	-10.2721
1144.85	-4.69494
1142.87	-7.60434
1140.88	-16.097
1138.9	-18.2129
1136.92	-17.0511
1134.93	-21.7427
1132.95	-18.696
1130.96	-17.5916
1128.97	-18.3874
1126.99	-15.6738
1125	-13.2732
1123.01	-9.09332
1121.02	-2.80835
1119.03	5.17192
1117.04	11.8857
1115.04	16.4646
1113.05	29.276
1111.06	36.5936
1109.06	47.1014
1107.07	57.528
1105.07	67.8717
1103.08	76.0806
1101.08	83.2953
1099.08	90.1541
1097.08	99.2458
1095.08	113.157
1093.08	123.438
1091.08	125.674
1089.08	126.511
1087.07	132.527
1085.07	137.367
1083.06	138.484
1081.06	140.106
1079.05	140
1077.05	146.715
1075.04	144.846
1073.03	142.604
1071.02	143.182
1069.01	142.633
1067	140.911
1064.99	140.63
1062.98	139.809
1060.96	140.175
1058.95	136.999
1056.93	136.957
1054.92	133.775
1052.9	135.918
1050.89	132.467
1048.87	125.062
1046.85	126.973
1044.83	134.435
1042.81	135.115
1040.79	137.982
1038.77	141.302
1036.75	148.358
1034.72	156.815
1032.7	158.87
1030.67	163.969
1028.65	171.386
1026.62	182.398
1024.59	191.176
1022.57	202.177
1020.54	210.592
1018.51	222.462
1016.48	232.104
1014.45	245.339
1012.42	250.303
1010.38	263.545
1008.35	274.967
1006.32	286.526
1004.28	298.77
1002.24	304.512
1000.21	305.438
998.171	311.226
996.133	311.289
994.094	318.216
992.054	320.961
990.013	326.258
987.972	332.552
985.93	339.665
983.888	342.464
981.843	346.673
979.799	355.021
977.754	365.697
975.708	375.508
973.661	389.321
971.614	395.734
969.565	402.017
967.516	414.71
965.466	420.955
963.415	424.935
961.364	429.378
959.312	434.639
957.258	435.183
955.204	437.276
953.15	438.872
951.094	435.023
949.038	438.545
946.98	436.082
944.923	429.848
942.864	426.625
940.804	422.73
938.744	421.213
936.683	415.429
934.621	415.11
932.558	412.119
930.495	409.546
928.43	406.175
926.365	397.314
924.299	396.062
922.233	395.547
920.165	391.324
918.096	386.301
916.028	381.658
913.957	376.984
911.887	367.921
909.815	356.739
907.743	342.116
905.669	335.741
903.595	330.524
901.521	325.325
899.445	315.601
897.369	310.583
895.292	307.137
893.214	305.619
891.135	301.085
889.055	304.574
886.975	308.096
884.894	312.919
882.812	312.27
880.729	311.334
878.646	309.925
876.561	312.867
874.475	315.022
872.389	314.123
870.303	312.755
868.215	315.787
866.126	314.849
864.037	312.864
861.947	311.097
859.856	309.601
857.764	309.373
855.671	309.412
853.578	311.305
851.484	306.204
849.389	309.827
847.293	306.819
845.196	303.991
843.099	301.164
841	302.525
838.901	299.305
836.801	295.231
834.701	289.124
832.599	281.609
830.496	261.293
828.393	248.131
826.29	229.112
824.184	215.283
822.079	201.477
819.972	186.13
817.865	164.313
815.757	149.416
813.648	133.593
811.538	122.198
809.428	111.601
807.316	109.721
805.204	98.423
803.091	90.9701
800.977	84.3151
798.863	74.3335
796.747	65.8353
794.631	58.7507
792.513	48.3791
790.395	42.4585
788.276	36.2553
786.157	28.1871
784.036	18.7554
781.915	19.3794
779.793	17.0492
777.669	14.4942
775.546	12.5873
773.421	5.78213
771.296	2.99324
769.169	4.44087
767.042	-1.18175
764.915	-4.38448
762.786	-9.74631
760.656	-8.04615
758.526	-8.41226
756.394	-8.38961
754.262	-8.11334
752.129	-9.93887
749.995	-3.95791
747.861	-0.12207
745.725	2.65558
743.588	9.48194
741.452	15.2484
739.314	22.6136
737.175	16.9816
735.035	17.2119
732.895	15.2671
730.753	14.0988
728.611	18.0803
726.469	29.9216
724.324	45.1946
722.18	59.6147
720.034	76.703
717.888	91.8578
715.741	110.892
713.593	135.661
711.444	150.42
709.294	172.484
707.144	185.776
704.992	197.699
702.84	189.341
700.687	180.981
698.533	167.345
696.378	155.081
694.222	136.135
692.066	113.061
689.909	94.0973
687.751	72.381
685.592	47.8528
683.432	26.3563
681.271	4.29104
679.109	-9.65482
676.947	-24.8805
674.784	-29.6681
672.62	-35.6057
670.455	-35.9047
668.289	-32.9288
666.122	-28.7259
663.955	-20.1454
661.787	-14.5056
659.618	0.103335
657.448	16.0037
655.277	32.3363
653.104	52.1083
650.932	58.9936
648.759	67.0009
646.584	74.1827
644.409	83.1703
642.233	85.2037
640.056	93.1036
637.879	97.9203
635.7	102.691
633.52	103.34
631.34	99.8722
629.159	91.5129
626.977	87.7748
624.794	81.2875
622.61	73.5168
620.426	62.2781
618.24	52.0332
616.054	41.6959
613.867	33.4048
611.679	20.2947
609.49	8.93062
607.301	0.762997
605.11	-2.4783
602.919	-4.05787
600.726	-2.02038
598.532	-0.490702
596.339	3.93807
594.144	14.2261
591.948	21.1561
589.751	32.7677
587.554	45.1683
585.355	64.0834
583.156	85.5578
580.956	98.4332
578.755	117.832
576.553	132.132
574.35	144.75
572.147	160.089
569.943	175.335
567.737	190.926
565.531	202.728
563.323	211.576
561.116	219.773
558.907	238.119
